  #time	ai	proti	chi2	massp                                                                                                                                                                              
   7850.0051999999996        1.2916342000000001E-002   16.774893902398031        99.748274356833335        2.0000000000000000     
   2100.0052000000001        1.2051086000000001E-002   16.996612288970468        99.726757329749134        1.5000000000000000     
   1300.0052000000001        1.3414644000000000E-002   13.599720897745787        99.049981340501148        3.0000000000000000     
   9000.0051999999996        1.0206913999999999E-002   15.862911457467167        98.994343176906114        1.0000000000000000     
   7950.0051999999996        1.2927317000000001E-002   16.754503301642504        98.454965141753945        2.0000000000000000     
   1000.0051999999999        1.1963118999999999E-002   16.982884660937518        98.329791740832789       0.50000000000000000     
   4900.0051999999996        1.3004791000000000E-002   13.291648958277584        98.201704986690416        3.0000000000000000     
   1450.0052000000001        1.3242853000000001E-002   13.456277290527085        98.194084759351739        3.0000000000000000     
   900.00521000000003        1.3073585000000000E-002   16.662728780681949        97.931293154326681       0.50000000000000000     
   800.00521000000003        1.2776811000000001E-002   13.180510538122549        97.849429085759510        1.5000000000000000     
   780.00521000000003        1.3675916000000000E-002   13.961331210591911        97.188185072548080        1.0000000000000000     
   760.00522000000001        1.3684992999999999E-002   13.984184830786182        96.777049518749706       0.50000000000000000     
   1050.0052000000001        1.0399989000000000E-002   13.857201459446387        96.650594870871075        1.0000000000000000     
   5950.0051999999996        1.3513650000000000E-002   16.254787208691610        96.640683260763609        2.5000000000000000     
   600.00521000000003        1.2674621000000000E-002   13.154036733196797        96.567344936705382       0.50000000000000000     
   1650.0052000000001        1.3734016999999999E-002   15.922836994582900        96.461080034909386        2.5000000000000000     
   1900.0052000000001        1.3588070000000001E-002   16.155628676436596        96.436101258068163        2.5000000000000000     
   3800.0052000000001        1.3543896999999999E-002   16.212872558095665        96.366946634500806        2.5000000000000000     
   1550.0052000000001        1.3168342000000000E-002   16.577855074090063        96.366241464146768        2.0000000000000000     
   800.00521000000003        1.2608909000000000E-002   13.133631545147415        96.352532361783858        1.5000000000000000     
   4550.0051999999996        1.0670783000000000E-002   13.556568102919726        96.257837544297502        1.5000000000000000     
   3450.0052000000001        1.3910184000000001E-002   15.442253548917698        96.109782347758852        3.0000000000000000     
   1750.0052000000001        1.3625297999999999E-002   16.089466033312370        95.713248115911753        2.5000000000000000     
   2400.0052000000001        1.3943815000000000E-002   15.222334259344569        95.696236663294300        3.0000000000000000     
   1250.0052000000001        1.3682316000000000E-002   14.003719406173770        95.569056472569741        3.0000000000000000     
   1900.0052000000001        1.3934280000000000E-002   15.241607820073710        94.995341110362276        3.0000000000000000     
   560.00521000000003        1.3205461999999999E-002   13.470474784953554        94.814650515116327        2.0000000000000000     
   1400.0052000000001        1.3762620000000000E-002   14.177236326069837        94.594236608372398        3.0000000000000000     
   6500.0051999999996        1.3504904999999999E-002   16.232323693048993        94.584020316017529        2.5000000000000000     
   4900.0051999999996        1.3506379000000001E-002   16.229030125439429        94.492320262757744        2.5000000000000000     
   1350.0052000000001        1.3787100000000000E-002   14.235767754838417        94.444436962481902        3.0000000000000000     
   3750.0052000000001        1.1453924000000001E-002   13.135327937950199        94.380020205215160        2.0000000000000000     
   11300.004999999999        1.2000650000000000E-002   16.941802533980852        94.264934777548262        1.5000000000000000     
   7200.0051999999996        1.3899059000000000E-002   15.397900255448729        94.118746906516236        3.0000000000000000     
   3600.0052000000001        1.3893203999999999E-002   15.418460684596260        93.983272651005123        3.0000000000000000     
   1950.0052000000001        1.0080952000000001E-002   15.267795439298130        93.861495188589203        1.0000000000000000     
   700.00521000000003        1.2461480000000000E-002   13.124817171620805        93.231858405345349        2.0000000000000000     
   1950.0052000000001        1.2270800000000000E-002   13.089134145258670        93.118521242523570        2.5000000000000000     
   5900.0051999999996        1.0682606000000001E-002   13.591093724445772        93.013596826504354        1.5000000000000000     
   3450.0052000000001        1.1860219999999999E-002   16.923417056079831        92.976787768782316        1.5000000000000000     
   3650.0052000000001        1.3017071000000000E-002   13.362512598876918        92.894959505772363        3.0000000000000000     
   9950.0051999999996        1.2977580000000001E-002   16.660220407030632        92.799860561500296        2.0000000000000000     
   580.00521000000003        1.3416605999999999E-002   13.696677700196961        92.635540679171925       0.50000000000000000     
   3550.0052000000001        1.3892106000000000E-002   15.323614618147371        92.119792851842149        3.0000000000000000     
   3600.0052000000001        1.2848432999999999E-002   16.720584819354659        92.006265605621351        2.0000000000000000     
   1800.0052000000001        1.3910883000000001E-002   15.159532632425643        91.923117105678784        3.0000000000000000     
   2550.0052000000001        1.3584126000000000E-002   16.071129778133006        91.419356951870938        2.5000000000000000     
   1450.0052000000001        1.3505926000000000E-002   13.821542770883397        91.414365788110615        3.0000000000000000     
   320.00520999999998        1.1564636000000000E-002   13.141374084074970        91.100800361719607       0.50000000000000000     
   4250.0051999999996        1.3498748000000000E-002   16.182262477171410        91.099755106632983        2.5000000000000000     
   6550.0051999999996        1.3501673000000000E-002   16.176228880774691        90.963406289970749        2.5000000000000000     
   2750.0052000000001        1.3886371999999999E-002   15.282660985837367        90.957418317572191        3.0000000000000000     
   8000.0051999999996        1.3559414000000001E-002   16.093599230334515        90.693284680133587        2.5000000000000000     
   580.00521000000003        1.3116038000000000E-002   13.463793796024024        90.136757779422894        2.0000000000000000     
   5800.0051999999996        1.3863400000000000E-002   15.363970634337759        90.118358853637346        3.0000000000000000     
   3550.0052000000001        1.0665433000000000E-002   13.650201675702245        90.075615736367610        1.5000000000000000     
   2400.0052000000001        1.3131867000000000E-002   13.476252576766338        90.073227775819603        3.0000000000000000     
   2600.0052000000001        1.3878916999999999E-002   15.248658665614991        89.804010034973700        3.0000000000000000     
   720.00521000000003        1.2659235000000000E-002   13.224512891946967        89.673629602435355       0.50000000000000000     
   1750.0052000000001        1.3616591000000001E-002   15.983115841568283        89.497083061436413        2.5000000000000000     
   5200.0051999999996        1.2826760000000000E-002   16.697195131893857        89.100084050360479        2.0000000000000000     
   980.00521000000003        1.1506728000000001E-002   13.178296875461148        89.047986333249597        1.5000000000000000     
   1400.0052000000001        1.3534387000000000E-002   13.907113743648297        88.718597961174410        3.0000000000000000     
   1050.0052000000001        1.3148112000000000E-002   16.493110673651170        88.688516211836799        1.0000000000000000     
   940.00522000000001        1.3525450000000000E-002   16.092122030868005        87.993207870773290       0.50000000000000000     
   6950.0051999999996        1.3481160000000001E-002   16.148472017455415        87.820574800276930        2.5000000000000000     
   4750.0051999999996        1.3059355000000000E-002   13.456122419871349        87.644774602832996        3.0000000000000000     
   760.00521000000003        1.2211121000000000E-002   13.141744790920004        87.442109951378569        1.0000000000000000     
   680.00521000000003        1.2588464000000001E-002   13.227102251288198        87.236405762643940        2.0000000000000000     
   5400.0051999999996        1.3470073000000001E-002   16.151897267222900        87.199550230238970        2.5000000000000000     
   1700.0052000000001        1.3210959000000000E-002   13.578912146009163        87.147810058640715        3.0000000000000000     
   5800.0051999999996        1.1868551000000000E-002   16.859416704530648        86.867730463054045        1.5000000000000000     
   600.00521000000003        1.3022051000000000E-002   13.445723871098501        86.509062806384634        2.0000000000000000     
   820.00521000000003        1.2515762999999999E-002   13.218844136832935        85.963189998877311        1.5000000000000000     
   6100.0051999999996        1.2257262999999999E-002   13.163636181022715        85.960405741535041        2.5000000000000000     
   820.00521000000003        1.2692202000000000E-002   13.287350627017066        85.307785509399906        1.5000000000000000     
   880.00521000000003        1.3097035000000000E-002   16.480299417927164        84.869303836007404       0.50000000000000000     
   6200.0051999999996        1.3099006000000000E-002   13.522457072644057        84.773682154426027        3.0000000000000000     
   800.00521000000003        1.3641477000000001E-002   14.165613025864287        84.766211988070836        1.0000000000000000     
   780.00522000000001        1.3667940000000000E-002   14.220214163289661        84.752247929298449       0.50000000000000000     
   9750.0051999999996        1.3327372000000001E-002   13.731330942595189        84.285941116311307        3.0000000000000000     
   620.00521000000003        1.2922982000000000E-002   13.414845408805762        84.115270461620568        2.0000000000000000     
   660.00521000000003        1.2707006999999999E-002   13.307702333303585        84.093255766502764        2.0000000000000000     
   1600.0052000000001        1.3782245000000000E-002   14.596584642171509        83.478533664795876        3.0000000000000000     
   4450.0051999999996        1.1861943000000000E-002   16.821385047786876        83.412578241151536        1.5000000000000000     
   2300.0052000000001        1.3825141000000001E-002   15.040527240665146        83.319557384283058        3.0000000000000000     
   8750.0051999999996        1.3356375000000000E-002   13.779835558280274        83.213861351115682        3.0000000000000000     
   640.00521000000003        1.2818213000000000E-002   13.369495034528390        83.200472759757972        2.0000000000000000     
   9250.0051999999996        1.2935973999999999E-002   16.565544294841541        83.174405975128948        2.0000000000000000     
   1600.0052000000001        1.3806323000000001E-002   14.751609364200073        83.112521282350542        3.0000000000000000     
   7600.0051999999996        1.0753805999999999E-002   13.672854155378108        82.857890112649642        1.5000000000000000     
   9100.0051999999996        1.3814629000000000E-002   14.868504777641718        82.754239174973989        3.0000000000000000     
   1950.0052000000001        1.2288779999999999E-002   13.208872281642217        82.288307511824911        2.5000000000000000     
   11900.004999999999        1.3536617000000001E-002   15.952099920322313        81.692153881214296        2.5000000000000000     
   980.00521000000003        1.2006564000000001E-002   16.806926983922974        81.625702850575379       0.50000000000000000     
   2400.0052000000001        1.2322148000000000E-002   13.222626292916646        81.570913490783937        2.5000000000000000     
   1550.0052000000001        1.3142852000000000E-002   16.395247593313830        81.320663713141158        2.0000000000000000     
   11900.004999999999        1.2918417999999999E-002   16.551456948330358        81.262756403214610        2.0000000000000000     
   6900.0051999999996        1.1503914000000001E-002   13.266926260399526        81.241145730256392        2.0000000000000000     
   340.00520999999998        1.1508231000000001E-002   13.267810465755677        81.057931367597476       0.50000000000000000     
   6100.0051999999996        1.3791196000000000E-002   15.147287846653377        80.751924541060532        3.0000000000000000     
   5950.0051999999996        1.3439883999999999E-002   16.063567318523251        80.111036138132278        2.5000000000000000     
   600.00521000000003        1.3397015000000000E-002   13.882403183065438        80.016840420729750       0.50000000000000000     
   7100.0051999999996        1.2305465000000000E-002   13.239981109736831        79.774381817622555        2.5000000000000000     
   2250.0052000000001        1.3488068000000001E-002   15.982478991369875        79.490285605455639        2.5000000000000000     
   1400.0052000000001        1.3704061999999999E-002   15.516742176610988        79.271247892211761        2.5000000000000000     
   1700.0052000000001        1.3243044000000001E-002   13.727659306755228        79.100231386126111        3.0000000000000000     
   1250.0052000000001        1.3749538000000000E-002   15.313653443371763        78.981546192497262        2.5000000000000000     
   8700.0051999999996        1.3751942000000000E-002   14.706671380911324        78.883565066258740        3.0000000000000000     
   2500.0052000000001        1.3298098000000000E-002   13.790235281136667        78.714728353254529        3.0000000000000000     
   620.00521000000003        1.2645274999999999E-002   13.352931403883703        78.230368153150152       0.50000000000000000     
   4650.0051999999996        1.3764267000000000E-002   15.110065931629476        78.118817837428310        3.0000000000000000     
   920.00522000000001        1.3543863000000000E-002   15.860563721412698        78.102074493379376       0.50000000000000000     
   9700.0051999999996        1.3729504999999999E-002   14.660416732208416        77.662612211995281        3.0000000000000000     
   9150.0051999999996        1.3428344000000000E-002   13.970001280001282        77.526600424892024        3.0000000000000000     
   840.00521000000003        1.2417436000000000E-002   13.290197575034416        77.441926704833847        1.5000000000000000     
   4400.0051999999996        1.2782224000000000E-002   16.566362431855559        76.634140297480499        2.0000000000000000     
   2700.0052000000001        1.3213905999999999E-002   13.742434253064797        76.375985300501910        3.0000000000000000     
   10100.004999999999        1.3486438999999999E-002   14.084325522967973        76.199018381355160        3.0000000000000000     
   960.00521000000003        1.1670692000000000E-002   13.287842029396343        75.998214831990452        1.5000000000000000     
   7500.0051999999996        1.3736923999999999E-002   14.922437148475089        75.573028249006200        3.0000000000000000     
   1650.0052000000001        1.3519532000000001E-002   14.155660750218230        75.547159078976691        3.0000000000000000     
   800.00522000000001        1.3650720999999999E-002   14.455994271189887        75.520554541799171       0.50000000000000000     
   3550.0052000000001        1.3735822000000000E-002   15.041871811235715        75.370785411035499        3.0000000000000000     
   4800.0051999999996        1.3726547000000000E-002   14.983276804131805        74.531108977292860        3.0000000000000000     
   840.00521000000003        1.2603392000000000E-002   13.382540264937624        74.506446015972429        1.5000000000000000     
   820.00521000000003        1.3606391000000001E-002   14.368002275888548        74.497832165920215        1.0000000000000000     
   7300.0051999999996        1.3220412000000001E-002   13.782821987636042        74.273194865614158        3.0000000000000000     
   1500.0052000000001        1.3613409999999999E-002   15.598087029845466        74.020001105702576        2.5000000000000000     
   3650.0052000000001        1.3239989000000001E-002   13.807899154889480        73.966929509167926        3.0000000000000000     
   2850.0052000000001        1.3232022000000000E-002   13.801318848750645        73.867868617826844        3.0000000000000000     
   5550.0051999999996        1.2313934000000000E-002   13.313835120149175        73.542661966130282        2.5000000000000000     
   11600.004999999999        1.3557101000000000E-002   14.281894797239195        73.505967839101984        3.0000000000000000     
   860.00521000000003        1.3120194000000000E-002   16.297109420007835        73.433186459161206       0.50000000000000000     
   1500.0052000000001        1.2304357000000000E-002   16.681805805797016        73.027596806169370        1.5000000000000000     
   6350.0051999999996        1.2767603000000001E-002   16.526628421013378        72.995216544182284        2.0000000000000000     
   2450.0052000000001        1.3647385999999999E-002   14.568136858733274        72.509663433481094        3.0000000000000000     
   360.00520999999998        1.1449768000000001E-002   13.393486048505681        72.091056713748685       0.50000000000000000     
   3600.0052000000001        1.3696936999999999E-002   14.963658218183717        72.022901313115256        3.0000000000000000     
   780.00521000000003        1.2133510000000000E-002   13.308443658722132        71.979692286067575        1.0000000000000000     
   1650.0052000000001        1.3546958000000000E-002   14.306402977858665        71.853899736466161        3.0000000000000000     
   1950.0052000000001        1.3665577000000000E-002   14.687210248289318        71.799607723753354        3.0000000000000000     
   5900.0051999999996        1.3199756000000000E-002   13.803724776886838        71.762222476161057        3.0000000000000000     
   1850.0052000000001        1.3648863000000001E-002   14.643520006338353        71.145682805638970        3.0000000000000000     
   5150.0051999999996        1.2758494000000000E-002   16.505935494105806        71.078870548100411        2.0000000000000000     
   900.00522000000001        1.3562101000000000E-002   15.628123854283041        70.867480551235531       0.50000000000000000     
   860.00521000000003        1.2313285000000000E-002   13.345776684641164        70.865054792697535        1.5000000000000000     
   2000.0052000000001        1.3348162000000000E-002   14.001247036834155        70.376208044460128        3.0000000000000000     
   1900.0052000000001        1.3340355000000000E-002   13.996608510810173        70.083651684204654        3.0000000000000000     
   3700.0052000000001        1.3241150000000000E-002   13.892052029457060        69.200051729416700        3.0000000000000000     
   620.00521000000003        1.3377198000000000E-002   14.068410141714207        69.113351630719052       0.50000000000000000     
   820.00522000000001        1.3633335999999999E-002   14.691440198594972        69.074894297239240       0.50000000000000000     
   1700.0052000000001        1.2405110000000000E-002   13.388157078416247        69.053791170595957        2.5000000000000000     
   7550.0051999999996        1.3386778000000000E-002   14.087809732975968        68.881109422625144        3.0000000000000000     
   4450.0051999999996        1.2780237999999999E-002   16.464999576082867        68.874876534056114        2.0000000000000000     
   740.00521000000003        1.2629596999999999E-002   13.465208298637254        68.799447470161510       0.50000000000000000     
   3550.0052000000001        1.3265594000000000E-002   13.935296529401654        68.383042507064062        3.0000000000000000     
   940.00521000000003        1.1820017000000000E-002   13.357027676178726        68.293796458030428        1.5000000000000000     
   1000.0051999999999        1.3257443000000001E-002   16.070815465752297        68.195217641441900        1.0000000000000000     
   2350.0052000000001        1.3509775000000000E-002   14.331269363746076        68.165532908199410        3.0000000000000000     
   7850.0051999999996        1.1809658000000001E-002   16.635729550817821        67.796029061843583        1.5000000000000000     
   8550.0051999999996        1.2493491000000001E-002   13.433329388510582        67.449752778536393        2.5000000000000000     
   6700.0051999999996        1.2375659000000001E-002   13.404714376598577        67.151395894930687        2.5000000000000000     
   3600.0052000000001        1.3593223000000000E-002   14.628833610728989        66.903103509912285        3.0000000000000000     
   2650.0052000000001        1.3574121000000000E-002   14.560389178939774        66.777867901664592        3.0000000000000000     
   2800.0052000000001        1.3586091999999999E-002   14.605802009702799        66.777000262263741        3.0000000000000000     
   3500.0052000000001        1.3614453000000000E-002   14.750346101311065        66.719642204286458        3.0000000000000000     
   9400.0051999999996        1.3474534999999999E-002   15.700785796827899        66.633857361932456        2.5000000000000000     
   4400.0051999999996        1.2368156999999999E-002   13.412430385307001        66.397919747010434        2.5000000000000000     
   880.00521000000003        1.2202535000000000E-002   13.383306700191211        66.367939401247796        1.5000000000000000     
   960.00521000000003        1.2048957000000001E-002   16.628396822848604        66.351823040185394       0.50000000000000000     
   840.00521000000003        1.3570636000000001E-002   14.568311671825187        66.331309406567669        1.0000000000000000     
   880.00522000000001        1.3580165999999999E-002   15.394898760996902        66.321743512515198       0.50000000000000000     
   7500.0051999999996        1.2791334999999999E-002   16.421182772180043        66.149288140291105        2.0000000000000000     
   7250.0051999999996        1.3589942000000001E-002   14.659873832511078        66.090037436200987        3.0000000000000000     
   5150.0051999999996        1.3378185000000001E-002   15.852376649696604        65.648498037142659        2.5000000000000000     
   3650.0052000000001        1.3594326000000000E-002   14.717936263286681        65.535886797499046        3.0000000000000000     
   860.00521000000003        1.2509922999999999E-002   13.464621670279120        65.435200604681825        1.5000000000000000     
   840.00522000000001        1.3615782999999999E-002   14.926465454294409        65.404054106160032       0.50000000000000000     
   1700.0052000000001        1.3507715999999999E-002   15.572928800176316        65.036376294926129        2.5000000000000000     
   920.00521000000003        1.1957229999999999E-002   13.392676517512562        64.632949333850092        1.5000000000000000     
   860.00522000000001        1.3598060000000000E-002   15.160981692433099        64.492774928872862       0.50000000000000000     
   5450.0051999999996        1.3352190000000000E-002   15.865147400052718        64.422447249774393        2.5000000000000000     
   4850.0051999999996        1.3399345000000000E-002   14.214882878031837        64.364385119926197        3.0000000000000000     
   380.00520999999998        1.1389078000000000E-002   13.518158206392680        64.227018619518162       0.50000000000000000     
   900.00521000000003        1.2084242000000000E-002   13.400053228545596        64.173157753026459        1.5000000000000000     
   5850.0051999999996        1.3559735999999999E-002   14.648566609278737        63.907048426082476        3.0000000000000000     
   840.00521000000003        1.3143067000000000E-002   16.113242028824537        63.647750257780409       0.50000000000000000     
   3250.0052000000001        1.3360456000000000E-002   15.827340736953346        63.383332401784131        2.5000000000000000     
   6150.0051999999996        1.3475823000000000E-002   14.405360550977091        63.291242529245181        3.0000000000000000     
   3650.0052000000001        1.3363704000000001E-002   14.183450562170593        63.161041453102726        3.0000000000000000     
   3600.0052000000001        1.3409867000000001E-002   14.279169870142596        62.683027968559742        3.0000000000000000     
   4700.0051999999996        1.3443848000000000E-002   14.356805055529334        62.459921917379177        3.0000000000000000     
   5050.0051999999996        1.2381600000000000E-002   13.467409171469006        62.361328626346520        2.5000000000000000     
   980.00521000000003        1.3299502000000000E-002   15.894761256823449        62.232580404429598        1.0000000000000000     
   640.00521000000003        1.2615408999999999E-002   13.551750261389772        61.903887482308733       0.50000000000000000     
   6650.0051999999996        1.2382690000000000E-002   13.473704305758737        61.900753008298210        2.5000000000000000     
   4300.0051999999996        1.2729436000000000E-002   16.390691663680972        61.652503769303777        2.0000000000000000     
   4450.0051999999996        1.2720024000000000E-002   16.392459931326560        61.434479733360810        2.0000000000000000     
   1000.0051999999999        1.1661843999999999E-002   13.481667667781558        60.492062211725958        1.5000000000000000     
   860.00521000000003        1.3534188000000001E-002   14.766344345826584        60.208197534118533        1.0000000000000000     
   640.00521000000003        1.3357150999999999E-002   14.254632442966079        59.935792709522339       0.50000000000000000     
   5150.0051999999996        1.2709655000000000E-002   16.372329577317235        59.672466428071509        2.0000000000000000     
   6100.0051999999996        1.2394588000000000E-002   13.506919978760498        59.624689524930105        2.5000000000000000     
   1600.0052000000001        1.2928878000000000E-002   16.230857506405510        59.445613460025385        2.0000000000000000     
   1300.0052000000001        1.3536190000000000E-002   15.062909419897814        59.095935758127247        2.5000000000000000     
   2800.0052000000001        1.2735886000000000E-002   16.347501556679639        58.932215587411989        2.0000000000000000     
   800.00521000000003        1.2052182000000000E-002   13.467068744719045        58.815028116174830        1.0000000000000000     
   9500.0051999999996        1.2604558000000000E-002   13.592630375981019        58.654489835307956        2.5000000000000000     
   2400.0052000000001        1.3376855999999999E-002   15.659556168990896        58.268671690149283        2.5000000000000000     
   8450.0051999999996        1.3389168999999999E-002   15.631908812125822        58.227483575103953        2.5000000000000000     
   880.00521000000003        1.2411254000000000E-002   13.531904971926418        58.110820207062460        1.5000000000000000     
   3950.0052000000001        1.2448552999999999E-002   13.547993050693362        57.738098049407036        2.5000000000000000     
   960.00521000000003        1.3340665999999999E-002   15.714933066396741        57.712867214053823        1.0000000000000000     
   400.00520999999998        1.1325973000000000E-002   13.641543367932258        57.492919647357304       0.50000000000000000     
   2700.0052000000001        1.2504431000000000E-002   13.570318435226119        57.460999058889819        2.5000000000000000     
   1450.0052000000001        1.3484705000000000E-002   15.273205881227764        56.974762492775710        2.5000000000000000     
   7200.0051999999996        1.2715526000000000E-002   16.328899103304924        56.948756416945407        2.0000000000000000     
   1800.0052000000001        1.3376697999999999E-002   15.616919147645453        56.897167558790713        2.5000000000000000     
   8350.0051999999996        1.0891789000000001E-002   13.983849507089396        56.517336901028870        1.5000000000000000     
   880.00521000000003        1.3497024000000000E-002   14.961896930567987        56.063320341545115        1.0000000000000000     
   1000.0051999999999        1.2189208000000000E-002   16.484571610345462        55.993811740838929       0.50000000000000000     
   820.00521000000003        1.3165659999999999E-002   15.928779655516827        55.534873176100575       0.50000000000000000     
   940.00521000000003        1.3380968000000000E-002   15.531509210779213        54.739368652533528        1.0000000000000000     
   6500.0051999999996        1.3290411000000000E-002   15.709756655154628        54.222878189380545        2.5000000000000000     
   900.00521000000003        1.3459117000000000E-002   15.154757278383396        53.824308543878459        1.0000000000000000     
   2700.0052000000001        1.3317585000000000E-002   15.643682546297558        53.758938199920557        2.5000000000000000     
   920.00521000000003        1.3420441999999999E-002   15.344704511909665        53.411919357356588        1.0000000000000000     
   1450.0052000000001        1.2698592999999999E-002   13.721201839109494        53.083922296673173        2.5000000000000000     
   1800.0052000000001        1.3366786000000000E-002   15.504128299434203        53.056234972421393        2.5000000000000000     
   2350.0052000000001        1.1665804000000000E-002   13.582511229706025        53.024033152184572        2.0000000000000000     
   4500.0051999999996        1.1668985000000000E-002   16.413669301316794        52.700794242193211        1.5000000000000000     
   900.00521000000003        1.2306741000000000E-002   13.582413561851613        52.591032389194098        1.5000000000000000     
   980.00521000000003        1.1811725000000000E-002   13.561976115809388        52.584002682250286        1.5000000000000000     
   940.00521000000003        1.2090347000000000E-002   16.447421835480856        52.579812205285556       0.50000000000000000     
   660.00521000000003        1.3336871000000000E-002   14.441001764079376        52.492579484723194       0.50000000000000000     
   2650.0052000000001        1.1719241000000000E-002   16.419790526485180        52.365767477124898        1.5000000000000000     
   420.00520999999998        1.1260238000000001E-002   13.763315172620128        51.915929024637876       0.50000000000000000     
   1950.0052000000001        1.3319506000000000E-002   15.577584622417605        51.867503952867253        2.5000000000000000     
   3200.0052000000001        1.1685452000000001E-002   13.597853624904326        51.623871197625860        2.0000000000000000     
   5100.0051999999996        1.1680816000000000E-002   16.398285794036042        51.427038363418546        1.5000000000000000     
   760.00521000000003        1.2599430000000000E-002   13.705277787555044        50.890547512368776       0.50000000000000000     
   1850.0052000000001        1.2562868000000000E-002   13.702814390820368        49.987771398644028        2.5000000000000000     
   1550.0052000000001        1.3380156000000001E-002   15.257952138201023        49.284249604889872        2.5000000000000000     
   800.00521000000003        1.3187976000000001E-002   15.743802182870644        49.113217965886662       0.50000000000000000     
   3100.0052000000001        1.3267584000000001E-002   15.596363222537637        49.060459020827949        2.5000000000000000     
   920.00521000000003        1.2195605000000000E-002   13.613806412850202        48.994848043680335        1.5000000000000000     
   960.00521000000003        1.1949433000000001E-002   13.607404665415242        48.546968243228370        1.5000000000000000     
   820.00521000000003        1.1966749000000000E-002   13.616479346329527        47.880874278603351        1.0000000000000000     
   2050.0052000000001        1.2801323999999999E-002   16.125115099668847        47.700103379879884        2.0000000000000000     
   660.00521000000003        1.2585003000000001E-002   13.750394574562783        47.593555001130838       0.50000000000000000     
   940.00521000000003        1.2076895000000001E-002   13.623276268767169        47.532025424425406        1.5000000000000000     
   440.00520999999998        1.1191629999999999E-002   13.883096750384919        47.523373043470585       0.50000000000000000     
   3200.0052000000001        1.2489468000000000E-002   13.712893341464783        47.405560905060334        2.5000000000000000     
   680.00521000000003        1.3316352000000000E-002   14.627450060775477        46.789403213284288       0.50000000000000000     
   1600.0052000000001        1.2899911999999999E-002   16.026941576910815        46.611265490472860        2.0000000000000000     
   1000.0051999999999        1.0894664000000000E-002   14.208780992476353        46.194880845863239        1.0000000000000000     
   9550.0051999999996        1.0972088000000000E-002   14.118099872833374        45.858773606147501        1.5000000000000000     
   1600.0052000000001        1.2602033000000000E-002   13.790682989396259        45.622283498810773        2.5000000000000000     
   2600.0052000000001        1.3287095000000001E-002   15.391705254091072        45.251165605851277        2.5000000000000000     
   5950.0051999999996        1.2659594999999999E-002   16.169631346383674        45.077575791973864        2.0000000000000000     
   3850.0052000000001        1.3244560000000001E-002   15.483073215554708        44.557234912255311        2.5000000000000000     
   780.00521000000003        1.3210022000000000E-002   15.558389163133560        44.398794066798139       0.50000000000000000     
   8250.0051999999996        1.1742646000000001E-002   16.306721478719041        44.343801417996538        1.5000000000000000     
   460.00520999999998        1.1119868000000000E-002   14.000451319164078        44.343247803678111       0.50000000000000000     
   9600.0051999999996        1.3293773000000000E-002   15.302090608414408        44.127684826785277        2.5000000000000000     
   537.81520999999998        1.0803879000000001E-002   14.423252680921394        44.083574476932803       0.50000000000000000     
   1350.0052000000001        1.3296456999999999E-002   14.730675293340164        43.833415830646736        2.5000000000000000     
   7350.0051999999996        1.1640751000000000E-002   16.261667881149446        43.021641135156884        1.5000000000000000     
   3000.0052000000001        1.1714633000000000E-002   16.278955201487197        42.929017186652970        1.5000000000000000     
   6000.0051999999996        1.3209301999999999E-002   15.502841269949917        42.881518408014564        2.5000000000000000     
   700.00521000000003        1.3295589999999999E-002   14.813907298588843        42.829600634852198       0.50000000000000000     
   480.00520999999998        1.1044628000000001E-002   14.114869689700607        42.404783684029695       0.50000000000000000     
   520.00521000000003        1.0882140000000000E-002   14.332378815219705        42.383226895491781       0.50000000000000000     
   6550.0051999999996        1.3200244000000000E-002   15.479473984990033        41.762025693782995        2.5000000000000000     
   500.00520999999998        1.0965533000000000E-002   14.225750643692637        41.739601900827964       0.50000000000000000     
   4950.0051999999996        1.3200948000000001E-002   15.474857846018621        41.694153469481009        2.5000000000000000     
   9200.0051999999996        1.1022774000000001E-002   14.157525064733960        41.618367468101980        1.5000000000000000     
   2800.0052000000001        1.2556532000000000E-002   13.836244454200985        41.601370317216102        2.5000000000000000     
   6600.0051999999996        1.2521947000000000E-002   13.822663768796168        41.463731114222114        2.5000000000000000     
   760.00521000000003        1.3231801000000000E-002   15.372617495566180        41.404439353182326       0.50000000000000000     
   980.00521000000003        1.2227297000000000E-002   16.263671385754645        41.213231310101236       0.50000000000000000     
   720.00521000000003        1.3274581000000001E-002   15.000302528758075        40.613922479104005       0.50000000000000000     
   12000.004999999999        1.2715536000000000E-002   13.949492342776418        40.388952454013484        2.5000000000000000     
   920.00521000000003        1.2130779000000000E-002   16.264169338144622        40.380680389558172       0.50000000000000000     
   6600.0051999999996        1.3196324000000001E-002   15.420376561085146        40.197690828226825        2.5000000000000000     
   740.00521000000003        1.3253319000000000E-002   15.186563867988472        40.140366773161020       0.50000000000000000     
   4300.0051999999996        1.3192124000000000E-002   15.427538830215909        40.098728726846566        2.5000000000000000     
   10800.004999999999        1.3248105000000000E-002   15.207273495727312        40.018211762015206        2.5000000000000000     
   2500.0052000000001        1.2630985000000001E-002   13.916536787335756        39.300864713820800        2.5000000000000000     
   1750.0052000000001        1.3247092000000000E-002   15.109813830429420        39.182440300886299        2.5000000000000000     
   840.00521000000003        1.1876754000000000E-002   13.755347173641834        39.108754731905734        1.0000000000000000     
   11600.004999999999        1.1728851000000000E-002   16.219476855234916        39.016138501238274        1.5000000000000000     
   8050.0051999999996        1.3219699000000000E-002   15.243091145385893        38.668975724202504        2.5000000000000000     
   10900.004999999999        1.1030211999999999E-002   14.224286477344229        38.555506593988071        1.5000000000000000     
   1400.0052000000001        1.3021787999999999E-002   14.294852767686676        38.532084352858362        2.5000000000000000     
   1500.0052000000001        1.3235936000000000E-002   14.924353630468859        38.331506158160146        2.5000000000000000     
   5950.0051999999996        1.1576891000000001E-002   16.152336736872400        37.672528762443434        1.5000000000000000     
   7000.0051999999996        1.3166423000000000E-002   15.363828138780487        37.322839857322748        2.5000000000000000     
   2050.0052000000001        1.2609169999999999E-002   13.943385137498243        37.188076050904982        2.5000000000000000     
   6050.0051999999996        1.1746529000000000E-002   13.807080959285861        37.182583659375844        2.0000000000000000     
   5450.0051999999996        1.3158239000000000E-002   15.381752339011141        37.181312322435325        2.5000000000000000     
   4050.0052000000001        1.1571902000000000E-002   16.134292608442994        36.747189752190749        1.5000000000000000     
   980.00521000000003        1.1055395000000001E-002   14.250792672358946        36.339756354234190        1.0000000000000000     
   1550.0052000000001        1.2011219000000000E-002   16.202804349955489        36.171603178076140        1.5000000000000000     
   2300.0052000000001        1.3175342000000000E-002   15.247899000854058        36.072069988815663        2.5000000000000000     
   780.00521000000003        1.2568718000000000E-002   13.944592567273148        35.933124893107554       0.50000000000000000     
   4750.0051999999996        1.1569015000000000E-002   16.112555854213763        35.588214286659131        1.5000000000000000     
   680.00521000000003        1.2554041000000000E-002   13.948762695238051        35.301532079465559       0.50000000000000000     
   4800.0051999999996        1.0964725999999999E-002   14.445811293826569        34.472935553116073        1.5000000000000000     
   4100.0051999999996        1.0968822000000000E-002   14.475200039291590        33.468577798984974        1.5000000000000000     
   6000.0051999999996        1.3122513000000001E-002   15.280097855250590        33.462257625229824        2.5000000000000000     
   2250.0052000000001        1.2622800999999999E-002   15.970397591778726        33.238814081608865        2.0000000000000000     
   3350.0052000000001        1.2626876000000000E-002   14.043271653171951        32.707566039402295        2.5000000000000000     
   6000.0051999999996        1.0975798000000000E-002   14.491435711331256        32.690685445114120        1.5000000000000000     
   1900.0052000000001        1.2719792000000001E-002   14.116275794046246        32.476724958864047        2.5000000000000000     
   5250.0051999999996        1.2650878000000001E-002   14.064880026811734        32.452288262080167        2.5000000000000000     
   860.00521000000003        1.1781658000000000E-002   13.882111412556533        32.433702201644770        1.0000000000000000     
   9000.0051999999996        1.2700981000000000E-002   15.894671278226102        32.295276485379439        2.0000000000000000     
   3100.0052000000001        1.2619613000000000E-002   15.950289636149810        32.174266370675596        2.0000000000000000     
   9650.0051999999996        1.2866999000000000E-002   14.268787835509853        32.158962938583969        2.5000000000000000     
   5550.0051999999996        1.2611735000000001E-002   14.045054940779082        32.153494202131988        2.5000000000000000     
   1600.0052000000001        1.3111868000000000E-002   14.803171239949750        31.874801787823998        2.5000000000000000     
   1650.0052000000001        1.2794751000000000E-002   14.198855870610924        31.836527021002233        2.5000000000000000     
   8100.0051999999996        1.2802851000000001E-002   14.210725139304911        31.688113698178917        2.5000000000000000     
   9450.0051999999996        1.3089399000000000E-002   14.763250714340380        31.071011593814958        2.5000000000000000     
   1750.0052000000001        1.1843124999999999E-002   13.897556579713756        30.999780639490798        2.0000000000000000     
   1550.0052000000001        1.2947388000000001E-002   14.444119016020380        30.163693175821606        2.5000000000000000     
   7300.0051999999996        1.1795257999999999E-002   13.923731552802190        30.006825614847362        2.0000000000000000     
   960.00521000000003        1.1201312000000000E-002   14.253724409955607        29.870744831798238        1.0000000000000000     
   2200.0052000000001        1.1053159000000000E-002   14.454055123008706        29.864093110166863        1.5000000000000000     
   900.00521000000003        1.2170294999999999E-002   16.078830541054490        29.821892252898973       0.50000000000000000     
   9500.0051999999996        1.1678348999999999E-002   16.038513373841628        29.549234163350636        1.5000000000000000     
   1850.0052000000001        1.3085519000000000E-002   15.011870060557786        29.462311430744354        2.5000000000000000     
   1850.0052000000001        1.3073948000000000E-002   14.895781863884055        29.105644613716354        2.5000000000000000     
   9150.0051999999996        1.1712978000000001E-002   16.037875638369691        28.989186031623110        1.5000000000000000     
   960.00521000000003        1.2264588000000000E-002   16.040293854483490        28.805452117618735       0.50000000000000000     
   1800.0052000000001        1.2939340000000001E-002   14.503150302063128        28.230482379088293        2.5000000000000000     
   7400.0051999999996        1.1031724000000000E-002   14.565168011681704        28.165932799382293        1.5000000000000000     
   1900.0052000000001        1.2733802000000001E-002   14.233909245209169        28.134010737367767        2.5000000000000000     
   880.00521000000003        1.1680816000000000E-002   13.994918838908101        27.801663531980505        1.0000000000000000     
   8500.0051999999996        1.2995542000000001E-002   14.659350180754711        27.678655493307510        2.5000000000000000     
   6800.0051999999996        1.2525455000000000E-002   15.909991337734482        27.604679526196342        2.0000000000000000     
   5200.0051999999996        1.3049674000000001E-002   15.042774444741839        27.591130375321235        2.5000000000000000     
   2450.0052000000001        1.3040817999999999E-002   14.878219551029082        27.453316029165048        2.5000000000000000     
   8250.0051999999996        1.2611885999999999E-002   15.848952205238776        27.378108030329017        2.0000000000000000     
   3300.0052000000001        1.3029641000000000E-002   15.022647918954451        26.516839266562506        2.5000000000000000     
   2350.0052000000001        1.2798472000000000E-002   14.355077176136865        26.337075083504335        2.5000000000000000     
   2650.0052000000001        1.2936141999999999E-002   14.579213816623049        26.335572382140906        2.5000000000000000     
   8300.0051999999996        1.1605251000000000E-002   15.947019640630547        26.316823847148555        1.5000000000000000     
   940.00521000000003        1.1335052000000000E-002   14.224740275463814        26.079587190487427        1.0000000000000000     
   5500.0051999999996        1.3018494000000000E-002   15.042517738564577        25.978445962127342        2.5000000000000000     
   2000.0052000000001        1.3000889999999999E-002   14.857252056448136        25.553945437380701        2.5000000000000000     
   2150.0052000000001        1.1628806000000000E-002   15.938782219105457        25.477425531022611        1.5000000000000000     
   8300.0051999999996        1.1104095000000000E-002   14.536860161275298        25.428607834986682        1.5000000000000000     
   900.00521000000003        1.1573447000000001E-002   14.091541959030591        25.181086465199940        1.0000000000000000     
   700.00521000000003        1.2522501000000000E-002   14.146748041990627        25.026154773601725       0.50000000000000000     
   920.00521000000003        1.1458591000000001E-002   14.169268433954604        24.580965858701582        1.0000000000000000     
   6050.0051999999996        1.2740605000000000E-002   14.342257620979810        24.528020450081179        2.5000000000000000     
   2750.0052000000001        1.2975140000000000E-002   14.832743433841907        24.471820643317326        2.5000000000000000     
   1650.0052000000001        1.2650233000000000E-002   15.744904543177077        24.442143438996428        2.0000000000000000     
   800.00521000000003        1.2537444000000000E-002   14.183018480849070        23.907621261801765       0.50000000000000000     
   7050.0051999999996        1.2786909000000001E-002   14.423241810569875        23.796895118197320        2.5000000000000000     
   3900.0052000000001        1.2889077000000001E-002   14.617360595756695        23.421771529563035        2.5000000000000000     
   7600.0051999999996        1.1883912999999999E-002   14.044310380086284        23.170470366024169        2.0000000000000000     
   6650.0051999999996        1.2831653000000000E-002   14.521568178780322        23.013593702196189        2.5000000000000000     
   6550.0051999999996        1.2945796000000001E-002   14.861144717142114        22.845272695359863        2.5000000000000000     
   3150.0052000000001        1.2919224000000000E-002   14.753502868424023        22.643340973299658        2.5000000000000000     
   5500.0051999999996        1.2784349000000000E-002   14.462697518032224        22.597433335216788        2.5000000000000000     
   4350.0051999999996        1.2825949000000000E-002   14.529333516601287        22.592967926528004        2.5000000000000000     
   3650.0052000000001        1.2493949000000001E-002   15.801935332957141        22.177147150184769        2.0000000000000000     
   5000.0051999999996        1.2836530000000001E-002   14.579013021638310        21.925312673105591        2.5000000000000000     
   6600.0051999999996        1.2836699000000000E-002   14.584723660596183        21.812992122509065        2.5000000000000000     
   1650.0052000000001        1.1191799000000001E-002   14.536470204934922        21.701218847815696        1.5000000000000000     
   6050.0051999999996        1.2846582000000000E-002   14.611098880630339        21.698629876858423        2.5000000000000000     
   7900.0051999999996        1.2533470999999999E-002   15.762646007075146        21.655505924838316        2.0000000000000000     
   5250.0051999999996        1.1830270000000000E-002   14.093400893025374        21.268254765688109        2.0000000000000000     
   880.00521000000003        1.2208932000000000E-002   15.891588302931131        20.964556526559448       0.50000000000000000     
   8000.0051999999996        1.2542072000000000E-002   15.736058654020921        20.890609851071680        2.0000000000000000     
   12000.004999999999        1.1961230999999999E-002   14.088376591682062        20.814006231567973        2.0000000000000000     
   9350.0051999999996        1.1972674000000001E-002   14.094708202727684        20.507498102441932        2.0000000000000000     
   4550.0051999999996        1.1107979000000000E-002   14.861491545548978        20.372152400647153        1.5000000000000000     
   5250.0051999999996        1.2468139000000000E-002   15.761201607605352        19.964550113656852        2.0000000000000000     
   5150.0051999999996        1.1124675000000001E-002   14.857734087999411        19.660837086263580        1.5000000000000000     
   4550.0051999999996        1.1847432000000000E-002   14.133650790796935        19.345948142959255        2.0000000000000000     
   940.00521000000003        1.2301108999999999E-002   15.814559564888588        18.854347485982299       0.50000000000000000     
   4400.0051999999996        1.1863054000000000E-002   14.150363982399028        18.515888718866009        2.0000000000000000     
   1750.0052000000001        1.1895156000000000E-002   14.150949929923883        18.296956622588969        2.0000000000000000     
   10000.004999999999        1.2576821000000000E-002   15.629051531811783        18.210707518333784        2.0000000000000000     
   3500.0052000000001        1.1370679999999999E-002   15.571220551059065        18.058414765943667        1.5000000000000000     
   3050.0052000000001        1.1175658000000000E-002   14.842768074414970        17.606541124591107        1.5000000000000000     
   7550.0051999999996        1.1468511000000001E-002   15.639663838242017        17.291259628835412        1.5000000000000000     
   2900.0052000000001        1.1874674999999999E-002   14.178410513774560        17.267890504447262        2.0000000000000000     
   2700.0052000000001        1.1172345000000000E-002   14.955504241953596        17.174817651496959        1.5000000000000000     
   720.00521000000003        1.2490365000000000E-002   14.344241014796729        16.761941980829626       0.50000000000000000     
   1650.0052000000001        1.2616502000000000E-002   15.524502634556262        16.379443516618529        2.0000000000000000     
   5850.0051999999996        1.1381583000000001E-002   15.501995595731978        15.860979395890119        1.5000000000000000     
   4500.0051999999996        1.1373400000000001E-002   15.468997269891910        15.314650311200143        1.5000000000000000     
   2150.0052000000001        1.2000476000000000E-002   14.225480994065759        14.996997481289227        2.0000000000000000     
   820.00521000000003        1.2505588000000000E-002   14.420415503119569        14.788435441799241       0.50000000000000000     
   7900.0051999999996        1.1233218999999999E-002   15.022817362259554        14.711844091796493        1.5000000000000000     
   8850.0051999999996        1.1506024000000000E-002   15.576531256294805        14.410014512086544        1.5000000000000000     
   860.00521000000003        1.2246729000000000E-002   15.702615156966509        13.863581165082278       0.50000000000000000     
   4450.0051999999996        1.2413766000000000E-002   15.607509634266016        13.506756403320358        2.0000000000000000     
   9300.0051999999996        1.2518283999999999E-002   15.487125958996490        12.647750277103608        2.0000000000000000     
   5250.0051999999996        1.1909968000000000E-002   14.304202128724214        12.306010616927900        2.0000000000000000     
   4550.0051999999996        1.1945315000000000E-002   14.307486907829420        12.064120447782974        2.0000000000000000     
   6400.0051999999996        1.2397015000000001E-002   15.560783802150564        11.802484539273319        2.0000000000000000     
   920.00521000000003        1.2336892000000000E-002   15.586632017070325        11.440833464855622       0.50000000000000000     
   11700.004999999999        1.1346975000000000E-002   15.160380227793155        11.304087221776484        1.5000000000000000     
   6450.0051999999996        1.1928062000000000E-002   14.348123388798149        10.752954491829634        2.0000000000000000     
   5200.0051999999996        1.2384552000000000E-002   15.531231904479736        10.752189402556784        2.0000000000000000     
   4500.0051999999996        1.2411415000000000E-002   15.508353135033873        10.692130324350403        2.0000000000000000     
   740.00521000000003        1.2457609999999999E-002   14.541126347902098        10.499298624861645       0.50000000000000000     
   1600.0052000000001        1.1653804000000000E-002   15.524557317861856        9.8753011998355404        1.5000000000000000     
   4500.0051999999996        1.1948271000000000E-002   14.404797571876971        8.9235452365449905        2.0000000000000000     
   840.00521000000003        1.2283718000000001E-002   15.512075992517143        8.5679430472148503       0.50000000000000000     
   840.00521000000003        1.2473134000000000E-002   14.656637660728927        8.5438371445555976       0.50000000000000000     
   8050.0051999999996        1.2047594999999999E-002   14.446818872321526        7.7068658759822730        2.0000000000000000     
   7550.0051999999996        1.2396322000000000E-002   15.378281354851284        7.5041978695851785        2.0000000000000000     
   2100.0052000000001        1.2448203000000000E-002   15.300863622556102        7.2851214009629395        2.0000000000000000     
   12000.004999999999        1.2438803000000000E-002   15.307018885272342        7.1702168910508473        2.0000000000000000     
   4350.0051999999996        1.2348839000000000E-002   15.402439597886774        7.0911569797445733        2.0000000000000000     
   2850.0052000000001        1.2356775000000000E-002   15.394614905233331        7.0752331461904214        2.0000000000000000     
   10400.004999999999        1.2434150000000000E-002   15.305285364953587        7.0421345825104602        2.0000000000000000     
   4500.0051999999996        1.2337133000000000E-002   15.396888978358447        6.7794880469860814        2.0000000000000000     
   7950.0051999999996        1.2042710000000000E-002   14.482319396635871        6.7454335826198024        2.0000000000000000     
   900.00521000000003        1.2371960000000000E-002   15.356699270821714        6.6397153650776763       0.50000000000000000     
   760.00521000000003        1.2424213000000000E-002   14.737285431038718        6.2243905287190842       0.50000000000000000     
   5200.0051999999996        1.2324238000000000E-002   15.368675770199983        6.0263026359348331        2.0000000000000000     
   10600.004999999999        1.2173435000000000E-002   14.579258243626029        5.1775830256423276        2.0000000000000000     
   860.00521000000003        1.2440058000000000E-002   14.891532854216527        5.1354043627964865       0.50000000000000000     
   820.00521000000003        1.2319932000000000E-002   15.320127540083277        5.1209532165266047       0.50000000000000000     
   8300.0051999999996        1.2124742000000001E-002   14.580410517448296        4.7903973992833713        2.0000000000000000     
   880.00521000000003        1.2406341000000000E-002   15.124941909579368        4.5180874231830259       0.50000000000000000     
   7250.0051999999996        1.2315922999999999E-002   15.277187358953594        4.4160044161390584        2.0000000000000000     
   9050.0051999999996        1.2217541000000000E-002   14.650111460427354        4.2436518886958412        2.0000000000000000     
   5300.0051999999996        1.2018793000000000E-002   14.597175897609652        4.0655107374373047        2.0000000000000000     
   780.00521000000003        1.2390152000000000E-002   14.932592940535741        3.9190575581233635       0.50000000000000000     
   800.00521000000003        1.2355400000000001E-002   15.126918944163577        3.5604396072301285       0.50000000000000000     
   3700.0052000000001        1.2051272999999999E-002   14.660632780234732        2.9449756770173874        2.0000000000000000     
   1700.0052000000001        1.2315713000000001E-002   15.076606401915884        2.6385811011147897        2.0000000000000000     
   1700.0052000000001        1.2274998000000001E-002   14.841643930901375        2.5175136924466837        2.0000000000000000     
   6000.0051999999996        1.2261751000000000E-002   15.134289239993569        2.1636797225801123        2.0000000000000000     
   6850.0051999999996        1.2089766000000000E-002   14.775252667309484        1.4642324302316647        2.0000000000000000     
   3150.0052000000001        1.2214381000000000E-002   14.930468653870831        1.2698455858376620        2.0000000000000000     
