  #time	ai	proti	chi2	massp                                                                                                                                                                              
   11900.004999999999        1.2918417999999999E-002   16.551456948330358        99.610814136715035        2.0000000000000000     
   840.00521000000003        1.2473134000000000E-002   14.656637660728927        99.368655309744852       0.50000000000000000     
   900.00521000000003        1.1573447000000001E-002   14.091541959030591        99.276336600447166        1.0000000000000000     
   3600.0052000000001        1.2848432999999999E-002   16.720584819354659        98.398679863129900        2.0000000000000000     
   1850.0052000000001        1.1183010000000000E-002   17.958576931321090        96.737903584323050        1.0000000000000000     
   1100.0052000000001        1.1728028999999999E-002   17.818222709100958        95.898999324652522       0.50000000000000000     
   5200.0051999999996        1.2826760000000000E-002   16.697195131893857        95.578332591305227        2.0000000000000000     
   1600.0052000000001        1.2928878000000000E-002   16.230857506405510        94.346642838462031        2.0000000000000000     
   4550.0051999999996        1.1945315000000000E-002   14.307486907829420        93.955524404289449        2.0000000000000000     
   5200.0051999999996        1.0813936000000000E-002   17.925894996002967        93.592280973386593        1.0000000000000000     
   1550.0052000000001        1.1388709000000000E-002   17.894283265108118        93.485091896091944        1.0000000000000000     
   5250.0051999999996        1.1909968000000000E-002   14.304202128724214        92.594303434505917        2.0000000000000000     
   4450.0051999999996        1.2087890000000000E-002   17.586438749542040        92.507313573451967        1.5000000000000000     
   5400.0051999999996        1.0749447000000001E-002   17.897627634683797        91.594183539462264        1.0000000000000000     
   5050.0051999999996        1.2097159999999999E-002   17.566455207116917        91.438549229859518        1.5000000000000000     
   760.00521000000003        1.2424213000000000E-002   14.737285431038718        90.570770175008505       0.50000000000000000     
   1600.0052000000001        1.2899911999999999E-002   16.026941576910815        90.259790966611590        2.0000000000000000     
   2600.0052000000001        1.2131939000000000E-002   17.520066119319100        89.797172567439162        1.5000000000000000     
   6450.0051999999996        1.1928062000000000E-002   14.348123388798149        89.749884416867943        2.0000000000000000     
   920.00521000000003        1.1458591000000001E-002   14.169268433954604        89.047092073418966        1.0000000000000000     
   480.00520999999998        1.1044628000000001E-002   14.114869689700607        88.892695984627963       0.50000000000000000     
   9550.0051999999996        1.0972088000000000E-002   14.118099872833374        88.558176571669208        1.5000000000000000     
   8050.0051999999996        1.2047594999999999E-002   14.446818872321526        87.745672073885245        2.0000000000000000     
   4400.0051999999996        1.2782224000000000E-002   16.566362431855559        87.427223532876837        2.0000000000000000     
   7300.0051999999996        1.2083363999999999E-002   17.517122534085171        86.883458265733907        1.5000000000000000     
   1450.0052000000001        1.2553929000000000E-002   17.020531062391591        86.404476932728883        1.5000000000000000     
   4500.0051999999996        1.1948271000000000E-002   14.404797571876971        86.097216143145545        2.0000000000000000     
   6350.0051999999996        1.2767603000000001E-002   16.526628421013378        85.043950225543682        2.0000000000000000     
   10600.004999999999        1.2173435000000000E-002   14.579258243626029        84.886421173568777        2.0000000000000000     
   9200.0051999999996        1.1022774000000001E-002   14.157525064733960        84.880811025386166        1.5000000000000000     
   7950.0051999999996        1.2042710000000000E-002   14.482319396635871        84.764963605364855        2.0000000000000000     
   10600.004999999999        9.8169577000000001E-003   14.590031595829084        84.689999895385483        1.0000000000000000     
   7500.0051999999996        1.2791334999999999E-002   16.421182772180043        84.656904166144983        2.0000000000000000     
   4450.0051999999996        1.2780237999999999E-002   16.464999576082867        84.636802402027513        2.0000000000000000     
   9100.0051999999996        1.2199831000000000E-002   17.392983528279522        84.499938838124521        1.5000000000000000     
   1100.0052000000001        1.1985475000000001E-002   17.546782905638675        84.092457764125982       0.50000000000000000     
   9450.0051999999996        1.2173064000000001E-002   17.409370624491451        84.060117890092073        1.5000000000000000     
   5150.0051999999996        1.2758494000000000E-002   16.505935494105806        83.706800520994221        2.0000000000000000     
   9050.0051999999996        1.2217541000000000E-002   14.650111460427354        82.615129413556730        2.0000000000000000     
   860.00521000000003        1.2440058000000000E-002   14.891532854216527        82.561663120069895       0.50000000000000000     
   8300.0051999999996        1.2124742000000001E-002   14.580410517448296        82.006971734804651        2.0000000000000000     
   940.00521000000003        1.1335052000000000E-002   14.224740275463814        81.595171100317970        1.0000000000000000     
   2050.0052000000001        1.2801323999999999E-002   16.125115099668847        81.510552615352694        2.0000000000000000     
   10800.004999999999        1.2176681000000000E-002   17.367591647445259        81.372127603458182        1.5000000000000000     
   1000.0051999999999        1.0894664000000000E-002   14.208780992476353        80.489027768771976        1.0000000000000000     
   10900.004999999999        1.1030211999999999E-002   14.224286477344229        78.851779639030966        1.5000000000000000     
   500.00520999999998        1.0965533000000000E-002   14.225750643692637        78.728716467239352       0.50000000000000000     
   4300.0051999999996        1.2729436000000000E-002   16.390691663680972        78.589725018305913        2.0000000000000000     
   2800.0052000000001        1.2735886000000000E-002   16.347501556679639        78.351442138416573        2.0000000000000000     
   4450.0051999999996        1.2720024000000000E-002   16.392459931326560        77.812687578941748        2.0000000000000000     
   2950.0052000000001        1.2121767000000000E-002   17.355824149585533        77.415508392042639        1.5000000000000000     
   960.00521000000003        1.1201312000000000E-002   14.253724409955607        77.250121722373166        1.0000000000000000     
   780.00521000000003        1.2390152000000000E-002   14.932592940535741        76.797011934547129       0.50000000000000000     
   980.00521000000003        1.1055395000000001E-002   14.250792672358946        76.569869751656242        1.0000000000000000     
   5150.0051999999996        1.2709655000000000E-002   16.372329577317235        76.538741917927851        2.0000000000000000     
   7200.0051999999996        1.2715526000000000E-002   16.328899103304924        76.280105557532252        2.0000000000000000     
   11000.004999999999        1.0838075000000001E-002   17.728222227818758        75.324292166610405        1.0000000000000000     
   8250.0051999999996        1.2100039999999999E-002   17.341829224126496        75.264841894986375        1.5000000000000000     
   5300.0051999999996        1.2018793000000000E-002   14.597175897609652        75.146365822223402        2.0000000000000000     
   1700.0052000000001        1.2274998000000001E-002   14.841643930901375        74.185218124160741        2.0000000000000000     
   5900.0051999999996        1.2016763000000000E-002   17.385763290167141        73.853672238639945        1.5000000000000000     
   9000.0051999999996        1.2700981000000000E-002   15.894671278226102        72.610766196113715        2.0000000000000000     
   3700.0052000000001        1.2051272999999999E-002   14.660632780234732        72.476986807159008        2.0000000000000000     
   4000.0052000000001        1.2012769000000000E-002   17.361930563439483        72.013897588384594        1.5000000000000000     
   3200.0052000000001        1.0691246000000000E-002   17.662247514308405        71.459893845277293        1.0000000000000000     
   4000.0052000000001        1.0709600999999999E-002   17.662764436986166        71.227926849267050        1.0000000000000000     
   1650.0052000000001        1.2616502000000000E-002   15.524502634556262        70.979414645838645        2.0000000000000000     
   4700.0051999999996        1.2010407000000001E-002   17.347086572131985        70.889113399202230        1.5000000000000000     
   520.00521000000003        1.0882140000000000E-002   14.332378815219705        69.871282833769698       0.50000000000000000     
   1650.0052000000001        1.2650233000000000E-002   15.744904543177077        69.708569550811930        2.0000000000000000     
   5950.0051999999996        1.2659594999999999E-002   16.169631346383674        69.575762400002063        2.0000000000000000     
   880.00521000000003        1.2406341000000000E-002   15.124941909579368        68.588043674944601       0.50000000000000000     
   1050.0052000000001        1.1849538999999999E-002   17.410512658634467        67.781561246504225       0.50000000000000000     
   6850.0051999999996        1.2089766000000000E-002   14.775252667309484        67.189899474674135        2.0000000000000000     
   2250.0052000000001        1.2622800999999999E-002   15.970397591778726        65.858988030053652        2.0000000000000000     
   3100.0052000000001        1.2619613000000000E-002   15.950289636149810        65.640438062549450        2.0000000000000000     
   10000.004999999999        1.2576821000000000E-002   15.629051531811783        65.599183840325225        2.0000000000000000     
   8250.0051999999996        1.2611885999999999E-002   15.848952205238776        65.524801097229940        2.0000000000000000     
   3150.0052000000001        1.2214381000000000E-002   14.930468653870831        65.465463848306612        2.0000000000000000     
   800.00521000000003        1.2355400000000001E-002   15.126918944163577        64.984494004039504       0.50000000000000000     
   2100.0052000000001        1.2448203000000000E-002   15.300863622556102        64.652092371783880        2.0000000000000000     
   1700.0052000000001        1.2315713000000001E-002   15.076606401915884        64.593912435079517        2.0000000000000000     
   2300.0052000000001        1.2210110999999999E-002   14.943355484266000        64.521657641591148        2.0000000000000000     
   9300.0051999999996        1.2518283999999999E-002   15.487125958996490        64.205654880497164        2.0000000000000000     
   12000.004999999999        1.2438803000000000E-002   15.307018885272342        63.759424711485487        2.0000000000000000     
   10400.004999999999        1.2434150000000000E-002   15.305285364953587        63.485368404545220        2.0000000000000000     
   537.81520999999998        1.0803879000000001E-002   14.423252680921394        63.114887067834992       0.50000000000000000     
   3550.0052000000001        9.8407375000000002E-003   14.928029642872815        62.325250602954725        1.0000000000000000     
   6800.0051999999996        9.8003349000000007E-003   14.975849892330599        62.201995916310238        1.0000000000000000     
   8000.0051999999996        1.2542072000000000E-002   15.736058654020921        61.191280134275871        2.0000000000000000     
   4800.0051999999996        1.0964725999999999E-002   14.445811293826569        60.418667938708104        1.5000000000000000     
   7900.0051999999996        1.2533470999999999E-002   15.762646007075146        60.196758573221516        2.0000000000000000     
   2200.0052000000001        1.1053159000000000E-002   14.454055123008706        59.819284272336915        1.5000000000000000     
   6000.0051999999996        1.2261751000000000E-002   15.134289239993569        58.536769102295153        2.0000000000000000     
   7550.0051999999996        1.2396322000000000E-002   15.378281354851284        58.406232209946012        2.0000000000000000     
   6800.0051999999996        1.2525455000000000E-002   15.909991337734482        58.377865840924294        2.0000000000000000     
   4100.0051999999996        1.0968822000000000E-002   14.475200039291590        58.149672965465996        1.5000000000000000     
   1700.0052000000001        9.9184453999999998E-003   14.929796145280658        57.877416710122070        1.0000000000000000     
   900.00521000000003        1.2371960000000000E-002   15.356699270821714        57.402753813213586       0.50000000000000000     
   6000.0051999999996        1.0975798000000000E-002   14.491435711331256        56.908797051427747        1.5000000000000000     
   3650.0052000000001        1.2493949000000001E-002   15.801935332957141        56.777833463172961        2.0000000000000000     
   7250.0051999999996        1.2315922999999999E-002   15.277187358953594        56.352788197637636        2.0000000000000000     
   8800.0051999999996        1.2043999999999999E-002   17.073718603545636        56.070191507748490        1.5000000000000000     
   1050.0052000000001        1.2090260000000000E-002   17.025080400071861        55.986418073800394       0.50000000000000000     
   4500.0051999999996        1.2411415000000000E-002   15.508353135033873        55.845225887531974        2.0000000000000000     
   5250.0051999999996        1.2468139000000000E-002   15.761201607605352        55.311422568334898        2.0000000000000000     
   2850.0052000000001        1.2356775000000000E-002   15.394614905233331        55.183239891883701        2.0000000000000000     
   820.00521000000003        1.2319932000000000E-002   15.320127540083277        55.111178015654517       0.50000000000000000     
   6750.0051999999996        1.0608800000000000E-002   17.432218917561439        55.107210360522970        1.0000000000000000     
   1650.0052000000001        1.1191799000000001E-002   14.536470204934922        54.467656386717124        1.5000000000000000     
   4350.0051999999996        1.2348839000000000E-002   15.402439597886774        54.411129084377379        2.0000000000000000     
   1500.0052000000001        1.2304357000000000E-002   16.681805805797016        54.155160309323264        1.5000000000000000     
   4450.0051999999996        1.2413766000000000E-002   15.607509634266016        53.819577158588601        2.0000000000000000     
   5200.0051999999996        1.2324238000000000E-002   15.368675770199983        53.804416012447746        2.0000000000000000     
   4500.0051999999996        1.2337133000000000E-002   15.396888978358447        53.791691090192295        2.0000000000000000     
   8300.0051999999996        1.1104095000000000E-002   14.536860161275298        53.790347335891404        1.5000000000000000     
   6400.0051999999996        1.2397015000000001E-002   15.560783802150564        53.614046788370736        2.0000000000000000     
   5200.0051999999996        1.2384552000000000E-002   15.531231904479736        53.418196459675613        2.0000000000000000     
   2100.0052000000001        1.2051086000000001E-002   16.996612288970468        52.450446503512261        1.5000000000000000     
   7400.0051999999996        1.1031724000000000E-002   14.565168011681704        51.493729639324144        1.5000000000000000     
   11700.004999999999        9.9334969999999995E-003   15.051039773851100        50.948854761288786        1.0000000000000000     
   7500.0051999999996        1.1961678999999999E-002   17.030602880914468        49.674220306551561        1.5000000000000000     
   920.00521000000003        1.2336892000000000E-002   15.586632017070325        48.953834854598270       0.50000000000000000     
   1000.0051999999999        1.1963118999999999E-002   16.982884660937518        47.341512073564189       0.50000000000000000     
   11300.004999999999        1.2000650000000000E-002   16.941802533980852        47.207311491707173        1.5000000000000000     
   840.00521000000003        1.2283718000000001E-002   15.512075992517143        47.150045419190654       0.50000000000000000     
   1600.0052000000001        1.1039933000000000E-002   17.369766587715262        46.946377336844016        1.0000000000000000     
   12200.004999999999        1.0709227000000000E-002   17.332128731369028        46.477896146335326        1.0000000000000000     
   940.00521000000003        1.2301108999999999E-002   15.814559564888588        43.181821734054793       0.50000000000000000     
   3500.0052000000001        1.0630606000000001E-002   17.254858462102810        42.778041177808610        1.0000000000000000     
   11300.004999999999        9.9842258999999992E-003   15.192656694856542        42.090006682407434        1.0000000000000000     
   980.00521000000003        1.2006564000000001E-002   16.806926983922974        41.607556881588025       0.50000000000000000     
   1000.0051999999999        1.2189208000000000E-002   16.484571610345462        41.225634431777777       0.50000000000000000     
   860.00521000000003        1.2246729000000000E-002   15.702615156966509        41.069275505073165       0.50000000000000000     
   960.00521000000003        1.2264588000000000E-002   16.040293854483490        40.020162130056640       0.50000000000000000     
   3450.0052000000001        1.1860219999999999E-002   16.923417056079831        39.816937995839695        1.5000000000000000     
   980.00521000000003        1.2227297000000000E-002   16.263671385754645        39.394514997634879       0.50000000000000000     
   960.00521000000003        1.2048957000000001E-002   16.628396822848604        37.379834965979605       0.50000000000000000     
   5800.0051999999996        1.1868551000000000E-002   16.859416704530648        37.324448193248514        1.5000000000000000     
   880.00521000000003        1.2208932000000000E-002   15.891588302931131        36.831743754427926       0.50000000000000000     
   3250.0052000000001        9.9473556000000008E-003   15.440731210804437        35.521046452048132        1.0000000000000000     
   4450.0051999999996        1.1861943000000000E-002   16.821385047786876        35.440478735169819        1.5000000000000000     
   940.00521000000003        1.2090347000000000E-002   16.447421835480856        34.726073334353281       0.50000000000000000     
   1950.0052000000001        1.0080952000000001E-002   15.267795439298130        34.519319292854014        1.0000000000000000     
   900.00521000000003        1.2170294999999999E-002   16.078830541054490        34.395117756006847       0.50000000000000000     
   3050.0052000000001        1.1175658000000000E-002   14.842768074414970        34.251035605133907        1.5000000000000000     
   4050.0052000000001        9.9735299999999995E-003   15.445186609034566        34.036465093882008        1.0000000000000000     
   920.00521000000003        1.2130779000000000E-002   16.264169338144622        33.711166214509937       0.50000000000000000     
   5150.0051999999996        1.1124675000000001E-002   14.857734087999411        33.007880781091544        1.5000000000000000     
   4400.0051999999996        1.0460605000000000E-002   17.012984216821021        32.927099341802723        1.0000000000000000     
   4550.0051999999996        1.1107979000000000E-002   14.861491545548978        32.696523181418193        1.5000000000000000     
   2700.0052000000001        1.1172345000000000E-002   14.955504241953596        28.016853914729090        1.5000000000000000     
   1550.0052000000001        1.2011219000000000E-002   16.202804349955489        26.592338019009659        1.5000000000000000     
   7850.0051999999996        1.1809658000000001E-002   16.635729550817821        26.492453995583396        1.5000000000000000     
   7900.0051999999996        1.1233218999999999E-002   15.022817362259554        25.231924593815720        1.5000000000000000     
   5450.0051999999996        1.0038495999999999E-002   15.724353931733939        25.011768535282453        1.0000000000000000     
   1900.0052000000001        1.0734034999999999E-002   16.923814834841128        23.104280210929588        1.0000000000000000     
   7600.0051999999996        1.0443895999999999E-002   16.772187632492347        22.638134911112573        1.0000000000000000     
   2250.0052000000001        1.0474737000000000E-002   16.746999568039360        20.847739278243715        1.0000000000000000     
   11700.004999999999        1.1346975000000000E-002   15.160380227793155        20.633824939472198        1.5000000000000000     
   8900.0051999999996        1.0562334000000000E-002   16.795620464673888        20.614086054416653        1.0000000000000000     
   7800.0051999999996        1.0407937000000001E-002   16.681805805797016        20.384943916108352        1.0000000000000000     
   5250.0051999999996        1.0141450000000000E-002   15.877815328122288        18.800930833469423        1.0000000000000000     
   7100.0051999999996        1.0390270000000000E-002   16.608993304370109        18.566088134954676        1.0000000000000000     
   5950.0051999999996        1.0253385000000000E-002   16.370906906519796        17.375147889826341        1.0000000000000000     
   2650.0052000000001        1.1719241000000000E-002   16.419790526485180        17.338293077309967        1.5000000000000000     
   1600.0052000000001        1.1653804000000000E-002   15.524557317861856        16.337635731877640        1.5000000000000000     
   9000.0051999999996        1.0206913999999999E-002   15.862911457467167        16.194467577717759        1.0000000000000000     
   8250.0051999999996        1.1742646000000001E-002   16.306721478719041        16.140029297128578        1.5000000000000000     
   5100.0051999999996        1.1680816000000000E-002   16.398285794036042        15.553550456946237        1.5000000000000000     
   4500.0051999999996        1.1668985000000000E-002   16.413669301316794        15.466580964718858        1.5000000000000000     
   3000.0052000000001        1.1714633000000000E-002   16.278955201487197        14.712908815235446        1.5000000000000000     
   2150.0052000000001        1.0435219000000001E-002   16.514644473283585        14.595913001625739        1.0000000000000000     
   11600.004999999999        1.1728851000000000E-002   16.219476855234916        14.484847389722823        1.5000000000000000     
   9150.0051999999996        1.1712978000000001E-002   16.037875638369691        12.744305452663458        1.5000000000000000     
   7350.0051999999996        1.1640751000000000E-002   16.261667881149446        11.975798568225084        1.5000000000000000     
   9500.0051999999996        1.1678348999999999E-002   16.038513373841628        11.541016724264155        1.5000000000000000     
   8850.0051999999996        1.1506024000000000E-002   15.576531256294805        10.884651826604667        1.5000000000000000     
   4500.0051999999996        1.1373400000000001E-002   15.468997269891910        10.534786450588516        1.5000000000000000     
   1650.0052000000001        1.0585012000000000E-002   16.484043256691251        10.162822905267195        1.0000000000000000     
   2150.0052000000001        1.1628806000000000E-002   15.938782219105457        9.9786155549775604        1.5000000000000000     
   5850.0051999999996        1.1381583000000001E-002   15.501995595731978        9.8403493131183914        1.5000000000000000     
   8300.0051999999996        1.1605251000000000E-002   15.947019640630547        9.2283927476188019        1.5000000000000000     
   5950.0051999999996        1.1576891000000001E-002   16.152336736872400        8.9002430851239751        1.5000000000000000     
   7550.0051999999996        1.1468511000000001E-002   15.639663838242017        8.7336178453020388        1.5000000000000000     
   4050.0052000000001        1.1571902000000000E-002   16.134292608442994        8.6276604568504265        1.5000000000000000     
   4750.0051999999996        1.1569015000000000E-002   16.112555854213763        8.4111726630968811        1.5000000000000000     
