  #time	ai	proti	chi2	massp                                                                                                                                                                              
   400.00520999999998        1.3317073000000000E-002   9.4990691868251602        99.686865344292244        1.5000000000000000     
   860.00521000000003        1.3847478999999999E-002   11.757154896387620        99.661558698196501        3.5000000000000000     
   740.00521000000003        1.3818510000000001E-002   11.820272596082361        99.495647475347809        3.0000000000000000     
   460.00522000000001        1.3921964000000000E-002   10.466750023781575        99.457533314808316       0.50000000000000000     
   520.00521000000003        1.3981749000000000E-002   10.803335128414755        99.150159199733409        3.0000000000000000     
   420.00520999999998        1.3565730000000000E-002   12.228735324612197        99.032525242882684       0.50000000000000000     
   7200.0051999999996        1.3267868000000000E-002   12.533205496255073        98.955209258276767        3.5000000000000000     
   740.00521000000003        1.2285348999999999E-002   12.967959480611704        98.857211445600527        1.0000000000000000     
   720.00521000000003        1.3080319000000000E-002   12.659843856080721        98.054268629709853        1.5000000000000000     
   560.00521000000003        1.2712793999999999E-002   9.1524080275177262        98.041782678849302        3.5000000000000000     
   740.00521000000003        1.3953200000000001E-002   11.326209548279701        98.035077474175779        3.5000000000000000     
   420.00520999999998        1.3818089000000000E-002   10.219313279408105        97.872987911778040        1.5000000000000000     
   540.00521000000003        1.3916717000000000E-002   10.509987801583101        97.847904778666717        3.5000000000000000     
   860.00521000000003        1.3847109999999999E-002   11.707604860592269        97.813003707276451        3.5000000000000000     
   2900.0052000000001        1.2797424000000000E-002   12.808063814196522        97.624493167096944        3.0000000000000000     
   1500.0052000000001        1.2303244000000000E-002   12.951783335014703        97.535375037311809        2.5000000000000000     
   3700.0052000000001        1.2805639000000001E-002   12.800416479029431        97.263840811762563        3.0000000000000000     
   640.00521000000003        1.3955576000000001E-002   10.773231287864744        96.892543306642153        3.5000000000000000     
   500.00520999999998        1.3221233000000001E-002   9.4585939500543432        96.683566391053546        3.5000000000000000     
   220.00521000000001        1.3785310000000000E-002   11.823861276709072        96.651983504250211        2.5000000000000000     
   180.00521000000001        1.3767329000000000E-002   10.143153307219530        96.440954627485965       0.50000000000000000     
   520.00521000000003        1.0938382999999999E-002   9.3503452884378468        96.209782447693144        1.5000000000000000     
   9700.0051999999996        1.2311318999999999E-002   12.934753401508154        96.004753443674943        2.5000000000000000     
   780.00521000000003        1.3814997000000001E-002   11.734949471211525        95.859124639576493        3.5000000000000000     
   380.00520999999998        1.3949381000000000E-002   11.092539630864543        95.216251454571179        2.0000000000000000     
   560.00522000000001        1.3846753000000000E-002   11.627608734690751        95.109738186074921       0.50000000000000000     
   880.00521000000003        1.1982021000000001E-002   9.0534109646213903        94.738300104658379        3.5000000000000000     
   400.00520999999998        1.3072643000000000E-002   9.3785224385412675        94.493811688463524       0.50000000000000000     
   9600.0051999999996        1.0836115000000000E-002   9.4449794044541040        94.317933554345643        2.5000000000000000     
   1000.0051999999999        1.3659401999999999E-002   12.004260050434180        94.053833889240337        3.5000000000000000     
   400.00520999999998        1.3215495000000001E-002   9.4911813814105308        93.849043140679925        1.0000000000000000     
   1800.0052000000001        1.1323918000000001E-002   12.811231742709035        93.441180546161561        2.0000000000000000     
   7950.0051999999996        1.1755755000000000E-002   9.0828413063941849        93.378824249226341        3.5000000000000000     
   540.00521000000003        1.2898420000000001E-002   9.2897407248099757        93.303630959579735        3.5000000000000000     
   520.00521000000003        1.3066886000000000E-002   9.3895556829326843        93.294415389654603        3.5000000000000000     
   480.00522000000001        1.3907210000000000E-002   10.697312545272508        93.226746509959113       0.50000000000000000     
   400.00520999999998        1.2990455000000000E-002   9.3448445765155483        93.013513770867590        2.0000000000000000     
   720.00521000000003        1.2939307000000001E-002   12.683661318102475        92.925325860497253        1.5000000000000000     
   180.00521000000001        1.3909671000000000E-002   10.782293504347464        92.355990733295556        3.5000000000000000     
   5950.0051999999996        1.2754946000000000E-002   12.764936036984356        92.123565338095005        3.0000000000000000     
   220.00521000000001        1.3151782000000001E-002   9.4650308422405320        92.068302190105499       0.50000000000000000     
   700.00521000000003        1.0178642000000000E-002   10.400747395525315        91.911220125948574        1.5000000000000000     
   660.00521000000003        1.0100511000000000E-002   10.739270379455679        91.900964410467054        1.0000000000000000     
   440.00520999999998        1.1695443999999999E-002   9.1076522689566346        91.843354757145065        1.5000000000000000     
   760.00521000000003        1.3721690999999999E-002   11.841308124034873        91.800484692975033        3.0000000000000000     
   8350.0051999999996        1.1440440000000000E-002   12.832247141121744        91.755922387951657        2.0000000000000000     
   280.00520999999998        1.1671849999999999E-002   12.886850907616191        91.697216735255083       0.50000000000000000     
   3100.0052000000001        1.3223880000000000E-002   12.471353723563542        91.569101135129443        3.5000000000000000     
   460.00520999999998        1.3816617000000000E-002   10.408501667282390        91.249193965117769        1.5000000000000000     
   760.00521000000003        1.2164777999999999E-002   9.0997749034323956        90.950177516732751        3.5000000000000000     
   1550.0052000000001        1.2852578999999999E-002   12.702061791371904        90.597631081924987        3.0000000000000000     
   540.00522000000001        1.3862085999999999E-002   11.393974435530373        90.564507445191595       0.50000000000000000     
   400.00520999999998        1.3890202000000001E-002   11.219015465815962        90.520788853932345        2.0000000000000000     
   560.00521000000003        1.2731813999999999E-002   12.756399103849139        90.512236942952470       0.50000000000000000     
   1850.0052000000001        1.0274438000000000E-002   10.199699306854763        90.451138666103105        2.0000000000000000     
   4050.0052000000001        1.1698007999999999E-002   9.1223281371008760        90.421267308055818        3.5000000000000000     
   720.00521000000003        1.3778989000000000E-002   11.672343291915329        90.421187768294516        3.5000000000000000     
   8150.0051999999996        1.2259008000000000E-002   12.881873811882516        90.213352143981325        2.5000000000000000     
   540.00521000000003        1.3893660000000000E-002   10.853567171838913        90.184773732539142        3.0000000000000000     
   400.00520999999998        1.3583480000000000E-002   12.048410027645829        90.164314759891511       0.50000000000000000     
   240.00521000000001        1.3704021000000000E-002   11.836921549408286        90.103134353423471        2.5000000000000000     
   700.00521000000003        1.3148852000000001E-002   12.511030053213950        90.076818456493172        1.5000000000000000     
   4550.0051999999996        1.1306142999999999E-002   12.765899582905867        89.995970118619653        2.0000000000000000     
   1650.0052000000001        1.2168913000000000E-002   12.889603052204146        89.978279787440044        2.5000000000000000     
   94.005206999999999        1.0946762000000001E-002   9.4230827836818101        89.899454342582587        1.0000000000000000     
   200.00521000000001        1.3375863000000000E-002   9.6959899039692417        89.836034257109361        1.5000000000000000     
   2750.0052000000001        1.2770472999999999E-002   12.731541591692208        89.796621703180620        3.0000000000000000     
   500.00522000000001        1.3892313000000000E-002   10.928753413641267        89.648118670129548       0.50000000000000000     
   4500.0051999999996        1.0756325000000001E-002   9.5747993366027089        89.448111354648574        2.5000000000000000     
   10700.004999999999        1.0351567000000001E-002   10.075178173184369        89.315671966123574        2.0000000000000000     
   880.00521000000003        1.0421115999999999E-002   9.9619266589369779        89.261776017937635        2.0000000000000000     
   180.00521000000001        1.0111805999999999E-002   10.978896002734212        89.143053511406393        1.0000000000000000     
   200.00521000000001        1.3751420000000000E-002   10.301781225988389        88.874540330877295       0.50000000000000000     
   520.00522000000001        1.3877272000000000E-002   11.160998558190208        88.751771875147028       0.50000000000000000     
   680.00521000000003        1.2716989999999999E-002   12.741735052187478        88.692889692055175       0.50000000000000000     
   6800.0051999999996        1.0770119999999999E-002   9.5737882789718132        88.667117585027711        2.5000000000000000     
   420.00520999999998        1.2729819999999999E-002   9.2639666919279211        88.661220405704952        2.0000000000000000     
   560.00521000000003        1.3810091000000000E-002   10.507621534682348        87.971653492588430        3.5000000000000000     
   760.00521000000003        1.3847809000000001E-002   11.311216567509756        87.781350549923474        3.5000000000000000     
   880.00521000000003        1.3735944000000000E-002   11.697606329107783        87.503907482467781        3.5000000000000000     
   440.00520999999998        1.3771057999999999E-002   10.400873092536154        87.389990959756688        1.5000000000000000     
   880.00521000000003        1.0163182999999999E-002   10.654098018245225        87.338625984217401        1.5000000000000000     
   660.00521000000003        1.3850754999999999E-002   10.786845372281084        86.768228426233520        3.5000000000000000     
   10900.004999999999        1.2267617000000000E-002   12.842450384083396        86.656054473722051        2.5000000000000000     
   420.00520999999998        1.3829107000000000E-002   11.342440044042313        86.572444168837492        2.0000000000000000     
   480.00520999999998        1.0146081000000000E-002   11.157123026500576        86.542586923364979        1.0000000000000000     
   1200.0052000000001        1.1789792000000000E-002   9.1537367908523812        86.321878534044700        3.5000000000000000     
   7350.0051999999996        1.2758355000000001E-002   12.694621582657234        86.171113947618380        3.0000000000000000     
   500.00520999999998        1.1164264000000000E-002   9.3467441801425295        85.792735535503923        1.5000000000000000     
   700.00521000000003        1.3013201000000000E-002   12.549658355212607        85.700431614493041        1.5000000000000000     
   1000.0051999999999        1.1875381000000001E-002   9.1528118920520782        85.690842510031004        3.5000000000000000     
   880.00521000000003        1.3735588999999999E-002   11.644163471628955        85.680397373208507        3.5000000000000000     
   740.00521000000003        1.2176269999999999E-002   12.840012368432165        85.417913238827282        2.0000000000000000     
   1100.0052000000001        1.0592958000000000E-002   12.193127098092230        85.082987989177013        1.5000000000000000     
   460.00520999999998        1.1537188000000000E-002   9.2148959603509688        85.019782389233939        1.5000000000000000     
   420.00520999999998        1.1841477000000000E-002   9.1641407082858670        84.887719533165992       0.50000000000000000     
   6500.0051999999996        1.1278895000000001E-002   12.690808295533596        84.470626358565028        2.0000000000000000     
   9150.0051999999996        1.0388527000000000E-002   10.121150132087207        84.230560706109145        2.0000000000000000     
   200.00521000000001        1.3802814000000000E-002   10.677193782342092        83.858558346497304        3.5000000000000000     
   2200.0052000000001        1.1384504000000000E-002   12.724879918218225        83.851149719017343        2.0000000000000000     
   8800.0051999999996        1.2855976000000000E-002   12.618474660112822        83.803877423904510        3.0000000000000000     
   1050.0052000000001        1.3551326000000001E-002   11.970574593806123        83.715687348399399        3.5000000000000000     
   260.00520999999998        1.3619147999999999E-002   11.851713277446050        83.676396592980865        2.5000000000000000     
   780.00521000000003        1.3619765000000001E-002   11.846555117543572        83.507358336589775        3.0000000000000000     
   800.00521000000003        1.3701372999999999E-002   11.662705810592996        83.346230242130076        3.5000000000000000     
   440.00520999999998        1.3765964000000000E-002   11.462386332749890        83.310753030112807        2.0000000000000000     
   8000.0051999999996        1.1348428000000001E-002   12.705000141714287        83.289287231087513        2.0000000000000000     
   5300.0051999999996        1.2138783000000000E-002   12.818577026999771        83.162075665763808        2.5000000000000000     
   720.00521000000003        1.2356485000000000E-002   12.787949341655853        83.096107867558601        1.0000000000000000     
   380.00520999999998        1.3601045000000001E-002   11.868985219442456        82.962012766019029       0.50000000000000000     
   680.00521000000003        1.3214890000000000E-002   12.356286381145708        82.886761988280696        1.5000000000000000     
   7850.0051999999996        1.3225669000000001E-002   12.343583170154176        82.687006369592879        3.5000000000000000     
   480.00520999999998        1.1361641000000000E-002   9.2973948353451501        82.659162344655627        1.5000000000000000     
   420.00520999999998        1.3256010000000000E-002   9.6865972787099146        82.564696417187406        1.5000000000000000     
   220.00521000000001        1.3735359000000001E-002   10.467584367822463        82.373435199309071       0.50000000000000000     
   480.00520999999998        1.3769451000000000E-002   10.596992973913228        82.334291445630555        1.5000000000000000     
   700.00521000000003        1.1010463000000000E-002   12.518812104785164        82.149341618393734       0.50000000000000000     
   420.00520999999998        1.1894375000000000E-002   9.1915059216311565        82.045184380271635        1.0000000000000000     
   4600.0051999999996        1.1301980000000000E-002   12.670370021208383        81.934196740404758        2.0000000000000000     
   2100.0052000000001        1.3187228000000000E-002   12.364204146770813        81.764082345035973        3.5000000000000000     
   1200.0052000000001        1.2991264000000001E-002   12.509985803003770        81.566535616582357        3.0000000000000000     
   1050.0052000000001        1.0752032999999999E-002   12.305700155687980        81.556863938290121        1.5000000000000000     
   560.00521000000003        1.3801347000000000E-002   10.894075280726849        81.401780604284525        3.0000000000000000     
   460.00520999999998        1.3700624999999999E-002   11.578381711862203        80.666273284862143        2.0000000000000000     
   5150.0051999999996        1.0790877000000001E-002   9.6731208638041508        80.564667314899850        2.5000000000000000     
   6050.0051999999996        1.1269879000000000E-002   9.3614958300367483        80.444313413777323        3.0000000000000000     
   2250.0052000000001        1.0365446000000000E-002   10.264524775017435        80.317267608684659        2.0000000000000000     
   6750.0051999999996        1.0792846000000000E-002   9.6755325555610998        80.285870310996273        2.5000000000000000     
   3400.0052000000001        1.2107342000000000E-002   12.785113433155312        79.953804495218179        2.5000000000000000     
   5300.0051999999996        1.1249453000000000E-002   12.619143153978392        79.623632565373995        2.0000000000000000     
   8500.0051999999996        1.3260440000000000E-002   12.262408188379762        79.559586511535173        3.5000000000000000     
   980.00521000000003        1.1971598999999999E-002   9.2183785244244945        79.374540111895200        3.5000000000000000     
   260.00520999999998        1.1722913999999999E-002   12.757924013572854        79.176835016828875       0.50000000000000000     
   8100.0051999999996        1.1346108000000001E-002   12.653396345278919        79.032354059434823        2.0000000000000000     
   680.00521000000003        1.3084184000000000E-002   12.408887794864421        79.010494115158835        1.5000000000000000     
   120.00521000000001        1.2919042000000000E-002   9.4809073920778353        78.807013077734410        3.0000000000000000     
   4800.0051999999996        1.3166838000000000E-002   12.337050998774604        78.730407676992883        3.5000000000000000     
   460.00520999999998        1.3722774000000000E-002   10.581387760132063        78.579665179356738        1.5000000000000000     
   480.00520999999998        1.3632925000000001E-002   11.689904359465181        78.560305034230041        2.0000000000000000     
   580.00521000000003        1.3697235000000000E-002   10.490273721809395        78.510691542506891        3.5000000000000000     
   420.00520999999998        1.2892331999999999E-002   9.4735846748133561        78.155002849529296        2.0000000000000000     
   5600.0051999999996        1.2085812000000000E-002   12.765190802306726        78.081554385082470        2.5000000000000000     
   740.00521000000003        1.3663178999999999E-002   11.588815404830326        77.821702410807774        3.5000000000000000     
   9800.0051999999996        1.2818178000000000E-002   12.561485750984556        77.691323784208961        3.0000000000000000     
   240.00521000000001        1.3129827000000000E-002   9.6497026618068045        77.495299040415844       0.50000000000000000     
   360.00520999999998        1.3618430000000001E-002   11.690509657163963        77.402984241645115       0.50000000000000000     
   220.00521000000001        1.3316688000000000E-002   9.8331226912732923        77.381749749465143        1.5000000000000000     
   780.00521000000003        1.3736415000000000E-002   11.278609949733164        77.319017658487439        3.5000000000000000     
   240.00521000000001        1.3719142000000000E-002   10.635996021728479        77.198706443364458       0.50000000000000000     
   280.00520999999998        1.3530337999999999E-002   11.860242183034176        77.048777599641767        2.5000000000000000     
   3750.0052000000001        1.1786321000000001E-002   9.2582213982401846        76.986283112054608        3.5000000000000000     
   500.00520999999998        1.3562680000000001E-002   11.796376572354916        76.904613296832792        2.0000000000000000     
   680.00521000000003        1.3739941000000000E-002   10.783749281089882        76.853980211832678        3.5000000000000000     
   660.00521000000003        1.3278610000000000E-002   12.196244160916132        76.646091614451507        1.5000000000000000     
   420.00520999999998        1.3172744000000000E-002   9.7062282520987857        76.229346120158198        1.0000000000000000     
   520.00521000000003        1.3489685000000000E-002   11.897155760278292        75.601248638986036        2.0000000000000000     
   220.00521000000001        1.2041477000000000E-002   9.2620139973920210        75.557889921410677        3.0000000000000000     
   420.00520999999998        1.3049708000000000E-002   9.6145660103143822        75.532855587720690       0.50000000000000000     
   2100.0052000000001        1.2099370999999999E-002   12.734664192785701        75.473359204895061        2.5000000000000000     
   220.00521000000001        1.3689799000000001E-002   10.599009908258516        75.405346338795752        3.5000000000000000     
   2850.0052000000001        1.1304763000000001E-002   9.4108756779091305        75.216763659765135        3.0000000000000000     
   500.00520999999998        1.3721024000000000E-002   10.784153386789008        75.212837931778637        1.5000000000000000     
   540.00521000000003        1.2759693000000001E-002   12.557838106666587        75.099824441618082       0.50000000000000000     
   900.00521000000003        1.3617700000000000E-002   11.618156134442447        74.976760434511505        3.5000000000000000     
   440.00520999999998        1.2615961000000000E-002   9.3814695641497803        74.976216659810689        2.0000000000000000     
   800.00521000000003        1.3512135000000000E-002   11.834309151576562        74.565602835279705        3.0000000000000000     
   540.00521000000003        1.3413705999999999E-002   11.991525678333563        74.542197422686485        2.0000000000000000     
   96.005206999999999        1.0927243999999999E-002   9.6550643117980233        73.991436129273040        1.0000000000000000     
   560.00521000000003        1.3334478000000000E-002   12.078681870111501        73.609654117244929        2.0000000000000000     
   340.00520999999998        1.3635637000000001E-002   11.513015669253749        73.462339999832523       0.50000000000000000     
   260.00520999999998        1.3702768000000001E-002   10.810321465874754        73.384923838766127       0.50000000000000000     
   900.00521000000003        1.3617363000000000E-002   11.561587274592723        73.281086587973576        3.5000000000000000     
   660.00521000000003        1.3152481000000001E-002   12.262089772384503        73.027076713856616        1.5000000000000000     
   580.00521000000003        1.3704367000000000E-002   10.923641416930815        72.767441262244802        3.0000000000000000     
   580.00521000000003        1.3251697999999999E-002   12.157717510879326        72.676443935376000        2.0000000000000000     
   6200.0051999999996        1.0826718000000001E-002   9.7647864129506736        72.558582030887635        2.5000000000000000     
   1500.0052000000001        1.3195830000000000E-002   12.208722831514780        72.275507525843665        3.5000000000000000     
   380.00520999999998        1.2407178000000000E-002   9.3529004944187264        71.968265812371882        3.5000000000000000     
   1800.0052000000001        1.1250091000000000E-002   12.520590716115651        71.863989843057240        2.0000000000000000     
   600.00521000000003        1.3165018000000001E-002   12.227602175267696        71.606851617714170        2.0000000000000000     
   640.00521000000003        1.3340170000000000E-002   12.031474567740633        71.499886795805367        1.5000000000000000     
   480.00520999999998        1.3673167999999999E-002   10.760604870882782        71.420033095081749        1.5000000000000000     
   320.00520999999998        1.3652671000000000E-002   11.336498880062358        71.113826628690731       0.50000000000000000     
   600.00521000000003        1.1244308000000000E-002   9.4924242317373402        71.096376425884827        2.0000000000000000     
   280.00520999999998        1.3686233000000001E-002   10.985743720870703        71.089627885932259       0.50000000000000000     
   2950.0052000000001        1.1199812000000000E-002   12.482390690698448        70.944574051851845        2.0000000000000000     
   820.00521000000003        1.3580722999999999E-002   11.570555876383622        70.605483183685280        3.5000000000000000     
   1700.0052000000001        1.3108852000000001E-002   12.262039323575575        70.557400670247048        3.5000000000000000     
   300.00520999999998        1.3669535000000000E-002   11.160869918516324        70.330659674145437       0.50000000000000000     
   620.00521000000003        1.3074036000000001E-002   12.287159084432602        70.258296170998705        2.0000000000000000     
   660.00521000000003        1.2745136000000001E-002   12.499886541828873        70.122181446568959       0.50000000000000000     
   300.00520999999998        1.3437184000000000E-002   11.859185962739213        70.092461269543747        2.5000000000000000     
   3650.0052000000001        1.3132089000000000E-002   12.233540845343008        70.081213511395276        3.5000000000000000     
   88.005207999999996        1.2096153000000000E-002   9.3298245189447684        69.968286356525695       0.50000000000000000     
   10200.004999999999        1.3206699000000001E-002   12.156925280439307        69.864965370009301        3.5000000000000000     
   520.00521000000003        1.3671267000000001E-002   10.969712570426191        69.851271369320642        1.5000000000000000     
   2550.0052000000001        1.2101176999999999E-002   12.667426041292011        69.763657654131762        2.5000000000000000     
   600.00521000000003        1.3577334000000000E-002   10.455892190244729        69.600899326826450        3.5000000000000000     
   120.00521000000001        1.2348636000000000E-002   9.3708449515682304        69.392328984201939        1.0000000000000000     
   700.00521000000003        1.2424780000000000E-002   12.602470810324583        68.708766973226545        1.0000000000000000     
   640.00521000000003        1.1108585000000001E-002   9.6040475365245328        68.582599114513883        2.0000000000000000     
   640.00521000000003        1.2978277999999999E-002   12.335031643020345        68.483433209643891        2.0000000000000000     
   160.00521000000001        1.0365655999999999E-002   10.748217226813610        68.361875206861527        1.0000000000000000     
   640.00521000000003        1.0362621000000001E-002   10.781867158500468        68.214801505490740        1.0000000000000000     
   640.00521000000003        1.3218292000000000E-002   12.109927714686762        67.904374184225020        1.5000000000000000     
   760.00521000000003        1.2013968000000000E-002   12.647200857153676        67.836642199497419        2.0000000000000000     
   240.00521000000001        1.1772426000000001E-002   12.628924220176742        67.629599102343732       0.50000000000000000     
   620.00521000000003        1.3399713000000001E-002   11.862496443130528        67.577416839969970        1.5000000000000000     
   440.00520999999998        1.3192760000000000E-002   9.8721007997747368        67.370826435880687        1.5000000000000000     
   240.00521000000001        1.3569797999999999E-002   10.521961193049902        67.319674486224841        3.5000000000000000     
   700.00521000000003        1.3622375000000001E-002   10.761896010213047        67.219857046819598        3.5000000000000000     
   5400.0051999999996        1.0419105999999999E-002   10.566335205355236        67.182277850425649        2.0000000000000000     
   1850.0052000000001        1.0410020000000001E-002   10.609979555961997        67.003811759033439        2.0000000000000000     
   800.00521000000003        1.3618256000000000E-002   11.226396409463195        66.750198663420207        3.5000000000000000     
   4450.0051999999996        1.1179306999999999E-002   12.411888429816992        66.674147828030868        2.0000000000000000     
   1350.0052000000001        1.1343504000000001E-002   9.5078643029547578        66.436397295851037        3.0000000000000000     
   540.00521000000003        1.3620106999999999E-002   11.153380017904915        66.206806331343984        1.5000000000000000     
   660.00521000000003        1.2877190000000000E-002   12.369643150297641        66.134615955672786        2.0000000000000000     
   3950.0052000000001        1.3090307000000001E-002   12.204016453403170        65.960624779328214        3.5000000000000000     
   500.00520999999998        1.3622166999999999E-002   10.938252846107853        65.880965493499176        1.5000000000000000     
   240.00521000000001        1.3255510999999999E-002   9.9723837301299483        65.807577934832594        1.5000000000000000     
   460.00520999999998        1.0400591000000001E-002   11.272159360028049        65.804499839273660        1.0000000000000000     
   440.00520999999998        1.1802704000000001E-002   9.3924743254941401        65.576610769121899        1.0000000000000000     
   740.00521000000003        1.2413988000000001E-002   9.4382217291149217        65.263434187989105        3.5000000000000000     
   1900.0052000000001        1.2076302000000001E-002   12.613827815998450        65.256553439252812        2.5000000000000000     
   11200.004999999999        1.3180712000000001E-002   12.102469728145328        65.238009065820151        3.5000000000000000     
   760.00521000000003        1.3540020999999999E-002   11.485431210618520        65.182706337185493        3.5000000000000000     
   600.00521000000003        1.3457367000000000E-002   11.689782969211452        64.992980260815003        1.5000000000000000     
   4600.0051999999996        1.1155411000000000E-002   12.373450690271287        64.992433933751457        2.0000000000000000     
   440.00520999999998        1.2788447999999999E-002   9.5938022658225055        64.976057219686410        2.0000000000000000     
   820.00521000000003        1.3398092000000000E-002   11.802601447806222        64.970760101117634        3.0000000000000000     
   7100.0051999999996        1.3087230000000000E-002   12.187552343225940        64.808741462373533        3.5000000000000000     
   10100.004999999999        1.1322926000000001E-002   12.460594167714746        64.794112095544421        2.0000000000000000     
   440.00520999999998        1.1794835000000000E-002   9.4074284756955837        64.459416594745989       0.50000000000000000     
   260.00520999999998        1.3107573000000001E-002   9.8391794982112835        64.355555238056510       0.50000000000000000     
   600.00521000000003        1.3602199000000001E-002   10.940862822680128        64.263474273399879        3.0000000000000000     
   560.00521000000003        1.3567464000000000E-002   11.334843762286729        64.226596430802729        1.5000000000000000     
   580.00521000000003        1.3513249000000000E-002   11.513766482973109        63.846966071441926        1.5000000000000000     
   620.00521000000003        1.3281794000000000E-002   11.952997488191944        63.780003172017352        1.5000000000000000     
   460.00520999999998        1.2494134000000000E-002   9.4864478549474907        63.375211245328131        2.0000000000000000     
   680.00521000000003        1.2770109000000000E-002   12.389143319159921        63.069675137545985        2.0000000000000000     
   320.00520999999998        1.3339205999999999E-002   11.847903061069653        62.810309514877062        2.5000000000000000     
   680.00521000000003        1.1087135000000000E-002   12.291138698847439        62.509041007695430       0.50000000000000000     
   920.00521000000003        1.3491839000000000E-002   11.516566264499390        62.310610300833190        3.5000000000000000     
   520.00521000000003        1.3569690000000001E-002   11.114039111964580        61.923293481453662        1.5000000000000000     
   5300.0051999999996        1.1129210000000000E-002   12.310026854155677        61.861139246861114        2.0000000000000000     
   98.005206999999999        1.0907447000000001E-002   9.8686126869516144        61.842733302428755        1.0000000000000000     
   3800.0052000000001        1.1385307000000001E-002   9.5534150810198977        61.761384219888889        3.0000000000000000     
   520.00521000000003        1.2787114000000000E-002   12.359566414959302        61.699231547406939       0.50000000000000000     
   1400.0052000000001        1.2730356000000000E-002   12.389903411251728        61.631283718069177        3.0000000000000000     
   4900.0051999999996        1.1861549000000001E-002   9.4376792350843139        61.500369502833358        3.5000000000000000     
   620.00521000000003        1.3449396000000001E-002   10.402029796392478        61.457930617520354        3.5000000000000000     
   5400.0051999999996        1.3065342000000001E-002   12.147344384392163        61.283818286779038        3.5000000000000000     
   440.00520999999998        1.3128892000000000E-002   9.9212514218978285        60.952391803212521        1.0000000000000000     
   920.00521000000003        1.3491525000000001E-002   11.457652588985855        60.852320599677491        3.5000000000000000     
   600.00521000000003        1.3343146000000000E-002   11.791837747190263        60.776206691322891        1.5000000000000000     
   820.00521000000003        1.1787370000000000E-002   9.4572336320285313        60.633487859870328        3.0000000000000000     
   6250.0051999999996        1.2627467999999999E-002   12.423519847074276        60.503120138472369        3.0000000000000000     
   920.00521000000003        1.2073209999999999E-002   9.4473326653470835        60.403387115556733        3.5000000000000000     
   860.00521000000003        1.2256657000000001E-002   9.4686814049238439        60.270234717965785        3.5000000000000000     
   2450.0052000000001        1.2658126000000000E-002   12.400939571705109        59.894036970946871        3.0000000000000000     
   260.00520999999998        1.3441813000000000E-002   10.437059754008256        59.893163577822534        3.5000000000000000     
   3000.0052000000001        1.1379212000000000E-002   9.5823582095242550        59.877148665605674        3.0000000000000000     
   540.00521000000003        1.3515650000000001E-002   11.287648247667940        59.498413762115064        1.5000000000000000     
   440.00520999999998        1.3026430000000000E-002   9.8516475618668302        59.306797024898344       0.50000000000000000     
   700.00521000000003        1.2656238000000000E-002   12.391335195915730        59.161547602607619        2.0000000000000000     
   2850.0052000000001        1.2011656000000001E-002   12.537056270601717        59.066944273242164        2.5000000000000000     
   580.00521000000003        1.3402489000000000E-002   11.626936504478763        59.000621585880637        1.5000000000000000     
   560.00521000000003        1.3459952000000001E-002   11.458737977709674        58.547511897899000        1.5000000000000000     
   900.00521000000003        1.0670134000000000E-002   10.255945286800625        58.054026676136573        2.0000000000000000     
   720.00521000000003        1.3497133999999999E-002   10.718879721013533        58.010973402594090        3.5000000000000000     
   840.00521000000003        1.3452066000000000E-002   11.456113321707187        57.913378273121864        3.5000000000000000     
   3800.0052000000001        1.0501437000000001E-002   10.758688160982674        57.598064508633811        2.0000000000000000     
   220.00521000000001        1.1820483000000000E-002   12.506496405482290        57.543942675274174       0.50000000000000000     
   3850.0052000000001        1.1387674000000000E-002   9.6249600306281717        56.641950256037724        3.0000000000000000     
   360.00520999999998        1.2625457000000000E-002   9.6343918427241579        56.402051556357669        3.5000000000000000     
   820.00521000000003        1.3492410999999999E-002   11.152231985524786        56.261632054483741        3.5000000000000000     
   6050.0051999999996        1.3045685000000000E-002   12.073035268665160        56.121545698897030        3.5000000000000000     
   620.00521000000003        1.3494226000000000E-002   10.944109257773462        55.895880671390145        3.0000000000000000     
   680.00521000000003        1.2490459000000001E-002   12.412191581415149        55.870876150502625        1.0000000000000000     
   1050.0052000000001        1.3336977999999999E-002   11.663207658245000        55.683866191076078        3.5000000000000000     
   90.005207999999996        1.2090419000000000E-002   9.5137475956331699        55.428043490713101       0.50000000000000000     
   340.00520999999998        1.3235836000000001E-002   11.825085227999544        55.201407730897003        2.5000000000000000     
   260.00520999999998        1.3192185000000000E-002   10.114956281747407        55.115187647738026        1.5000000000000000     
   860.00521000000003        1.0526587000000000E-002   11.146034266462056        54.806799614999022        1.5000000000000000     
   840.00521000000003        1.3276781000000000E-002   11.749129082561085        54.784104248450525        3.0000000000000000     
   200.00521000000001        1.2271232000000000E-002   9.5463572885792196        54.666096775826524        3.0000000000000000     
   640.00521000000003        1.2772812999999999E-002   12.257880585708804        54.487587097302388       0.50000000000000000     
   640.00521000000003        1.3312199000000000E-002   10.325725089653190        54.412823594266861        3.5000000000000000     
   720.00521000000003        1.2534602000000001E-002   12.373577010017051        54.312826476568169        2.0000000000000000     
   140.00521000000001        1.2791100999999999E-002   9.7598750082916688        54.093769326185900        3.0000000000000000     
   460.00520999999998        1.3127157000000000E-002   10.055137945866647        54.081181039346191        1.5000000000000000     
   6650.0051999999996        1.1965286000000000E-002   12.469586292860299        54.022221741404216        2.5000000000000000     
   480.00520999999998        1.2363076000000001E-002   9.5761747732181259        53.977560110979354        2.0000000000000000     
   140.00521000000001        1.0550383000000000E-002   10.760909951826644        53.963840057301148        1.0000000000000000     
   680.00521000000003        1.0538782999999999E-002   10.863849441201598        53.842305076869728        1.5000000000000000     
   100.00521000000001        1.0887380000000000E-002   10.045461431896161        53.726679444716765        1.0000000000000000     
   280.00520999999998        1.3304619000000000E-002   10.334602119812361        53.619628672948124        3.5000000000000000     
   580.00521000000003        1.1491627000000001E-002   9.6268327577483408        53.600783479619068        2.0000000000000000     
   460.00520999999998        1.2678050000000000E-002   9.7038294634653077        53.495245885990400        2.0000000000000000     
   280.00520999999998        1.3085012000000000E-002   10.029726110978755        52.967062282082395       0.50000000000000000     
   780.00521000000003        1.3408455999999999E-002   11.359652359311189        52.827455496664378        3.5000000000000000     
   4800.0051999999996        1.2574991000000001E-002   12.327443523677625        52.318023070596681        3.0000000000000000     
   4050.0052000000001        1.0958363000000000E-002   9.9978367049451595        52.233473365299261        2.5000000000000000     
   460.00520999999998        1.1705503000000001E-002   9.5889222311734983        51.946722443166522        1.0000000000000000     
   720.00521000000003        1.2632502000000000E-002   9.7068747459017839        51.805791829215273        3.5000000000000000     
   2200.0052000000001        1.1918810000000000E-002   9.5654964939677480        51.609801598116071        3.5000000000000000     
   7650.0051999999996        1.1140840000000001E-002   12.151140536071642        51.582010929757331        2.0000000000000000     
   1500.0052000000001        1.3056178999999999E-002   11.972949448749832        51.553618450308079        3.5000000000000000     
   620.00521000000003        1.0584807000000000E-002   10.756518677314620        51.551362029184119        1.0000000000000000     
   160.00521000000001        1.2653429000000001E-002   9.7276461118846136        51.146346199228503        3.0000000000000000     
   6950.0051999999996        1.0579532000000001E-002   10.943686982162919        50.522514921291865        2.0000000000000000     
   780.00521000000003        1.1834669000000001E-002   12.411161646569544        50.467786858581277        2.0000000000000000     
   440.00520999999998        1.0617468999999999E-002   11.322967857963983        50.392507417546675        1.0000000000000000     
   2450.0052000000001        1.3024907000000000E-002   11.981012848987174        50.320514822949946        3.5000000000000000     
   500.00520999999998        1.2814090000000000E-002   12.161668822797548        50.305424380673486       0.50000000000000000     
   92.005207999999996        1.2085591999999999E-002   9.5896409517979677        49.910964409982682       0.50000000000000000     
   940.00521000000003        1.3357246000000000E-002   11.390156658820693        49.858475286827939        3.5000000000000000     
   740.00521000000003        1.3363088000000000E-002   10.651831334109456        49.480760147845764        3.5000000000000000     
   300.00520999999998        1.3156687000000000E-002   10.207933577190694        49.132352075288019        3.5000000000000000     
   340.00520999999998        1.2820131000000000E-002   9.8642936426279135        49.061094571995973        3.5000000000000000     
   660.00521000000003        1.3164207000000001E-002   10.223334149380953        48.964695821730260        3.5000000000000000     
   120.00521000000001        1.0714753000000000E-002   10.452151424807472        48.799949671591364        1.0000000000000000     
   940.00521000000003        1.3356961000000001E-002   11.329690673128761        48.750979631554735        3.5000000000000000     
   140.00521000000001        1.2291168000000000E-002   9.6353404195817181        48.676863085851224        1.0000000000000000     
   200.00521000000001        1.1867173999999999E-002   12.386371177228440        48.491693273408742       0.50000000000000000     
   740.00521000000003        1.2403994000000000E-002   12.332643588137406        48.478751008968963        2.0000000000000000     
   460.00520999999998        1.3083882999999999E-002   10.136053544390716        48.030146824007396        1.0000000000000000     
   9800.0051999999996        1.3091144000000001E-002   11.849877278710187        47.822166405795151        3.5000000000000000     
   640.00521000000003        1.3379713000000000E-002   10.931466651263625        47.707621957410289        3.0000000000000000     
   7350.0051999999996        1.1032560000000000E-002   11.981292554452184        47.471881240331669        2.0000000000000000     
   360.00520999999998        1.3126400999999999E-002   11.789063265859374        47.285002396955818        2.5000000000000000     
   320.00520999999998        1.2996050000000000E-002   10.052974263404652        47.224334291785425        3.5000000000000000     
   460.00520999999998        1.1746743000000000E-002   9.6511257048337953        47.090023030637958       0.50000000000000000     
   500.00520999999998        1.2221190000000000E-002   9.6471836550691563        46.975925678558966        2.0000000000000000     
   9400.0051999999996        1.1166630000000000E-002   12.075469202892748        46.278489097243934        2.0000000000000000     
   700.00521000000003        1.2827378000000000E-002   9.9207126122083267        46.235390505030004        3.5000000000000000     
   840.00521000000003        1.3357747999999999E-002   11.053316534015497        46.158059433978345        3.5000000000000000     
   6100.0051999999996        1.0999347000000000E-002   11.915878475220369        46.003495834301631        2.0000000000000000     
   680.00521000000003        1.3003458000000001E-002   10.090285905185851        45.862692956950269        3.5000000000000000     
   960.00521000000003        1.2247127000000000E-002   9.6683623986703218        45.858260141060931        3.5000000000000000     
   460.00520999999998        1.3002802000000001E-002   10.089666984904547        45.857951892179941       0.50000000000000000     
   660.00521000000003        1.1160158999999999E-002   12.059902440120718        45.718152250288625       0.50000000000000000     
   860.00521000000003        1.3314192000000001E-002   11.316497789370317        45.681788695386018        3.5000000000000000     
   280.00520999999998        1.3126548000000000E-002   10.256026140615786        45.565188684409904        1.5000000000000000     
   980.00521000000003        1.2165297000000000E-002   9.6611203325273092        45.498045253441433        3.5000000000000000     
   3250.0052000000001        1.1922119000000000E-002   12.344545759936427        45.346717428843498        2.5000000000000000     
   620.00521000000003        1.1376503000000000E-002   9.8063278741220774        45.340040757105392        2.0000000000000000     
   3700.0052000000001        1.1456707999999999E-002   9.7681370801694545        45.316310505146888        3.0000000000000000     
   560.00521000000003        1.1706182000000001E-002   9.6947408700439901        44.750759176124291        2.0000000000000000     
   660.00521000000003        1.2553715000000000E-002   12.217704946799168        44.735140249596853        1.0000000000000000     
   2650.0052000000001        1.1503980000000000E-002   9.7625996070445904        44.429888492121592        3.0000000000000000     
   1100.0052000000001        1.3209538000000000E-002   11.558214796148011        44.364649917803206        3.5000000000000000     
   860.00521000000003        1.3147153999999999E-002   11.671156747750663        44.160343320768959        3.0000000000000000     
   560.00521000000003        1.1341673000000000E-002   9.8499318300380487        43.901280424182957        2.5000000000000000     
   480.00520999999998        1.2560226000000001E-002   9.8016320755300246        43.748470663324653        2.0000000000000000     
   300.00520999999998        1.3062139000000000E-002   10.219867634681965        43.418645039955443       0.50000000000000000     
   7300.0051999999996        1.1995518000000000E-002   9.6862161516483685        43.151200926874907        3.5000000000000000     
   3700.0052000000001        1.2518924000000001E-002   12.205355407210721        43.054093644353863        3.0000000000000000     
   520.00521000000003        1.2066410000000000E-002   9.6949751928754822        42.687499619429573        2.0000000000000000     
   480.00520999999998        1.3059019999999999E-002   10.235215958261602        42.660450753265707        1.5000000000000000     
   840.00521000000003        1.2494208999999999E-002   9.7975199434483038        42.255019783320662        3.5000000000000000     
   160.00521000000001        1.2231654999999999E-002   9.7211902517759139        42.225459128798214        1.0000000000000000     
   760.00521000000003        1.3218828000000000E-002   10.557271274154344        42.038762187182130        3.5000000000000000     
   620.00521000000003        1.2800034000000000E-002   12.015824598614239        41.798850447276138       0.50000000000000000     
   760.00521000000003        1.2262891000000000E-002   12.264529591747081        41.703668053047423        2.0000000000000000     
   540.00521000000003        1.1895993000000001E-002   9.7135631690810911        41.643428180494482        2.0000000000000000     
   800.00521000000003        1.3267175000000001E-002   11.208390722364483        41.228981340670202        3.5000000000000000     
   480.00520999999998        1.1602032999999999E-002   9.7796675105100253        41.189727040343989        1.0000000000000000     
   480.00520999999998        1.2840636000000001E-002   11.964228601136668        40.910142193539443       0.50000000000000000     
   180.00521000000001        1.1912578000000000E-002   12.275432533266850        40.859267622633872       0.50000000000000000     
   2400.0052000000001        1.0848791000000000E-002   11.555726528462346        40.852854846819760        2.0000000000000000     
   3250.0052000000001        1.0905497000000000E-002   11.652102857090966        40.579375027174478        2.0000000000000000     
   3200.0052000000001        1.1985859000000000E-002   9.7277767557332808        40.468797572675818        3.5000000000000000     
   7700.0051999999996        1.1545198000000000E-002   9.8125986346052816        40.419170754424378        3.0000000000000000     
   840.00521000000003        1.0818934000000001E-002   11.468594956148884        40.362454830431886        1.5000000000000000     
   180.00521000000001        1.2474354999999999E-002   9.8244056748066448        40.175866340823781        3.0000000000000000     
   1750.0052000000001        1.1896268000000000E-002   12.262564714512582        40.120748479822950        2.5000000000000000     
   600.00521000000003        1.0778116000000001E-002   10.684675440992303        39.810753985972461        1.0000000000000000     
   660.00521000000003        1.3257771000000000E-002   10.900661195388004        39.796404154434946        3.0000000000000000     
   1600.0052000000001        1.1967870000000000E-002   9.7429252701783344        39.531729155341090        3.5000000000000000     
   380.00520999999998        1.3010088000000000E-002   11.737828503044248        39.116717574329314        2.5000000000000000     
   1600.0052000000001        1.1035484000000000E-002   10.218019539045311        38.544614608731152        2.5000000000000000     
   10500.004999999999        1.1030307000000000E-002   11.775332065883857        38.536108905738772        2.0000000000000000     
   2750.0052000000001        1.1936636000000000E-002   12.236700639463560        38.336085569197849        2.5000000000000000     
   420.00520999999998        1.0806888000000001E-002   11.329456625334313        38.301449530199292        1.0000000000000000     
   960.00521000000003        1.3212534999999999E-002   11.235660864152678        38.144431043647842        3.5000000000000000     
   4950.0051999999996        1.2503775000000000E-002   12.125854262735862        38.033426164803871        3.0000000000000000     
   960.00521000000003        1.3212285000000001E-002   11.174443604394300        37.501639142109468        3.5000000000000000     
   480.00520999999998        1.3037656999999999E-002   10.350425719883679        37.466970921593074        1.0000000000000000     
   300.00520999999998        1.3058421000000001E-002   10.393473304333702        37.203242285835181        1.5000000000000000     
   860.00521000000003        1.3212856000000000E-002   10.926247051075517        36.911481209277895        3.5000000000000000     
   12100.004999999999        1.1005263000000000E-002   11.688215269637579        36.578549810239522        2.0000000000000000     
   860.00521000000003        1.0822218000000000E-002   10.734290338691606        36.444303290456965        2.0000000000000000     
   780.00521000000003        1.3062562000000000E-002   10.430896735390160        36.322914425626116        3.5000000000000000     
   2000.0052000000001        1.2484944000000000E-002   12.096692813964671        35.947644684381771        3.0000000000000000     
   500.00520999999998        1.2433848000000001E-002   9.8846949476546300        35.803235483243064        2.0000000000000000     
   320.00520999999998        1.3038944000000000E-002   10.410271182667007        35.679618932510714       0.50000000000000000     
   640.00521000000003        1.2614725000000000E-002   12.019540569832360        35.433744681828308        1.0000000000000000     
   2800.0052000000001        1.1082882000000000E-002   10.244032789554288        35.314796866441789        2.5000000000000000     
   480.00520999999998        1.2978814000000000E-002   10.328524413604288        35.223908617258132       0.50000000000000000     
   660.00521000000003        1.0828907000000000E-002   11.169667066388371        35.006144912496225        1.5000000000000000     
   800.00521000000003        1.1634065000000001E-002   12.121357012887943        34.783748596722873        2.0000000000000000     
   880.00521000000003        1.3165583999999999E-002   11.148168222400500        34.513498779314766        3.5000000000000000     
   820.00521000000003        1.2703937000000000E-002   10.059302380910770        34.510982729821478        3.5000000000000000     
   800.00521000000003        1.2053039999999999E-002   9.8311587515392880        34.225076628242576        3.0000000000000000     
   780.00521000000003        1.2109330999999999E-002   12.164156330824632        34.180329759352652        2.0000000000000000     
   3300.0052000000001        1.1064295000000000E-002   10.306797691659444        33.901832930724510        2.5000000000000000     
   900.00521000000003        1.2335053000000000E-002   9.8892793197832471        33.649022779372693        3.5000000000000000     
   460.00520999999998        1.2866763999999999E-002   11.767327122924467        33.501769142051330       0.50000000000000000     
   820.00521000000003        1.1064568000000000E-002   11.678898920139760        33.398420021632987        1.5000000000000000     
   880.00521000000003        1.3007911000000000E-002   11.565381068039098        33.388509445458915        3.0000000000000000     
   500.00520999999998        1.1491391000000000E-002   9.9632463116726218        33.338532654448080        1.0000000000000000     
   800.00521000000003        1.2891965000000000E-002   10.267264917234055        33.312557173432552        3.5000000000000000     
   500.00520999999998        1.2988141000000000E-002   10.411782809679785        33.060553447266074        1.5000000000000000     
   12100.004999999999        1.1148576000000000E-002   10.227532370333080        33.040727137554555        2.5000000000000000     
   1800.0052000000001        1.1984404000000001E-002   9.8511852775795727        33.000461558646137        3.5000000000000000     
   480.00520999999998        1.1697112000000001E-002   9.8950352570988613        32.817204796166848       0.50000000000000000     
   4000.0052000000001        1.1862252000000000E-002   12.134935525402504        32.676328022389924        2.5000000000000000     
   600.00521000000003        1.1606141000000000E-002   9.9278253872431925        32.617082142481770        2.0000000000000000     
   680.00521000000003        1.3127309000000000E-002   10.848954299046651        32.341011219626637        3.0000000000000000     
   3750.0052000000001        1.2443658999999999E-002   12.042448878770177        32.088323767222015        3.0000000000000000     
   600.00521000000003        1.2826812000000000E-002   11.773822923058239        32.060500407200031       0.50000000000000000     
   580.00521000000003        1.0949501000000000E-002   10.579504653840893        32.009113390721858        1.0000000000000000     
   640.00521000000003        1.1229876999999999E-002   11.825697875583840        31.871660662988276       0.50000000000000000     
   94.005207999999996        1.2080776999999999E-002   9.8740039100004573        31.859802024188468       0.50000000000000000     
   11700.004999999999        1.2554678999999999E-002   11.967149761641609        31.076186053817509        3.0000000000000000     
   820.00521000000003        1.3114522999999999E-002   11.027817579371135        31.073384949682179        3.5000000000000000     
   10200.004999999999        1.2172362000000001E-002   9.8999635869608777        30.994718362344742        3.5000000000000000     
   1550.0052000000001        1.2466744000000000E-002   12.009558075767158        30.926436262866073        3.0000000000000000     
   400.00520999999998        1.2885906000000001E-002   11.668944844874121        30.807916815910620        2.5000000000000000     
   2100.0052000000001        1.2461313000000000E-002   12.007347105744081        30.688946398254370        3.0000000000000000     
   2000.0052000000001        1.2870993000000001E-002   11.684449173942561        30.677487553182338        3.5000000000000000     
   320.00520999999998        1.2987599000000001E-002   10.527535500573725        29.964363266137141        1.5000000000000000     
   520.00521000000003        1.2297502000000000E-002   9.9498570707665124        29.782689585721414        2.0000000000000000     
   340.00520999999998        1.3015418000000001E-002   10.601467747482086        29.747542959544731       0.50000000000000000     
   800.00521000000003        1.1276991000000000E-002   11.809385178076480        29.446159686460355        1.5000000000000000     
   940.00521000000003        1.2485477000000000E-002   10.031698373199742        29.332398548952135        3.5000000000000000     
   500.00520999999998        1.2990148000000000E-002   10.564145914049218        29.259047250402645        1.0000000000000000     
   880.00521000000003        1.3055940000000000E-002   10.766802711842724        29.234757837955954        3.5000000000000000     
   1050.0052000000001        1.2373321000000000E-002   9.9970842207052151        28.630215161614721        3.5000000000000000     
   400.00520999999998        1.0975332000000001E-002   11.303985333951896        28.558791094388994        1.0000000000000000     
   520.00521000000003        1.1372457000000001E-002   10.137811477282076        28.429481582458955        1.0000000000000000     
   1250.0052000000001        1.2591410000000001E-002   11.886954369905498        28.411345915524578        3.0000000000000000     
   2650.0052000000001        1.2126286000000000E-002   9.9426615901763569        28.347815854305519        3.5000000000000000     
   620.00521000000003        1.2673643000000000E-002   11.818173594841724        28.080073143074081        1.0000000000000000     
   440.00520999999998        1.2892486000000000E-002   11.571043933207374        28.065561609370469       0.50000000000000000     
   6150.0051999999996        1.1786927000000001E-002   12.036790869953631        28.008384540161114        2.5000000000000000     
   980.00521000000003        1.3055943000000000E-002   11.049035607743919        27.935504158487156        3.5000000000000000     
   980.00521000000003        1.3055733999999999E-002   10.987873846497605        27.868034466585272        3.5000000000000000     
   560.00521000000003        1.1103635000000001E-002   10.449630188228470        27.659429362545751        1.0000000000000000     
   500.00520999999998        1.2954459000000000E-002   10.568121938966902        27.437767068780158       0.50000000000000000     
   1800.0052000000001        1.2405683000000001E-002   11.956537676132376        26.988575084922012        3.0000000000000000     
   780.00521000000003        1.1464507000000001E-002   11.880331813801966        26.543421170812550        1.5000000000000000     
   540.00521000000003        1.1243814000000000E-002   10.300984338292766        26.511004405913653        1.0000000000000000     
   580.00521000000003        1.1807517999999999E-002   9.9905898042250243        26.398955879112805        2.0000000000000000     
   800.00521000000003        1.1940726000000000E-002   12.024927056065662        26.349721155058234        2.0000000000000000     
   1050.0052000000001        1.2373294000000000E-002   10.051645046101193        25.968137731433913        3.5000000000000000     
   540.00521000000003        1.2149380000000000E-002   9.9930691760560819        25.905600987973315        2.0000000000000000     
   6700.0051999999996        1.1769913999999999E-002   11.988567506964412        25.755131419294425        2.5000000000000000     
   360.00520999999998        1.2991552999999999E-002   10.793595557550873        25.644504851909282       0.50000000000000000     
   700.00521000000003        1.2986968999999999E-002   10.772996525177980        25.640960805565165        3.0000000000000000     
   960.00521000000003        1.2414157000000000E-002   10.076035857644598        25.630893505781124        3.5000000000000000     
   6700.0051999999996        1.1133229999999999E-002   10.480941261046151        25.517805932833440        2.5000000000000000     
   5100.0051999999996        1.1768012000000000E-002   11.982723855948594        25.489114578303262        2.5000000000000000     
   9550.0051999999996        1.1940137000000000E-002   12.007453372313078        25.463646152170455        2.5000000000000000     
   900.00521000000003        1.3004302000000001E-002   10.946680835609417        25.286637284262049        3.5000000000000000     
   580.00521000000003        1.2853158000000000E-002   11.531976908145456        25.271950802636958       0.50000000000000000     
   520.00521000000003        1.2914286000000001E-002   10.584216834796349        25.219864183621198        1.5000000000000000     
   1000.0051999999999        1.1828757000000001E-002   10.010637471626112        25.204058747732585        3.0000000000000000     
   640.00521000000003        1.1072871000000000E-002   11.372338930245737        24.955112522872433        1.5000000000000000     
   1200.0052000000001        1.2255612000000001E-002   10.034583520170067        24.934161239893022        3.5000000000000000     
   880.00521000000003        1.1017020000000001E-002   10.836871026159633        24.821519763304526        2.0000000000000000     
   420.00520999999998        1.2917814999999999E-002   11.375456637519019        24.583802481044039       0.50000000000000000     
   560.00521000000003        1.1987115000000000E-002   10.009026680841124        24.554852831285725        2.0000000000000000     
   900.00521000000003        1.2884672000000000E-002   10.569625529699225        24.196669157328763        3.5000000000000000     
   1500.0052000000001        1.1609629999999999E-002   10.100292253161760        24.046568754896633        3.0000000000000000     
   760.00521000000003        1.1632602000000001E-002   11.905301539295960        23.863803746258725        1.5000000000000000     
   340.00520999999998        1.2913847000000001E-002   10.658215940709345        23.798318032660717        1.5000000000000000     
   920.00521000000003        1.2695944000000001E-002   10.327727783414970        23.407199883245269        3.5000000000000000     
   380.00520999999998        1.2967337000000001E-002   10.986666513447465        23.397967517623904       0.50000000000000000     
   520.00521000000003        1.2941284000000001E-002   10.776977703259458        23.393863919559116        1.0000000000000000     
   820.00521000000003        1.1405909000000001E-002   11.762734515323929        23.367701441043756        2.0000000000000000     
   840.00521000000003        1.2948369000000000E-002   10.813085217759806        23.358523509534798        3.5000000000000000     
   1100.0052000000001        1.2949894000000000E-002   11.144628137308690        23.080398857548971        3.5000000000000000     
   400.00520999999998        1.2942761000000001E-002   11.180640649751156        23.035734784922713       0.50000000000000000     
   900.00521000000003        1.2857410000000000E-002   11.427734278084897        22.952713810981866        3.0000000000000000     
   1800.0052000000001        1.1151482000000001E-002   10.558983499259087        22.861959520748297        2.5000000000000000     
   600.00521000000003        1.2730609000000000E-002   11.614031979523924        22.770619962296443        1.0000000000000000     
   4450.0051999999996        1.1749033000000001E-002   11.916275817629760        22.563644680586211        2.5000000000000000     
   420.00520999999998        1.2752629000000000E-002   11.579421322486045        22.554487480161349        2.5000000000000000     
   520.00521000000003        1.2929725000000000E-002   10.808362427349699        22.527839436359866       0.50000000000000000     
   6750.0051999999996        1.1758840000000000E-002   11.909863586961396        22.150246768618789        2.5000000000000000     
   880.00521000000003        1.2563263999999999E-002   10.253848595271096        21.850206297808946        3.5000000000000000     
   500.00520999999998        1.1645841000000001E-002   10.138951117572784        21.670843986293697       0.50000000000000000     
   560.00521000000003        1.2879085000000000E-002   11.290386454159377        21.427869162896357       0.50000000000000000     
   2600.0052000000001        1.2812594000000000E-002   11.436501553077393        21.271066058956276        3.5000000000000000     
   780.00521000000003        1.2283216000000000E-002   10.122953345114801        21.235552965741583        3.0000000000000000     
   740.00521000000003        1.1785099000000000E-002   11.893837192014358        21.128183603800782        1.5000000000000000     
   1600.0052000000001        1.2406588000000000E-002   11.823109458661255        21.070574271065844        3.0000000000000000     
   620.00521000000003        1.1296581999999999E-002   11.589036097628453        21.044010542307028       0.50000000000000000     
   1000.0051999999999        1.2885025000000000E-002   10.764837263494590        20.964270029792281        3.5000000000000000     
   840.00521000000003        1.1140603000000001E-002   11.312615424652181        20.907291043557063        2.0000000000000000     
   380.00520999999998        1.1127196000000001E-002   11.254709475900846        20.666594402122733        1.0000000000000000     
   540.00521000000003        1.2904604000000000E-002   11.049149259402295        20.518102194705531       0.50000000000000000     
   1000.0051999999999        1.2885182000000000E-002   10.825133201604055        20.353140224551879        3.5000000000000000     
   1550.0052000000001        1.1788658000000000E-002   11.874585033342814        20.239110024304356        2.5000000000000000     
   720.00521000000003        1.2835028000000000E-002   10.668614994168850        20.177195370751807        3.0000000000000000     
   540.00521000000003        1.2890987000000000E-002   10.988667314860491        19.849657600667889        1.0000000000000000     
   580.00521000000003        1.2785748000000000E-002   11.407503653162248        19.586479327232375        1.0000000000000000     
   860.00521000000003        1.2765894000000000E-002   10.557899996326510        19.551151407409176        3.5000000000000000     
   920.00521000000003        1.2827807000000000E-002   10.706324039669239        19.287750774433722        3.5000000000000000     
   620.00521000000003        1.1283961000000000E-002   11.502497083673576        19.130379675016165        1.5000000000000000     
   820.00521000000003        1.1753553999999999E-002   11.838014853255363        19.075112683299654        2.0000000000000000     
   540.00521000000003        1.2837187999999999E-002   10.751813048973819        19.062013589489268        1.5000000000000000     
   1550.0052000000001        1.2772463000000000E-002   11.405305044366481        19.024282265249902        3.5000000000000000     
   1800.0052000000001        1.2355043000000000E-002   11.791528004910091        18.814302552579047        3.0000000000000000     
   2900.0052000000001        1.1210921000000000E-002   10.642295151637061        18.764961360719251        2.5000000000000000     
   96.005207999999996        1.2075941000000000E-002   10.138182471821299        18.712411637833981       0.50000000000000000     
   360.00520999999998        1.2836899000000001E-002   10.785101003089547        18.664538727124594        1.5000000000000000     
   560.00521000000003        1.2839173000000001E-002   11.198941272671965        18.594724707539658        1.0000000000000000     
   940.00521000000003        1.2632680000000000E-002   10.419547728882305        18.430220790714898        3.5000000000000000     
   720.00521000000003        1.1924773000000000E-002   11.852920012395222        18.328290691970416        1.5000000000000000     
   7650.0051999999996        1.2388929000000000E-002   11.744603585197209        17.642506431217303        3.0000000000000000     
   2000.0052000000001        1.1679063000000000E-002   11.775517208450250        17.610687146289383        2.5000000000000000     
   5600.0051999999996        1.1670185000000000E-002   11.758370969380085        17.097611244482700        2.5000000000000000     
   7250.0051999999996        1.2741674000000000E-002   11.345827069653298        16.741917715228340        3.5000000000000000     
   740.00521000000003        1.2669254000000000E-002   10.530500379027568        16.708270666744802        3.0000000000000000     
   760.00521000000003        1.2486676000000000E-002   10.351722116924085        16.427943552584690        3.0000000000000000     
   180.00521000000001        1.2159101000000000E-002   10.218754963696588        15.891422950974601        1.0000000000000000     
   540.00521000000003        1.1629944999999999E-002   10.296249478906127        15.805137278092118        2.5000000000000000     
   1150.0052000000001        1.2793323000000001E-002   10.947490778618235        15.802965809374026        3.5000000000000000     
   9850.0051999999996        1.2387182000000000E-002   10.306114681568985        15.784668237076716        3.5000000000000000     
   700.00521000000003        1.2053707000000000E-002   11.787821346847609        15.588672451158320        1.5000000000000000     
   600.00521000000003        1.1470365999999999E-002   11.579182558719829        15.399115361416385        1.5000000000000000     
   1150.0052000000001        1.2461686000000000E-002   10.366931371572853        15.348246243000506        3.5000000000000000     
   3150.0052000000001        1.2708090999999999E-002   11.323218387036674        15.146575305465870        3.5000000000000000     
   8600.0051999999996        1.1789684999999999E-002   11.742113867000164        14.874134416015607        2.5000000000000000     
   1850.0052000000001        1.1678778000000001E-002   10.299421564856893        14.849842691438896        3.0000000000000000     
   10200.004999999999        1.2421962999999999E-002   11.642392141791964        14.768010847564867        3.0000000000000000     
   440.00520999999998        1.2608713000000001E-002   11.465524511315456        14.681114981669236        2.5000000000000000     
   380.00520999999998        1.2756449000000000E-002   10.907579656034736        14.518915955895967        1.5000000000000000     
   560.00521000000003        1.2756541000000000E-002   10.913766694187023        14.494762410214745        1.5000000000000000     
   360.00520999999998        1.1265605000000000E-002   11.187263104594544        14.360087814296113        1.0000000000000000     
   1600.0052000000001        1.2215156000000000E-002   10.278490871030392        14.171687858674982        3.5000000000000000     
   860.00521000000003        1.1301210000000001E-002   11.266609596383109        13.984704088414089        2.0000000000000000     
   840.00521000000003        1.1542838999999999E-002   11.591173097141029        13.962045271205245        2.0000000000000000     
   2450.0052000000001        1.1666754000000000E-002   11.668733268272021        13.956426822323021        2.5000000000000000     
   520.00521000000003        1.1592819000000001E-002   10.382654971559335        13.672781198000859       0.50000000000000000     
   920.00521000000003        1.2693530000000000E-002   11.253091212455669        13.625976127865918        3.0000000000000000     
   2000.0052000000001        1.1653375000000001E-002   11.647870989681447        13.497142586427966        2.5000000000000000     
   600.00521000000003        1.1360528999999999E-002   11.350360069752378        13.291883883003226       0.50000000000000000     
   680.00521000000003        1.2173503000000000E-002   11.702623138784144        13.094563824301011        1.5000000000000000     
   2050.0052000000001        1.2252782000000000E-002   10.324724840227150        12.997381764223217        3.5000000000000000     
   1700.0052000000001        1.1581615999999999E-002   11.587038164680996        12.991474420544183        2.5000000000000000     
   7150.0051999999996        1.1637244999999999E-002   11.619962243721663        12.898609221483200        2.5000000000000000     
   580.00521000000003        1.1637511999999999E-002   11.615046093864349        12.741981077172102        1.5000000000000000     
   3650.0052000000001        1.2279633999999999E-002   11.646195329628853        12.394089237409645        3.0000000000000000     
   2150.0052000000001        1.2664942000000000E-002   11.207331168270683        12.128352443964674        3.5000000000000000     
   3800.0052000000001        1.1713832000000000E-002   10.366753439853657        12.072333058698689        3.0000000000000000     
   1750.0052000000001        1.2636873999999999E-002   11.263981134409750        11.882363740412931        3.5000000000000000     
   6150.0051999999996        1.1588200999999999E-002   11.550855947389504        11.825517267498174        2.5000000000000000     
   200.00521000000001        1.2080604000000000E-002   10.326774071722690        11.493253553542536        1.0000000000000000     
   2600.0052000000001        1.1335945000000000E-002   10.869954297428258        11.447023738949893        2.5000000000000000     
   5650.0051999999996        1.1325903000000000E-002   10.942206475177821        11.443671994484784        2.5000000000000000     
   580.00521000000003        1.2671994000000001E-002   11.069152210567406        11.408949673384502        1.5000000000000000     
   400.00520999999998        1.2672146000000000E-002   11.024889999978363        11.309994505557977        1.5000000000000000     
   160.00521000000001        1.1955601000000000E-002   11.666267000980708        11.147074366670612       0.50000000000000000     
   660.00521000000003        1.2285420999999999E-002   11.600555731228896        11.053308173002989        1.5000000000000000     
   2600.0052000000001        1.2315740000000000E-002   11.581518441632307        10.946386012931354        3.0000000000000000     
   560.00521000000003        1.1789183000000000E-002   11.618921095841300        10.687678029892725        1.5000000000000000     
   8550.0051999999996        1.2639427000000000E-002   10.880528929498070        10.578506131204795        3.5000000000000000     
   2150.0052000000001        1.1754476000000000E-002   10.403516854883035        10.401854235672477        3.0000000000000000     
   4850.0051999999996        1.2629223000000000E-002   11.133904761399545        10.346302208093519        3.5000000000000000     
   3450.0052000000001        1.1360772000000000E-002   10.998392161300924        10.215376044351080        2.5000000000000000     
   2150.0052000000001        1.1361123000000001E-002   10.984490398600441        10.210109736989381        2.5000000000000000     
   7900.0051999999996        1.2637864000000000E-002   11.023775952121850        10.185894973382004        3.5000000000000000     
   600.00521000000003        1.2583136000000000E-002   11.216896864596585        9.6772965036612799        1.5000000000000000     
   640.00521000000003        1.2390474000000000E-002   11.484220517724976        9.6734863794384562        1.5000000000000000     
   98.005207999999996        1.2071083000000000E-002   10.383007782832728        9.6433044461036346       0.50000000000000000     
   1950.0052000000001        1.1381364999999999E-002   11.014814109445677        9.5732185098307134        2.5000000000000000     
   340.00520999999998        1.1392865000000000E-002   11.105673781299231        9.4944968642541987        1.0000000000000000     
   3800.0052000000001        1.2237242000000001E-002   11.561207168286606        9.2809311439405171        3.0000000000000000     
   620.00521000000003        1.2489485000000000E-002   11.355746184729373        9.1537730377062054        1.5000000000000000     
   540.00521000000003        1.1928131000000000E-002   11.597220035718696        9.0459228464039700        1.5000000000000000     
   420.00520999999998        1.2583581000000000E-002   11.136120362627508        8.9773888334381517        1.5000000000000000     
   1550.0052000000001        1.2595080000000000E-002   11.049423241697209        8.9140720259680446        3.5000000000000000     
   5350.0051999999996        1.1409236000000000E-002   11.067739302781479        8.8397683583410078        2.5000000000000000     
   540.00521000000003        1.1537923000000000E-002   10.625913501620628        8.8363967203968734       0.50000000000000000     
   580.00521000000003        1.1421941999999999E-002   11.110058123607320        8.6565964614426996       0.50000000000000000     
   3700.0052000000001        1.2581788999999999E-002   11.007736996721244        8.4634579684712392        3.5000000000000000     
   980.00521000000003        1.2087845000000000E-002   10.428619333601786        8.3548150154702867        3.0000000000000000     
   520.00521000000003        1.2056420000000000E-002   11.554744776695001        7.7731243664949279        1.5000000000000000     
   460.00520999999998        1.2452173000000000E-002   11.322502619096856        7.7117092120965847        2.5000000000000000     
   220.00521000000001        1.1998251000000000E-002   10.444772576102899        7.7070135515295126        1.0000000000000000     
   1850.0052000000001        1.1752952000000001E-002   10.503759317116183        7.6821881349416037        3.0000000000000000     
   2950.0052000000001        1.2227873000000000E-002   11.504615934336005        7.6640835087386527        3.0000000000000000     
   440.00520999999998        1.2490273000000000E-002   11.240189635940217        7.4514671541789914        1.5000000000000000     
   2500.0052000000001        1.2422895000000000E-002   10.655435541208755        7.4391213196149710        3.5000000000000000     
   8200.0051999999996        1.1460833000000000E-002   10.971507572896503        7.2878221738626827        2.5000000000000000     
   140.00521000000001        1.1991183000000001E-002   11.539806294313689        7.2867141547370204       0.50000000000000000     
   3750.0052000000001        1.2235637000000001E-002   11.485226417809409        7.2742367024425576        3.0000000000000000     
   560.00521000000003        1.1481015000000001E-002   10.868473530050441        7.1661163903827862       0.50000000000000000     
   4000.0052000000001        1.2525680000000001E-002   10.943532013211756        6.9882027449683424        3.5000000000000000     
   1450.0052000000001        1.2259110000000000E-002   11.457164122837833        6.9034256118381370        3.0000000000000000     
   500.00520999999998        1.2175643000000000E-002   11.495184459738352        6.9014526716575784        1.5000000000000000     
   7150.0051999999996        1.2504131000000000E-002   10.877571308856149        6.7284215492534081        3.5000000000000000     
   5000.0051999999996        1.1805876999999999E-002   10.519815967305309        6.7065109854039475        3.0000000000000000     
   6100.0051999999996        1.2465484000000001E-002   10.777082473013673        6.6591896890029183        3.5000000000000000     
   460.00520999999998        1.2391657000000000E-002   11.335809880996409        6.6540871553311067        1.5000000000000000     
   940.00521000000003        1.2513464000000000E-002   11.034822757417892        6.6214479253631682        3.0000000000000000     
   5450.0051999999996        1.2492023999999999E-002   10.865299403351292        6.5057969751017914        3.5000000000000000     
   480.00520999999998        1.2287054000000000E-002   11.421434550059399        6.5001769442465678        1.5000000000000000     
   9750.0051999999996        1.1495705000000000E-002   11.006048884089255        6.3587512217907864        2.5000000000000000     
   320.00520999999998        1.1510726000000001E-002   11.012880993174761        5.9888744787793868        1.0000000000000000     
   1650.0052000000001        1.1801570000000001E-002   10.552758842712075        5.9849778425102116        3.0000000000000000     
   2050.0052000000001        1.1813514000000001E-002   10.574613681020860        5.3932636233717597        3.0000000000000000     
   9250.0051999999996        1.2288075000000001E-002   11.351325646100404        5.1604228936810355        3.0000000000000000     
   240.00521000000001        1.1911618000000001E-002   10.563837002779490        4.9512383198375955        1.0000000000000000     
   2800.0052000000001        1.2186328999999999E-002   11.399285886076354        4.8536928015886067        3.0000000000000000     
   6000.0051999999996        1.2166095000000000E-002   11.400384728811781        4.6973869176743852        3.0000000000000000     
   3750.0052000000001        1.1826891000000001E-002   10.613457130037308        4.4845528315278917        3.0000000000000000     
   960.00521000000003        1.2313380000000001E-002   10.764081206481746        3.8466176209554241        3.0000000000000000     
   300.00520999999998        1.1620550000000000E-002   10.911018033993955        3.7975024953232626        1.0000000000000000     
   100.00521000000001        1.2066207000000001E-002   10.620407178789527        3.7118518172688639       0.50000000000000000     
   520.00521000000003        1.1875464000000001E-002   10.645139908308474        3.5358724250507958        2.5000000000000000     
   260.00520999999998        1.1820204000000001E-002   10.684755189674961        3.2926472681103331        1.0000000000000000     
   280.00520999999998        1.1723419000000001E-002   10.801423381805327        2.8982431386100966        1.0000000000000000     
   480.00520999999998        1.2280391999999999E-002   11.144165312837464        2.4850828610580691        2.5000000000000000     
   7400.0051999999996        1.2134729000000000E-002   11.242860887237912        1.9283328287578534        3.0000000000000000     
   4850.0051999999996        1.1910611999999999E-002   10.794332373862757        1.2572346532003795        3.0000000000000000     
   1600.0052000000001        1.1893614000000000E-002   10.813351155107155        1.1538942957354728        3.0000000000000000     
   8850.0051999999996        1.2165127000000000E-002   11.036129630192518       0.71430694113966042        3.0000000000000000     
   120.00521000000001        1.2026009000000001E-002   11.134770437367688       0.47098845905385989       0.50000000000000000     
   9850.0051999999996        1.2112345000000000E-002   10.955350561968233       0.36537429799565541        3.0000000000000000     
   500.00520999999998        1.2089821000000001E-002   10.922215212636752       0.35295713533619377        2.5000000000000000     
   1300.0052000000001        1.2077612999999999E-002   10.963923942838809       0.18313149837142578        3.0000000000000000     
   2500.0052000000001        1.2015600000000000E-002   10.944710447369033        8.2507363783106774E-002   3.0000000000000000     
