  #time	ai	proti	chi2	massp                                                                                                                                                                              
   6750.0051999999996        1.0608800000000000E-002   17.432218917561439        99.667212611883656        1.0000000000000000     
   5900.0051999999996        1.3776650000000000E-002   16.907294413465415        99.491712753795838        2.5000000000000000     
   7200.0051999999996        1.3899059000000000E-002   15.397900255448729        99.223733981939333        3.0000000000000000     
   3750.0052000000001        1.3803206000000000E-002   16.844865905292753        99.133760484287961        2.5000000000000000     
   1550.0052000000001        1.1388709000000000E-002   17.894283265108118        99.049642177236649        1.0000000000000000     
   3400.0052000000001        1.2239307000000000E-002   17.975816600806368        99.027974170515407        1.5000000000000000     
   3450.0052000000001        1.3910184000000001E-002   15.442253548917698        98.997104815825040        3.0000000000000000     
   3600.0052000000001        1.3696936999999999E-002   14.963658218183717        98.839989604717900        3.0000000000000000     
   980.00521000000003        1.1055395000000001E-002   14.250792672358946        98.800120874822952        1.0000000000000000     
   1400.0052000000001        1.3021787999999999E-002   14.294852767686676        98.789444172715278        2.5000000000000000     
   6100.0051999999996        1.3791196000000000E-002   15.147287846653377        98.387531682809623        3.0000000000000000     
   3550.0052000000001        1.3735822000000000E-002   15.041871811235715        98.277194166585531        3.0000000000000000     
   5450.0051999999996        1.0038495999999999E-002   15.724353931733939        98.086972227352319        1.0000000000000000     
   3600.0052000000001        1.3893203999999999E-002   15.418460684596260        98.060238299689075        3.0000000000000000     
   6700.0051999999996        1.3168027000000001E-002   17.599285214025013        98.050006530795599        2.0000000000000000     
   537.81520999999998        1.0803879000000001E-002   14.423252680921394        97.920938826384614       0.50000000000000000     
   4850.0051999999996        1.3770117000000000E-002   16.882557902711724        97.805569510574770        2.5000000000000000     
   6450.0051999999996        1.3768000000000001E-002   16.884509948254863        97.704549579391497        2.5000000000000000     
   4650.0051999999996        1.3764267000000000E-002   15.110065931629476        97.615520674907472        3.0000000000000000     
   11600.004999999999        1.2348776000000001E-002   17.938410447329289        96.976991366426347        1.5000000000000000     
   5800.0051999999996        1.3863400000000000E-002   15.363970634337759        96.919826934049823        3.0000000000000000     
   1650.0052000000001        1.2794751000000000E-002   14.198855870610924        96.893731551600254        2.5000000000000000     
   860.00521000000003        1.3534188000000001E-002   14.766344345826584        96.890979149557268        1.0000000000000000     
   1400.0052000000001        1.3719304999999999E-002   16.951994751173729        96.557595290695957        2.0000000000000000     
   8100.0051999999996        1.2802851000000001E-002   14.210725139304911        96.151854811764167        2.5000000000000000     
   7600.0051999999996        1.1883912999999999E-002   14.044310380086284        95.954949192563461        2.0000000000000000     
   1050.0052000000001        1.3421018000000000E-002   17.347181745887234        95.854771517770132       0.50000000000000000     
   1250.0052000000001        1.2634827000000000E-002   17.849899891970225        95.628371215364552        1.0000000000000000     
   900.00521000000003        1.1573447000000001E-002   14.091541959030591        95.603986414904384        1.0000000000000000     
   2500.0052000000001        1.3842347000000000E-002   16.653459844573295        95.531309891110766        2.5000000000000000     
   4200.0051999999996        1.3763360000000001E-002   16.835022646115352        95.167536136187152        2.5000000000000000     
   6500.0051999999996        1.3765204000000000E-002   16.830681419533853        95.149422981025722        2.5000000000000000     
   1600.0052000000001        1.3934278000000000E-002   16.180042460102875        94.346171419771565        2.5000000000000000     
   5750.0051999999996        1.2246419000000000E-002   17.925012181037935        94.159852833393813        1.5000000000000000     
   840.00522000000001        1.3615782999999999E-002   14.926465454294409        94.080780536806543       0.50000000000000000     
   9650.0051999999996        1.2866999000000000E-002   14.268787835509853        93.719569328442276        2.5000000000000000     
   6900.0051999999996        1.3750877999999999E-002   16.823767045129983        93.604151254709521        2.5000000000000000     
   9200.0051999999996        1.3276593000000000E-002   17.453183052466429        93.535767275717831        2.0000000000000000     
   1350.0052000000001        1.3900790000000000E-002   15.672556052304104        93.005558558288300        2.5000000000000000     
   700.00521000000003        1.2522501000000000E-002   14.146748041990627        92.688750657567880       0.50000000000000000     
   1850.0052000000001        1.3820096000000000E-002   16.620799702872098        92.453546904767222        2.5000000000000000     
   5350.0051999999996        1.3738438000000000E-002   16.817195521460313        92.249383323231456        2.5000000000000000     
   960.00521000000003        1.1201312000000000E-002   14.253724409955607        92.184522476922567        1.0000000000000000     
   3000.0052000000001        1.3230801000000000E-002   17.469117303825627        91.829419155402206        2.0000000000000000     
   5250.0051999999996        1.1830270000000000E-002   14.093400893025374        91.598208018423492        2.0000000000000000     
   2150.0052000000001        1.3236839000000000E-002   17.460300525073318        91.556208729703627        2.0000000000000000     
   1900.0052000000001        1.2733802000000001E-002   14.233909245209169        91.438546590287118        2.5000000000000000     
   12000.004999999999        1.1961230999999999E-002   14.088376591682062        91.395174543982137        2.0000000000000000     
   920.00521000000003        1.1458591000000001E-002   14.169268433954604        91.117542178026866        1.0000000000000000     
   9350.0051999999996        1.1972674000000001E-002   14.094708202727684        90.772085872009811        2.0000000000000000     
   680.00521000000003        1.3316352000000000E-002   14.627450060775477        90.416898874309766       0.50000000000000000     
   1700.0052000000001        1.3842317999999999E-002   16.454282676874655        90.012713224204305        2.5000000000000000     
   940.00521000000003        1.1335052000000000E-002   14.224740275463814        89.842571517011677        1.0000000000000000     
   800.00521000000003        1.2537444000000000E-002   14.183018480849070        89.756695256892954       0.50000000000000000     
   4400.0051999999996        1.2240686000000001E-002   17.878609937694176        89.677623658713841        1.5000000000000000     
   3550.0052000000001        1.3145435000000000E-002   17.492326858000986        88.476519756351138        2.0000000000000000     
   1300.0052000000001        1.3141870999999999E-002   17.494627006068573        88.444481680295667        1.5000000000000000     
   1250.0052000000001        1.3749538000000000E-002   15.313653443371763        88.298873746231124        2.5000000000000000     
   4550.0051999999996        1.1847432000000000E-002   14.133650790796935        87.663406567093588        2.0000000000000000     
   1700.0052000000001        1.3834529000000000E-002   16.358487106426278        87.350245588102439        2.5000000000000000     
   1950.0052000000001        1.3341664000000000E-002   17.300526509552068        87.285788287093837        2.0000000000000000     
   4800.0051999999996        1.0964725999999999E-002   14.445811293826569        87.182369290924058        1.5000000000000000     
   7800.0051999999996        1.2236205000000000E-002   17.851887044030804        87.131958162160075        1.5000000000000000     
   5900.0051999999996        1.3712332000000001E-002   16.739078328659616        86.957944649509031        2.5000000000000000     
   5150.0051999999996        1.3126644999999999E-002   17.484236121408749        86.807145464953777        2.0000000000000000     
   5250.0051999999996        1.0141450000000000E-002   15.877815328122288        86.728434265455590        1.0000000000000000     
   9350.0051999999996        1.3795655000000000E-002   16.487814590215955        86.558502731748433        2.5000000000000000     
   3500.0052000000001        1.0630606000000001E-002   17.254858462102810        86.247743374082660        1.0000000000000000     
   2200.0052000000001        1.3755514999999999E-002   16.601417689891349        86.088407446673727        2.5000000000000000     
   12200.004999999999        1.0709227000000000E-002   17.332128731369028        86.016548143996062        1.0000000000000000     
   4400.0051999999996        1.1863054000000000E-002   14.150363982399028        85.997687587800257        2.0000000000000000     
   1750.0052000000001        1.1895156000000000E-002   14.150949929923883        85.749458116153633        2.0000000000000000     
   4400.0051999999996        1.0460605000000000E-002   17.012984216821021        84.896851967535497        1.0000000000000000     
   4100.0051999999996        1.0968822000000000E-002   14.475200039291590        84.708574307334572        1.5000000000000000     
   1100.0052000000001        1.1728028999999999E-002   17.818222709100958        84.497548748602810       0.50000000000000000     
   1450.0052000000001        1.3567341000000000E-002   16.959797659631874        84.444236359433120        2.0000000000000000     
   2050.0052000000001        1.2385774000000000E-002   17.794166558043564        84.196378216557790        1.5000000000000000     
   2350.0052000000001        1.2798472000000000E-002   14.355077176136865        83.583214570593185        2.5000000000000000     
   1000.0051999999999        1.2951786999999999E-002   17.560654855645627        83.538551125032015       0.50000000000000000     
   1450.0052000000001        1.3820359000000001E-002   15.846111716507028        83.434716484855230        2.5000000000000000     
   2900.0052000000001        1.1874674999999999E-002   14.178410513774560        83.347362846397488        2.0000000000000000     
   6000.0051999999996        1.0975798000000000E-002   14.491435711331256        83.118898375673439        1.5000000000000000     
   880.00521000000003        1.3497024000000000E-002   14.961896930567987        82.968473011309740        1.0000000000000000     
   1550.0052000000001        1.2947388000000001E-002   14.444119016020380        82.957740801417344        2.5000000000000000     
   6050.0051999999996        1.2740605000000000E-002   14.342257620979810        82.415137675920150        2.5000000000000000     
   1350.0052000000001        1.3296456999999999E-002   14.730675293340164        82.299650017255402        2.5000000000000000     
   2200.0052000000001        1.1053159000000000E-002   14.454055123008706        82.161335401152286        1.5000000000000000     
   860.00522000000001        1.3598060000000000E-002   15.160981692433099        81.443689802041277       0.50000000000000000     
   1300.0052000000001        1.3536190000000000E-002   15.062909419897814        80.950464111920866        2.5000000000000000     
   9000.0051999999996        1.0206913999999999E-002   15.862911457467167        80.848770844327973        1.0000000000000000     
   11900.004999999999        1.3214848000000000E-002   17.321882888781182        80.580751431179294        2.0000000000000000     
   5950.0051999999996        1.0253385000000000E-002   16.370906906519796        79.705901039040882        1.0000000000000000     
   2150.0052000000001        1.2000476000000000E-002   14.225480994065759        78.722945878820013        2.0000000000000000     
   1400.0052000000001        1.3704061999999999E-002   15.516742176610988        78.434139086610159        2.5000000000000000     
   8400.0051999999996        1.3714380999999999E-002   16.443551089944112        78.395998129607761        2.5000000000000000     
   10300.004999999999        1.3206261000000000E-002   17.292663587545750        78.151119360117278        2.0000000000000000     
   1800.0052000000001        1.2939340000000001E-002   14.503150302063128        78.072965790510125        2.5000000000000000     
   7050.0051999999996        1.2786909000000001E-002   14.423241810569875        77.634802985208864        2.5000000000000000     
   1450.0052000000001        1.3546624000000000E-002   16.840483723051243        77.461469647341431        2.0000000000000000     
   700.00521000000003        1.3295589999999999E-002   14.813907298588843        77.134234683052284       0.50000000000000000     
   1200.0052000000001        1.2776891000000000E-002   17.571217887681442        76.807130834294384        1.0000000000000000     
   4350.0051999999996        1.3088759000000000E-002   17.367894853627728        76.413312369731784        2.0000000000000000     
   5100.0051999999996        1.3658554999999999E-002   16.545876751743027        76.219656155508119        2.5000000000000000     
   7600.0051999999996        1.0443895999999999E-002   16.772187632492347        75.443337579055850        1.0000000000000000     
   1650.0052000000001        1.3734016999999999E-002   15.922836994582900        75.319230935840608        2.5000000000000000     
   5400.0051999999996        1.3636202000000000E-002   16.568180132408489        74.999644332700939        2.5000000000000000     
   7800.0051999999996        1.0407937000000001E-002   16.681805805797016        74.988096674891636        1.0000000000000000     
   7400.0051999999996        1.1031724000000000E-002   14.565168011681704        74.907530822288891        1.5000000000000000     
   720.00521000000003        1.2490365000000000E-002   14.344241014796729        74.549889518778102       0.50000000000000000     
   5500.0051999999996        1.2784349000000000E-002   14.462697518032224        74.462555887904486        2.5000000000000000     
   7100.0051999999996        1.0390270000000000E-002   16.608993304370109        74.052590938368596        1.0000000000000000     
   3200.0052000000001        1.3642207000000000E-002   16.510988311961174        73.948825357107239        2.5000000000000000     
   8300.0051999999996        1.1104095000000000E-002   14.536860161275298        73.585598336031623        1.5000000000000000     
   6300.0051999999996        1.3075656999999999E-002   17.334133656840034        73.423765034382754        2.0000000000000000     
   1350.0052000000001        1.2966270000000000E-002   17.407180338874952        72.845855179408247        1.5000000000000000     
   2650.0052000000001        1.2936141999999999E-002   14.579213816623049        72.374880178910132        2.5000000000000000     
   7450.0051999999996        1.3114387000000000E-002   17.283232416982759        72.213595885833243        2.0000000000000000     
   2250.0052000000001        1.0474737000000000E-002   16.746999568039360        72.110891868276056        1.0000000000000000     
   5250.0051999999996        1.1909968000000000E-002   14.304202128724214        72.095902398839570        2.0000000000000000     
   5100.0051999999996        1.3068725999999999E-002   17.319290529048285        72.067569223707267        2.0000000000000000     
   6650.0051999999996        1.2831653000000000E-002   14.521568178780322        71.935183305203083        2.5000000000000000     
   4550.0051999999996        1.1945315000000000E-002   14.307486907829420        71.689773279329074        2.0000000000000000     
   980.00521000000003        1.2976771000000000E-002   17.383160502086987        71.680363804074489       0.50000000000000000     
   880.00522000000001        1.3580165999999999E-002   15.394898760996902        71.576805306057040       0.50000000000000000     
   2350.0052000000001        1.3662423999999999E-002   16.314872995288447        71.569967390367282        2.5000000000000000     
   4350.0051999999996        1.2825949000000000E-002   14.529333516601287        71.126290650057911        2.5000000000000000     
   900.00521000000003        1.3459117000000000E-002   15.154757278383396        71.086444110256906        1.0000000000000000     
   1600.0052000000001        1.1039933000000000E-002   17.369766587715262        69.949728499071071        1.0000000000000000     
   1650.0052000000001        1.1191799000000001E-002   14.536470204934922        69.877707165298347        1.5000000000000000     
   8500.0051999999996        1.2995542000000001E-002   14.659350180754711        69.711145202906167        2.5000000000000000     
   4400.0051999999996        1.3087015000000000E-002   17.263796789555371        69.469598690381488        2.0000000000000000     
   1000.0051999999999        1.3469158000000000E-002   16.780717180346038        69.198615888479907       0.50000000000000000     
   1500.0052000000001        1.3613409999999999E-002   15.598087029845466        69.115649759590326        2.5000000000000000     
   820.00521000000003        1.2505588000000000E-002   14.420415503119569        68.767658677114554       0.50000000000000000     
   6450.0051999999996        1.1928062000000000E-002   14.348123388798149        68.346783335492333        2.0000000000000000     
   1450.0052000000001        1.3484705000000000E-002   15.273205881227764        68.314468093437966        2.5000000000000000     
   9550.0051999999996        1.3642539000000000E-002   16.151953231008662        68.025607163948933        2.5000000000000000     
   5000.0051999999996        1.2836530000000001E-002   14.579013021638310        67.974660218812545        2.5000000000000000     
   9450.0051999999996        1.3089399000000000E-002   14.763250714340380        67.908474778954002        2.5000000000000000     
   2150.0052000000001        1.0435219000000001E-002   16.514644473283585        67.834965691488890        1.0000000000000000     
   6600.0051999999996        1.2836699000000000E-002   14.584723660596183        67.576807728831952        2.5000000000000000     
   3900.0052000000001        1.2889077000000001E-002   14.617360595756695        67.553740426493093        2.5000000000000000     
   8900.0051999999996        1.0562334000000000E-002   16.795620464673888        67.497388423160359        1.0000000000000000     
   2650.0052000000001        1.3608733000000000E-002   16.328073456827735        67.391354647851898        2.5000000000000000     
   6450.0051999999996        1.3582050000000000E-002   16.430587259269370        67.207192781896140        2.5000000000000000     
   1500.0052000000001        1.3235936000000000E-002   14.924353630468859        67.113823776937267        2.5000000000000000     
   1600.0052000000001        1.3111868000000000E-002   14.803171239949750        66.716238751980768        2.5000000000000000     
   1750.0052000000001        1.3625297999999999E-002   16.089466033312370        66.239947328666091        2.5000000000000000     
   6050.0051999999996        1.2846582000000000E-002   14.611098880630339        66.143684520775636        2.5000000000000000     
   8200.0051999999996        1.2201847000000000E-002   17.607850291958908        65.648117444384312        1.5000000000000000     
   720.00521000000003        1.3274581000000001E-002   15.000302528758075        65.598795296593011       0.50000000000000000     
   1750.0052000000001        1.3616591000000001E-002   15.983115841568283        65.341291702920941        2.5000000000000000     
   900.00522000000001        1.3562101000000000E-002   15.628123854283041        64.461288028002883       0.50000000000000000     
   1500.0052000000001        1.3378910000000001E-002   16.814453037496069        64.118165367103401        2.0000000000000000     
   4400.0051999999996        1.3036196999999999E-002   17.218840363934579        63.981901638494662        2.0000000000000000     
   4250.0051999999996        1.3044103000000000E-002   17.211466175181108        63.945034488915596        2.0000000000000000     
   4500.0051999999996        1.1948271000000000E-002   14.404797571876971        63.683665010717675        2.0000000000000000     
   1900.0052000000001        1.3588070000000001E-002   16.155628676436596        63.654668413201207        2.5000000000000000     
   3050.0052000000001        1.3561811000000000E-002   16.305321519832273        63.311873766423538        2.5000000000000000     
   4450.0051999999996        1.2087890000000000E-002   17.586438749542040        63.112812088316794        1.5000000000000000     
   980.00522000000001        1.3488099000000000E-002   16.552237903574564        62.985135968489196       0.50000000000000000     
   2550.0052000000001        1.3584126000000000E-002   16.071129778133006        62.862868896270307        2.5000000000000000     
   7150.0051999999996        1.3041581000000000E-002   17.194670764824995        62.803230704170730        2.0000000000000000     
   5100.0051999999996        1.3027518000000000E-002   17.205094294168177        62.701137705584259        2.0000000000000000     
   5050.0051999999996        1.2097159999999999E-002   17.566455207116917        61.580547721306417        1.5000000000000000     
   1900.0052000000001        1.0734034999999999E-002   16.923814834841128        61.402532145920055        1.0000000000000000     
   1700.0052000000001        1.3507715999999999E-002   15.572928800176316        61.389936394782723        2.5000000000000000     
   1550.0052000000001        1.3380156000000001E-002   15.257952138201023        61.386642334159284        2.5000000000000000     
   960.00521000000003        1.3001436999999999E-002   17.204597300188620        61.348268200386904       0.50000000000000000     
   920.00521000000003        1.3420441999999999E-002   15.344704511909665        61.176693530465030        1.0000000000000000     
   8000.0051999999996        1.3559414000000001E-002   16.093599230334515        61.013324047939584        2.5000000000000000     
   3800.0052000000001        1.3543896999999999E-002   16.212872558095665        60.723319791980437        2.5000000000000000     
   8050.0051999999996        1.2047594999999999E-002   14.446818872321526        60.365920690543859        2.0000000000000000     
   920.00522000000001        1.3543863000000000E-002   15.860563721412698        60.073888960026302       0.50000000000000000     
   3150.0052000000001        1.2919224000000000E-002   14.753502868424023        59.968196439731088        2.5000000000000000     
   1100.0052000000001        1.1985475000000001E-002   17.546782905638675        59.818706537712870       0.50000000000000000     
   2750.0052000000001        1.3050348999999999E-002   17.132191647650423        59.627274158701432        2.0000000000000000     
   1150.0052000000001        1.2908859999999999E-002   17.248098504350047        59.594409286765753        1.0000000000000000     
   960.00522000000001        1.3506862999999999E-002   16.322701828249855        59.369317058586923       0.50000000000000000     
   1850.0052000000001        1.3073948000000000E-002   14.895781863884055        59.316550519158419        2.5000000000000000     
   11900.004999999999        1.3536617000000001E-002   15.952099920322313        59.087158538780002        2.5000000000000000     
   5950.0051999999996        1.3513650000000000E-002   16.254787208691610        58.901323950903681        2.5000000000000000     
   1750.0052000000001        1.3247092000000000E-002   15.109813830429420        58.691748197992595        2.5000000000000000     
   2450.0052000000001        1.3040817999999999E-002   14.878219551029082        58.542337551185923        2.5000000000000000     
   740.00521000000003        1.2457609999999999E-002   14.541126347902098        58.442979800923673       0.50000000000000000     
   940.00522000000001        1.3525450000000000E-002   16.092122030868005        58.387107209703622       0.50000000000000000     
   2600.0052000000001        1.2131939000000000E-002   17.520066119319100        58.200220971026894        1.5000000000000000     
   4900.0051999999996        1.3506379000000001E-002   16.229030125439429        58.040815077125799        2.5000000000000000     
   6500.0051999999996        1.3504904999999999E-002   16.232323693048993        57.967836754815167        2.5000000000000000     
   2750.0052000000001        1.2975140000000000E-002   14.832743433841907        57.834647956932230        2.5000000000000000     
   7300.0051999999996        1.2083363999999999E-002   17.517122534085171        57.715256792032442        1.5000000000000000     
   2000.0052000000001        1.3000889999999999E-002   14.857252056448136        57.691341657204859        2.5000000000000000     
   7950.0051999999996        1.2042710000000000E-002   14.482319396635871        57.629462234363999        2.0000000000000000     
   6550.0051999999996        1.3501673000000000E-002   16.176228880774691        57.151963258895762        2.5000000000000000     
   4250.0051999999996        1.3498748000000000E-002   16.182262477171410        56.986632264712789        2.5000000000000000     
   1500.0052000000001        1.3356079999999999E-002   16.659684550510747        56.853418813120022        2.0000000000000000     
   9400.0051999999996        1.3474534999999999E-002   15.700785796827899        56.594567819731637        2.5000000000000000     
   1650.0052000000001        1.0585012000000000E-002   16.484043256691251        55.912225216721446        1.0000000000000000     
   740.00521000000003        1.3253319000000000E-002   15.186563867988472        55.812172906681212       0.50000000000000000     
   6950.0051999999996        1.3481160000000001E-002   16.148472017455415        55.396974893804767        2.5000000000000000     
   2250.0052000000001        1.3488068000000001E-002   15.982478991369875        55.366336755911568        2.5000000000000000     
   6550.0051999999996        1.2945796000000001E-002   14.861144717142114        54.788035886285627        2.5000000000000000     
   10800.004999999999        1.3248105000000000E-002   15.207273495727312        54.654536539453112        2.5000000000000000     
   5400.0051999999996        1.3470073000000001E-002   16.151897267222900        54.604687840496581        2.5000000000000000     
   1400.0052000000001        1.2772011999999999E-002   17.254546089185855        54.247210031066217        1.5000000000000000     
   9600.0051999999996        1.3293773000000000E-002   15.302090608414408        54.023154111156892        2.5000000000000000     
   1850.0052000000001        1.3085519000000000E-002   15.011870060557786        53.868807675484760        2.5000000000000000     
   940.00521000000003        1.3380968000000000E-002   15.531509210779213        53.163908160525281        1.0000000000000000     
   1800.0052000000001        1.3366786000000000E-002   15.504128299434203        52.849820006862871        2.5000000000000000     
   940.00521000000003        1.3025791000000000E-002   17.024964414953946        52.569981236449863       0.50000000000000000     
   4550.0051999999996        1.1107979000000000E-002   14.861491545548978        52.297574171746561        1.5000000000000000     
   5950.0051999999996        1.3439883999999999E-002   16.063567318523251        51.932671051750440        2.5000000000000000     
   5150.0051999999996        1.1124675000000001E-002   14.857734087999411        51.774131729242256        1.5000000000000000     
   8450.0051999999996        1.3389168999999999E-002   15.631908812125822        51.632043165372302        2.5000000000000000     
   8050.0051999999996        1.3219699000000000E-002   15.243091145385893        51.514418072083821        2.5000000000000000     
   10600.004999999999        1.2173435000000000E-002   14.579258243626029        51.214669472328779        2.0000000000000000     
   1800.0052000000001        1.3376697999999999E-002   15.616919147645453        51.051210350741187        2.5000000000000000     
   8300.0051999999996        1.2124742000000001E-002   14.580410517448296        50.769870156573475        2.0000000000000000     
   840.00521000000003        1.2473134000000000E-002   14.656637660728927        50.711952851401435       0.50000000000000000     
   2600.0052000000001        1.3287095000000001E-002   15.391705254091072        50.665902739925947        2.5000000000000000     
   5900.0051999999996        1.2985683000000000E-002   17.024384513068394        50.523365622944851        2.0000000000000000     
   3050.0052000000001        1.1175658000000000E-002   14.842768074414970        50.468136424490766        1.5000000000000000     
   5200.0051999999996        1.3049674000000001E-002   15.042774444741839        50.452407456910109        2.5000000000000000     
   9450.0051999999996        1.2173064000000001E-002   17.409370624491451        50.406916189789250        1.5000000000000000     
   3300.0052000000001        1.3029641000000000E-002   15.022647918954451        50.384442607529920        2.5000000000000000     
   1050.0052000000001        1.1849538999999999E-002   17.410512658634467        50.304610363494426       0.50000000000000000     
   2400.0052000000001        1.3376855999999999E-002   15.659556168990896        50.290863478361686        2.5000000000000000     
   9100.0051999999996        1.2199831000000000E-002   17.392983528279522        49.508387070202630        1.5000000000000000     
   5300.0051999999996        1.2018793000000000E-002   14.597175897609652        49.206714511641970        2.0000000000000000     
   8950.0051999999996        1.3082142000000000E-002   16.888089086702049        48.993339243590029        2.0000000000000000     
   5500.0051999999996        1.3018494000000000E-002   15.042517738564577        48.852558352196837        2.5000000000000000     
   2300.0052000000001        1.3175342000000000E-002   15.247899000854058        48.677119570452987        2.5000000000000000     
   5150.0051999999996        1.3378185000000001E-002   15.852376649696604        48.029666077394594        2.5000000000000000     
   5900.0051999999996        1.2016763000000000E-002   17.385763290167141        48.015520933186735        1.5000000000000000     
   1950.0052000000001        1.3319506000000000E-002   15.577584622417605        47.988272947597082        2.5000000000000000     
   760.00521000000003        1.3231801000000000E-002   15.372617495566180        47.773564385058606       0.50000000000000000     
   10800.004999999999        1.2176681000000000E-002   17.367591647445259        47.538075894018085        1.5000000000000000     
   3250.0052000000001        1.3360456000000000E-002   15.827340736953346        47.016296041892531        2.5000000000000000     
   960.00521000000003        1.3340665999999999E-002   15.714933066396741        46.966214214492005        1.0000000000000000     
   9050.0051999999996        1.2217541000000000E-002   14.650111460427354        46.738077600895565        2.0000000000000000     
   2700.0052000000001        1.3317585000000000E-002   15.643682546297558        46.574811099146316        2.5000000000000000     
   4000.0052000000001        1.2012769000000000E-002   17.361930563439483        46.375446293021092        1.5000000000000000     
   2950.0052000000001        1.2121767000000000E-002   17.355824149585533        46.327156821326966        1.5000000000000000     
   1100.0052000000001        1.3032218000000000E-002   16.886981226710176        46.305243161150365        1.0000000000000000     
   5450.0051999999996        1.3352190000000000E-002   15.865147400052718        46.165077791250482        2.5000000000000000     
   3850.0052000000001        1.3244560000000001E-002   15.483073215554708        45.403574109297068        2.5000000000000000     
   920.00521000000003        1.3049839000000001E-002   16.844312643120453        45.375644992373886       0.50000000000000000     
   4700.0051999999996        1.2010407000000001E-002   17.347086572131985        45.368762109805580        1.5000000000000000     
   8250.0051999999996        1.2100039999999999E-002   17.341829224126496        45.262840379157772        1.5000000000000000     
   2000.0052000000001        1.3093120000000000E-002   16.777386996778741        44.981047988055430        2.0000000000000000     
   3700.0052000000001        1.2051272999999999E-002   14.660632780234732        44.913335414526209        2.0000000000000000     
   6000.0051999999996        1.3122513000000001E-002   15.280097855250590        44.457364535020609        2.5000000000000000     
   2700.0052000000001        1.1172345000000000E-002   14.955504241953596        44.399604742455267        1.5000000000000000     
   760.00521000000003        1.2424213000000000E-002   14.737285431038718        44.360117840249956       0.50000000000000000     
   3100.0052000000001        1.3267584000000001E-002   15.596363222537637        44.242298037538511        2.5000000000000000     
   6600.0051999999996        1.3196324000000001E-002   15.420376561085146        44.178862655321382        2.5000000000000000     
   7000.0051999999996        1.3166423000000000E-002   15.363828138780487        44.131432715386495        2.5000000000000000     
   6500.0051999999996        1.3290411000000000E-002   15.709756655154628        43.735045744210915        2.5000000000000000     
   4300.0051999999996        1.3192124000000000E-002   15.427538830215909        43.721787108075574        2.5000000000000000     
   5450.0051999999996        1.3158239000000000E-002   15.381752339011141        43.093695195675508        2.5000000000000000     
   8200.0051999999996        1.2993345000000000E-002   16.856229860196503        42.996597263054277        2.0000000000000000     
   4950.0051999999996        1.3200948000000001E-002   15.474857846018621        42.951261131085246        2.5000000000000000     
   6550.0051999999996        1.3200244000000000E-002   15.479473984990033        42.788326413695195        2.5000000000000000     
   6000.0051999999996        1.3209301999999999E-002   15.502841269949917        42.739454914752550        2.5000000000000000     
   10500.004999999999        1.3036895000000000E-002   16.796235705420820        42.728564375969718        2.0000000000000000     
   980.00521000000003        1.3299502000000000E-002   15.894761256823449        42.494518151497267        1.0000000000000000     
   1550.0052000000001        1.3168342000000000E-002   16.577855074090063        42.473489365772778        2.0000000000000000     
   12200.004999999999        1.3042264000000000E-002   16.777918452190477        42.286785020113825        2.0000000000000000     
   780.00521000000003        1.3210022000000000E-002   15.558389163133560        41.479335997126768       0.50000000000000000     
   900.00521000000003        1.3073585000000000E-002   16.662728780681949        39.794855852830104       0.50000000000000000     
   1000.0051999999999        1.3257443000000001E-002   16.070815465752297        39.654445204408361        1.0000000000000000     
   1050.0052000000001        1.3148112000000000E-002   16.493110673651170        39.032984009128491        1.0000000000000000     
   7900.0051999999996        1.1233218999999999E-002   15.022817362259554        38.570975267761277        1.5000000000000000     
   2200.0052000000001        1.2956494000000001E-002   16.789525577703120        38.455785938245413        2.0000000000000000     
   6850.0051999999996        1.2089766000000000E-002   14.775252667309484        37.701597984799804        2.0000000000000000     
   3050.0052000000001        1.2950280000000000E-002   16.776509956090766        37.649995449081629        2.0000000000000000     
   800.00521000000003        1.3187976000000001E-002   15.743802182870644        36.923109185648038       0.50000000000000000     
   1550.0052000000001        1.3142852000000000E-002   16.395247593313830        36.558285381472515        2.0000000000000000     
   6750.0051999999996        1.2874920999999999E-002   16.826685045111983        36.222373459032369        2.0000000000000000     
   7850.0051999999996        1.2916342000000001E-002   16.774893902398031        36.003581136671720        2.0000000000000000     
   880.00521000000003        1.3097035000000000E-002   16.480299417927164        35.854334400409158       0.50000000000000000     
   7950.0051999999996        1.2927317000000001E-002   16.754503301642504        35.729801928984273        2.0000000000000000     
   860.00521000000003        1.2440058000000000E-002   14.891532854216527        35.558760745283479       0.50000000000000000     
   1700.0052000000001        1.2274998000000001E-002   14.841643930901375        35.435316166350965        2.0000000000000000     
   9950.0051999999996        1.2977580000000001E-002   16.660220407030632        34.788841938831794        2.0000000000000000     
   820.00521000000003        1.3165659999999999E-002   15.928779655516827        34.095891039190683       0.50000000000000000     
   1450.0052000000001        1.2553929000000000E-002   17.020531062391591        33.708024270280113        1.5000000000000000     
   860.00521000000003        1.3120194000000000E-002   16.297109420007835        33.577716646555011       0.50000000000000000     
   840.00521000000003        1.3143067000000000E-002   16.113242028824537        32.985649730355362       0.50000000000000000     
   780.00521000000003        1.2390152000000000E-002   14.932592940535741        32.289409685833903       0.50000000000000000     
   3600.0052000000001        1.2848432999999999E-002   16.720584819354659        30.977026456701456        2.0000000000000000     
   9250.0051999999996        1.2935973999999999E-002   16.565544294841541        29.897192820836608        2.0000000000000000     
   3150.0052000000001        1.2214381000000000E-002   14.930468653870831        29.746412043628307        2.0000000000000000     
   5200.0051999999996        1.2826760000000000E-002   16.697195131893857        29.240329239627364        2.0000000000000000     
   2300.0052000000001        1.2210110999999999E-002   14.943355484266000        29.016105847699812        2.0000000000000000     
   8800.0051999999996        1.2043999999999999E-002   17.073718603545636        28.870190133488858        1.5000000000000000     
   11900.004999999999        1.2918417999999999E-002   16.551456948330358        28.689910553489611        2.0000000000000000     
   11700.004999999999        1.1346975000000000E-002   15.160380227793155        28.285075326045856        1.5000000000000000     
   7500.0051999999996        1.1961678999999999E-002   17.030602880914468        26.590269140252264        1.5000000000000000     
   1050.0052000000001        1.2090260000000000E-002   17.025080400071861        26.473416582678112       0.50000000000000000     
   2100.0052000000001        1.2051086000000001E-002   16.996612288970468        24.896145111351800        1.5000000000000000     
   1000.0051999999999        1.1963118999999999E-002   16.982884660937518        24.185560903627145       0.50000000000000000     
   1700.0052000000001        1.2315713000000001E-002   15.076606401915884        23.808260374414996        2.0000000000000000     
   4400.0051999999996        1.2782224000000000E-002   16.566362431855559        23.316020293706359        2.0000000000000000     
   880.00521000000003        1.2406341000000000E-002   15.124941909579368        23.270991385334529       0.50000000000000000     
   1600.0052000000001        1.2928878000000000E-002   16.230857506405510        22.902739228812422        2.0000000000000000     
   800.00521000000003        1.2355400000000001E-002   15.126918944163577        22.214491843117180       0.50000000000000000     
   11300.004999999999        1.2000650000000000E-002   16.941802533980852        22.174810226958822        1.5000000000000000     
   3450.0052000000001        1.1860219999999999E-002   16.923417056079831        21.805937085847400        1.5000000000000000     
   6350.0051999999996        1.2767603000000001E-002   16.526628421013378        21.663797023308938        2.0000000000000000     
   5150.0051999999996        1.2758494000000000E-002   16.505935494105806        20.782097341770768        2.0000000000000000     
   4450.0051999999996        1.2780237999999999E-002   16.464999576082867        20.624899167874144        2.0000000000000000     
   6000.0051999999996        1.2261751000000000E-002   15.134289239993569        20.449217177950178        2.0000000000000000     
   1600.0052000000001        1.2899911999999999E-002   16.026941576910815        20.264187430136225        2.0000000000000000     
   7500.0051999999996        1.2791334999999999E-002   16.421182772180043        20.090150903958236        2.0000000000000000     
   5800.0051999999996        1.1868551000000000E-002   16.859416704530648        18.896897262210324        1.5000000000000000     
   4450.0051999999996        1.1861943000000000E-002   16.821385047786876        17.343327820824850        1.5000000000000000     
   2100.0052000000001        1.2448203000000000E-002   15.300863622556102        17.241939976421506        2.0000000000000000     
   4300.0051999999996        1.2729436000000000E-002   16.390691663680972        17.117921912489152        2.0000000000000000     
   4500.0051999999996        1.1373400000000001E-002   15.468997269891910        16.864786770406997        1.5000000000000000     
   12000.004999999999        1.2438803000000000E-002   15.307018885272342        16.819272339869489        2.0000000000000000     
   4450.0051999999996        1.2720024000000000E-002   16.392459931326560        16.811484496901720        2.0000000000000000     
   10400.004999999999        1.2434150000000000E-002   15.305285364953587        16.777866044683705        2.0000000000000000     
   2800.0052000000001        1.2735886000000000E-002   16.347501556679639        16.557139016305754        2.0000000000000000     
   2050.0052000000001        1.2801323999999999E-002   16.125115099668847        16.444349327931622        2.0000000000000000     
   980.00521000000003        1.2006564000000001E-002   16.806926983922974        16.279355601899599       0.50000000000000000     
   5150.0051999999996        1.2709655000000000E-002   16.372329577317235        16.055988862082117        2.0000000000000000     
   5850.0051999999996        1.1381583000000001E-002   15.501995595731978        15.761199612264869        1.5000000000000000     
   7250.0051999999996        1.2315922999999999E-002   15.277187358953594        15.556636136442679        2.0000000000000000     
   7200.0051999999996        1.2715526000000000E-002   16.328899103304924        15.503802486855120        2.0000000000000000     
   1650.0052000000001        1.2616502000000000E-002   15.524502634556262        15.154311825317208        2.0000000000000000     
   3500.0052000000001        1.1370679999999999E-002   15.571220551059065        14.497387319117287        1.5000000000000000     
   820.00521000000003        1.2319932000000000E-002   15.320127540083277        14.114575944331907       0.50000000000000000     
   1500.0052000000001        1.2304357000000000E-002   16.681805805797016        13.937308277346443        1.5000000000000000     
   900.00521000000003        1.2371960000000000E-002   15.356699270821714        13.804751610457242       0.50000000000000000     
   7550.0051999999996        1.2396322000000000E-002   15.378281354851284        13.590129945646080        2.0000000000000000     
   9300.0051999999996        1.2518283999999999E-002   15.487125958996490        13.291452308095291        2.0000000000000000     
   5200.0051999999996        1.2324238000000000E-002   15.368675770199983        12.592513930247316        2.0000000000000000     
   9000.0051999999996        1.2700981000000000E-002   15.894671278226102        12.561713162180341        2.0000000000000000     
   2850.0052000000001        1.2356775000000000E-002   15.394614905233331        12.344487727487859        2.0000000000000000     
   1650.0052000000001        1.2650233000000000E-002   15.744904543177077        12.196916645078794        2.0000000000000000     
   4350.0051999999996        1.2348839000000000E-002   15.402439597886774        11.969176940029545        2.0000000000000000     
   4500.0051999999996        1.2337133000000000E-002   15.396888978358447        11.935038975416326        2.0000000000000000     
   10000.004999999999        1.2576821000000000E-002   15.629051531811783        11.758131120046414        2.0000000000000000     
   5950.0051999999996        1.2659594999999999E-002   16.169631346383674        11.596009470618576        2.0000000000000000     
   7850.0051999999996        1.1809658000000001E-002   16.635729550817821        11.009553213321405        1.5000000000000000     
   8850.0051999999996        1.1506024000000000E-002   15.576531256294805        10.583451811386748        1.5000000000000000     
   7550.0051999999996        1.1468511000000001E-002   15.639663838242017        10.308067924849905        1.5000000000000000     
   4500.0051999999996        1.2411415000000000E-002   15.508353135033873        10.274473585103870        2.0000000000000000     
   960.00521000000003        1.2048957000000001E-002   16.628396822848604        9.9319835791974569       0.50000000000000000     
   8250.0051999999996        1.2611885999999999E-002   15.848952205238776        9.9304982883695168        2.0000000000000000     
   2250.0052000000001        1.2622800999999999E-002   15.970397591778726        9.7189351936195933        2.0000000000000000     
   3100.0052000000001        1.2619613000000000E-002   15.950289636149810        9.6597852341689290        2.0000000000000000     
   5200.0051999999996        1.2384552000000000E-002   15.531231904479736        9.1905942251091695        2.0000000000000000     
   8000.0051999999996        1.2542072000000000E-002   15.736058654020921        9.0876775017804334        2.0000000000000000     
   6400.0051999999996        1.2397015000000001E-002   15.560783802150564        8.7632945223200629        2.0000000000000000     
   1600.0052000000001        1.1653804000000000E-002   15.524557317861856        8.6474353433360118        1.5000000000000000     
   7900.0051999999996        1.2533470999999999E-002   15.762646007075146        8.5232059624540604        2.0000000000000000     
   4450.0051999999996        1.2413766000000000E-002   15.607509634266016        8.1312748502213932        2.0000000000000000     
   840.00521000000003        1.2283718000000001E-002   15.512075992517143        7.9641434393523109       0.50000000000000000     
   920.00521000000003        1.2336892000000000E-002   15.586632017070325        7.1092327404311142       0.50000000000000000     
   6800.0051999999996        1.2525455000000000E-002   15.909991337734482        7.1051132504069336        2.0000000000000000     
   3650.0052000000001        1.2493949000000001E-002   15.801935332957141        7.0803809522463990        2.0000000000000000     
   4500.0051999999996        1.1668985000000000E-002   16.413669301316794        7.0173305378268189        1.5000000000000000     
   5250.0051999999996        1.2468139000000000E-002   15.761201607605352        6.9044701226099461        2.0000000000000000     
   1000.0051999999999        1.2189208000000000E-002   16.484571610345462        6.7652326906918230       0.50000000000000000     
   5100.0051999999996        1.1680816000000000E-002   16.398285794036042        6.5127500001665606        1.5000000000000000     
   2650.0052000000001        1.1719241000000000E-002   16.419790526485180        6.3762425234605740        1.5000000000000000     
   940.00521000000003        1.2090347000000000E-002   16.447421835480856        5.2087218430112525       0.50000000000000000     
   5950.0051999999996        1.1576891000000001E-002   16.152336736872400        5.0556928908809207        1.5000000000000000     
   4050.0052000000001        1.1571902000000000E-002   16.134292608442994        5.0325602752106642        1.5000000000000000     
   4750.0051999999996        1.1569015000000000E-002   16.112555854213763        4.9604224887502992        1.5000000000000000     
   7350.0051999999996        1.1640751000000000E-002   16.261667881149446        4.9382482126581442        1.5000000000000000     
   8250.0051999999996        1.1742646000000001E-002   16.306721478719041        4.0077286841531468        1.5000000000000000     
   3000.0052000000001        1.1714633000000000E-002   16.278955201487197        3.9812582730268269        1.5000000000000000     
   8300.0051999999996        1.1605251000000000E-002   15.947019640630547        3.9658424817323654        1.5000000000000000     
   860.00521000000003        1.2246729000000000E-002   15.702615156966509        3.7328236186769401       0.50000000000000000     
   2150.0052000000001        1.1628806000000000E-002   15.938782219105457        3.5383152295861970        1.5000000000000000     
   940.00521000000003        1.2301108999999999E-002   15.814559564888588        3.1263697102831465       0.50000000000000000     
   11600.004999999999        1.1728851000000000E-002   16.219476855234916        3.0422968115965174        1.5000000000000000     
   980.00521000000003        1.2227297000000000E-002   16.263671385754645        3.0296631603280186       0.50000000000000000     
   9500.0051999999996        1.1678348999999999E-002   16.038513373841628        2.6235662737166852        1.5000000000000000     
   920.00521000000003        1.2130779000000000E-002   16.264169338144622        2.1722146210280808       0.50000000000000000     
   9150.0051999999996        1.1712978000000001E-002   16.037875638369691        2.0954049146357048        1.5000000000000000     
   960.00521000000003        1.2264588000000000E-002   16.040293854483490        1.7907601985447816       0.50000000000000000     
   880.00521000000003        1.2208932000000000E-002   15.891588302931131        1.3851419635149165       0.50000000000000000     
   1550.0052000000001        1.2011219000000000E-002   16.202804349955489        1.0313867275617508        1.5000000000000000     
