  #time	ai	proti	chi2	massp                                                                                                                                                                              
   700.00521000000003        1.2986968999999999E-002   10.772996525177980        99.989414561964992        3.0000000000000000     
   2550.0052000000001        1.2101176999999999E-002   12.667426041292011        99.822509172832667        2.5000000000000000     
   88.005207999999996        1.2096153000000000E-002   9.3298245189447684        99.775937862534931       0.50000000000000000     
   2000.0052000000001        1.2870993000000001E-002   11.684449173942561        99.227141016602189        3.5000000000000000     
   600.00521000000003        1.2826812000000000E-002   11.773822923058239        98.401103759009260       0.50000000000000000     
   560.00521000000003        1.0352045000000001E-002   9.1256732781709040        98.323656467535926        1.5000000000000000     
   860.00521000000003        1.2256657000000001E-002   9.4686814049238439        98.103086629442288        3.5000000000000000     
   440.00520999999998        1.2892486000000000E-002   11.571043933207374        97.689865127086179       0.50000000000000000     
   660.00521000000003        1.2553715000000000E-002   12.217704946799168        97.420892911505007        1.0000000000000000     
   480.00520999999998        1.2363076000000001E-002   9.5761747732181259        97.131362291292874        2.0000000000000000     
   380.00520999999998        1.2967337000000001E-002   10.986666513447465        96.764821224429213       0.50000000000000000     
   480.00520999999998        1.2560226000000001E-002   9.8016320755300246        96.759773341681012        2.0000000000000000     
   740.00521000000003        1.0844513000000000E-002   12.960538832260415        96.697215165998998       0.50000000000000000     
   520.00521000000003        1.2914286000000001E-002   10.584216834796349        95.934167756408371        1.5000000000000000     
   840.00521000000003        1.2948369000000000E-002   10.813085217759806        95.776977168422832        3.5000000000000000     
   1100.0052000000001        1.2949894000000000E-002   11.144628137308690        95.575102520289519        3.5000000000000000     
   420.00520999999998        1.2917814999999999E-002   11.375456637519019        95.474556062746160       0.50000000000000000     
   520.00521000000003        1.2941284000000001E-002   10.776977703259458        95.458067560549011        1.0000000000000000     
   400.00520999999998        1.2942761000000001E-002   11.180640649751156        95.173788429643793       0.50000000000000000     
   820.00521000000003        1.2703937000000000E-002   10.059302380910770        94.707835771222364        3.5000000000000000     
   4600.0051999999996        9.3107879000000008E-003   10.034875269428847        94.622584518859995        1.5000000000000000     
   340.00520999999998        1.2913847000000001E-002   10.658215940709345        94.490671604338914        1.5000000000000000     
   1900.0052000000001        1.2076302000000001E-002   12.613827815998450        94.071654895114250        2.5000000000000000     
   520.00521000000003        1.2929725000000000E-002   10.808362427349699        94.014093048149206       0.50000000000000000     
   3700.0052000000001        1.2518924000000001E-002   12.205355407210721        94.000296218372569        3.0000000000000000     
   3600.0052000000001        9.2931322000000000E-003   10.083732231254965        93.823610822366049        1.5000000000000000     
   740.00521000000003        1.2403994000000000E-002   12.332643588137406        93.678453292650019        2.0000000000000000     
   760.00521000000003        1.2013968000000000E-002   12.647200857153676        93.535043497889873        2.0000000000000000     
   900.00521000000003        1.2884672000000000E-002   10.569625529699225        93.430272655304663        3.5000000000000000     
   200.00521000000001        1.2271232000000000E-002   9.5463572885792196        93.227698724122547        3.0000000000000000     
   7650.0051999999996        9.3424467999999993E-003   10.009801355383798        93.199401905588161        1.5000000000000000     
   580.00521000000003        1.2853158000000000E-002   11.531976908145456        92.929854221001790       0.50000000000000000     
   2500.0052000000001        1.0569481000000000E-002   9.1245592942765352        92.565608864674502        2.5000000000000000     
   840.00521000000003        1.2494208999999999E-002   9.7975199434483038        91.965472294903961        3.5000000000000000     
   98.005206000000001        1.0894147000000000E-002   9.0903086940562261        91.453140837141092        1.5000000000000000     
   3750.0052000000001        1.1786321000000001E-002   9.2582213982401846        91.302333835362376        3.5000000000000000     
   640.00521000000003        1.2614725000000000E-002   12.019540569832360        91.169997497860706        1.0000000000000000     
   4500.0051999999996        9.9505453000000004E-003   9.4057813674983546        91.072204886726610        2.0000000000000000     
   900.00521000000003        1.2857410000000000E-002   11.427734278084897        90.823217240088127        3.0000000000000000     
   540.00521000000003        1.2904604000000000E-002   11.049149259402295        90.748305743033910       0.50000000000000000     
   560.00521000000003        1.2879085000000000E-002   11.290386454159377        90.382122646758305       0.50000000000000000     
   260.00520999999998        1.1722913999999999E-002   12.757924013572854        90.322535579957005       0.50000000000000000     
   1000.0051999999999        1.2885025000000000E-002   10.764837263494590        90.215523528659929        3.5000000000000000     
   1000.0051999999999        1.2885182000000000E-002   10.825133201604055        89.612243723816164        3.5000000000000000     
   540.00521000000003        1.2890987000000000E-002   10.988667314860491        89.399011114596789        1.0000000000000000     
   5950.0051999999996        9.3392691000000003E-003   10.100421033628312        89.181738854577944        1.5000000000000000     
   920.00521000000003        1.2073209999999999E-002   9.4473326653470835        89.063888563607037        3.5000000000000000     
   180.00521000000001        1.2474354999999999E-002   9.8244056748066448        88.893618802251666        3.0000000000000000     
   8350.0051999999996        1.1440440000000000E-002   12.832247141121744        88.777922237490429        2.0000000000000000     
   140.00521000000001        1.2291168000000000E-002   9.6353404195817181        88.235265084509820        1.0000000000000000     
   4950.0051999999996        1.2503775000000000E-002   12.125854262735862        88.222178700552959        3.0000000000000000     
   720.00521000000003        1.2835028000000000E-002   10.668614994168850        86.928598743316400        3.0000000000000000     
   2600.0052000000001        1.2812594000000000E-002   11.436501553077393        86.900769374847812        3.5000000000000000     
   460.00520999999998        1.1537188000000000E-002   9.2148959603509688        86.879182483178752        1.5000000000000000     
   620.00521000000003        1.2673643000000000E-002   11.818173594841724        86.762226107945864        1.0000000000000000     
   720.00521000000003        9.6981588000000004E-003   9.6697399055728717        86.609561543319614        1.5000000000000000     
   2750.0052000000001        1.0335647999999999E-002   12.734096454833786        86.211350681309739        1.5000000000000000     
   540.00521000000003        1.2837187999999999E-002   10.751813048973819        85.921416967510453        1.5000000000000000     
   920.00521000000003        1.2827807000000000E-002   10.706324039669239        85.678104128756544        3.5000000000000000     
   560.00521000000003        1.2839173000000001E-002   11.198941272671965        85.553378090575421        1.0000000000000000     
   360.00520999999998        1.2836899000000001E-002   10.785101003089547        85.509492104415770        1.5000000000000000     
   2000.0052000000001        1.2484944000000000E-002   12.096692813964671        85.194847172559719        3.0000000000000000     
   420.00520999999998        1.2752629000000000E-002   11.579421322486045        85.185940644568518        2.5000000000000000     
   90.005207999999996        1.2090419000000000E-002   9.5137475956331699        84.948994982237025       0.50000000000000000     
   2850.0052000000001        1.2011656000000001E-002   12.537056270601717        84.649745565794063        2.5000000000000000     
   1800.0052000000001        1.1323918000000001E-002   12.811231742709035        84.637080101341027        2.0000000000000000     
   600.00521000000003        1.2730609000000000E-002   11.614031979523924        84.301073071076459        1.0000000000000000     
   580.00521000000003        1.2785748000000000E-002   11.407503653162248        83.873882575305188        1.0000000000000000     
   92.005206999999999        1.0966013000000000E-002   9.1687128745712752        83.869188801073093        1.0000000000000000     
   11700.004999999999        1.2554678999999999E-002   11.967149761641609        83.810138718160886        3.0000000000000000     
   960.00521000000003        1.2247127000000000E-002   9.6683623986703218        83.214612028462597        3.5000000000000000     
   920.00521000000003        1.2695944000000001E-002   10.327727783414970        83.204402904454128        3.5000000000000000     
   500.00520999999998        1.2221190000000000E-002   9.6471836550691563        83.035427500438260        2.0000000000000000     
   1250.0052000000001        1.2591410000000001E-002   11.886954369905498        82.981848672658344        3.0000000000000000     
   860.00521000000003        1.2765894000000000E-002   10.557899996326510        82.845854605326593        3.5000000000000000     
   1550.0052000000001        1.2772463000000000E-002   11.405305044366481        82.647435479761981        3.5000000000000000     
   500.00520999999998        1.2433848000000001E-002   9.8846949476546300        82.495637842341722        2.0000000000000000     
   100.00521000000001        1.0863861000000001E-002   9.1900860356061660        82.358057228477691        1.5000000000000000     
   240.00521000000001        1.1772426000000001E-002   12.628924220176742        81.250899790549781       0.50000000000000000     
   700.00521000000003        9.3600872000000005E-003   10.257674303071498        81.009038784432619        1.0000000000000000     
   440.00520999999998        1.1802704000000001E-002   9.3924743254941401        80.711811533816615        1.0000000000000000     
   1150.0052000000001        1.2793323000000001E-002   10.947490778618235        80.469119076582956        3.5000000000000000     
   4550.0051999999996        1.1306142999999999E-002   12.765899582905867        80.303119628895629        2.0000000000000000     
   3100.0052000000001        1.0354290000000000E-002   12.670393862899866        80.178924980607064        1.5000000000000000     
   5650.0051999999996        1.0605534999999999E-002   9.2560071055363409        79.927844234558549        2.5000000000000000     
   760.00521000000003        1.2262891000000000E-002   12.264529591747081        79.848219980272290        2.0000000000000000     
   4900.0051999999996        1.1861549000000001E-002   9.4376792350843139        79.577820416183059        3.5000000000000000     
   3750.0052000000001        1.2443658999999999E-002   12.042448878770177        79.271276151105269        3.0000000000000000     
   1550.0052000000001        1.2466744000000000E-002   12.009558075767158        79.263638705066981        3.0000000000000000     
   440.00520999999998        1.1794835000000000E-002   9.4074284756955837        79.201167339561906       0.50000000000000000     
   92.005207999999996        1.2085591999999999E-002   9.5896409517979677        79.190565889312566       0.50000000000000000     
   220.00521000000001        9.3834486999999998E-003   10.257285975903232        79.121558567848112        1.0000000000000000     
   7250.0051999999996        1.2741674000000000E-002   11.345827069653298        78.825620851960878        3.5000000000000000     
   160.00521000000001        1.2231654999999999E-002   9.7211902517759139        78.808210977114285        1.0000000000000000     
   980.00521000000003        1.2165297000000000E-002   9.6611203325273092        78.762896934123120        3.5000000000000000     
   2100.0052000000001        1.2461313000000000E-002   12.007347105744081        78.754598826735403        3.0000000000000000     
   940.00521000000003        1.2485477000000000E-002   10.031698373199742        78.606251038476586        3.5000000000000000     
   2200.0052000000001        1.1384504000000000E-002   12.724879918218225        78.076349427249895        2.0000000000000000     
   8150.0051999999996        1.0062144000000000E-002   9.5118771735187586        77.352085046820065        2.0000000000000000     
   380.00520999999998        1.2756449000000000E-002   10.907579656034736        77.341369129953279        1.5000000000000000     
   560.00521000000003        1.2756541000000000E-002   10.913766694187023        77.321815584504478        1.5000000000000000     
   6650.0051999999996        1.1965286000000000E-002   12.469586292860299        77.286522916815599        2.5000000000000000     
   3000.0052000000001        1.0004488000000001E-002   9.5643092800524698        76.306299353260982        2.0000000000000000     
   920.00521000000003        1.0220656000000000E-002   9.4367160301006248        76.280844968375405        2.0000000000000000     
   2050.0052000000001        1.0636965999999999E-002   9.2931941195107992        76.124497966689447        2.5000000000000000     
   720.00521000000003        1.0929746000000001E-002   12.742222871627716        76.006901718197426       0.50000000000000000     
   540.00521000000003        1.0673564000000000E-002   9.2881636304504838        75.923603406502906        1.5000000000000000     
   480.00520999999998        1.1361641000000000E-002   9.2973948353451501        75.741211995131408        1.5000000000000000     
   8000.0051999999996        1.1348428000000001E-002   12.705000141714287        75.710686848184466        2.0000000000000000     
   3150.0052000000001        1.2708090999999999E-002   11.323218387036674        75.551128357360597        3.5000000000000000     
   620.00521000000003        1.0951364999999999E-002   9.2638640222252686        75.413335170978044        2.0000000000000000     
   900.00521000000003        1.2335053000000000E-002   9.8892793197832471        75.401674888894149        3.5000000000000000     
   580.00521000000003        1.0990773000000001E-002   9.2637156862258561        75.369206648672318        2.5000000000000000     
   900.00521000000003        9.6770143999999995E-003   9.8761223480136202        75.334798130764341        1.5000000000000000     
   740.00521000000003        1.2669254000000000E-002   10.530500379027568        75.170973620529011        3.0000000000000000     
   940.00521000000003        1.2632680000000000E-002   10.419547728882305        75.064223652105426        3.5000000000000000     
   880.00521000000003        1.2563263999999999E-002   10.253848595271096        75.013408983839867        3.5000000000000000     
   820.00521000000003        1.1787370000000000E-002   9.4572336320285313        75.001988585828059        3.0000000000000000     
   660.00521000000003        1.0785614000000001E-002   9.2846737873066107        74.707632189563142        2.0000000000000000     
   220.00521000000001        1.1820483000000000E-002   12.506496405482290        73.568093484882368       0.50000000000000000     
   1150.0052000000001        9.5149155000000003E-003   10.143754045884167        73.465829891505464        1.5000000000000000     
   6500.0051999999996        1.1278895000000001E-002   12.690808295533596        73.415375800006814        2.0000000000000000     
   920.00521000000003        1.2693530000000000E-002   11.253091212455669        73.302479142976466        3.0000000000000000     
   2200.0052000000001        1.1918810000000000E-002   9.5654964939677480        72.550302656119186        3.5000000000000000     
   1050.0052000000001        1.2373321000000000E-002   9.9970842207052151        72.296267367809250        3.5000000000000000     
   1800.0052000000001        1.2405683000000001E-002   11.956537676132376        72.272727372869895        3.0000000000000000     
   4600.0051999999996        1.1301980000000000E-002   12.670370021208383        72.033196240164131        2.0000000000000000     
   5200.0051999999996        1.0259617000000000E-002   12.520631674098048        71.512190843560830        1.5000000000000000     
   960.00521000000003        1.2414157000000000E-002   10.076035857644598        71.338745815136107        3.5000000000000000     
   8100.0051999999996        1.1346108000000001E-002   12.653396345278919        71.337753670670949        2.0000000000000000     
   520.00521000000003        1.2066410000000000E-002   9.6949751928754822        71.008001050301658        2.0000000000000000     
   7950.0051999999996        1.0315014000000001E-002   12.534356029690016        70.586354989657821        1.5000000000000000     
   2150.0052000000001        1.2664942000000000E-002   11.207331168270683        70.375455386855876        3.5000000000000000     
   4600.0051999999996        1.0229927000000000E-002   12.490170394506046        70.340504844338653        1.5000000000000000     
   440.00520999999998        1.2608713000000001E-002   11.465524511315456        70.116767782514046        2.5000000000000000     
   580.00521000000003        1.2671994000000001E-002   11.069152210567406        70.008652634090581        1.5000000000000000     
   400.00520999999998        1.2672146000000000E-002   11.024889999978363        69.917297466648037        1.5000000000000000     
   520.00521000000003        1.2297502000000000E-002   9.9498570707665124        69.657791600381046        2.0000000000000000     
   1050.0052000000001        1.2373294000000000E-002   10.051645046101193        69.632839937560249        3.5000000000000000     
   500.00520999999998        1.1164264000000000E-002   9.3467441801425295        69.005934687363421        1.5000000000000000     
   6050.0051999999996        1.1269879000000000E-002   9.3614958300367483        68.938262832442760        3.0000000000000000     
   1750.0052000000001        1.2636873999999999E-002   11.263981134409750        68.726066612398341        3.5000000000000000     
   8050.0051999999996        1.0089305000000000E-002   9.6145743998433986        68.719236532366125        2.0000000000000000     
   520.00521000000003        1.0938382999999999E-002   9.3503452884378468        68.128931028929173        1.5000000000000000     
   7300.0051999999996        1.1995518000000000E-002   9.6862161516483685        67.927102178658757        3.5000000000000000     
   8550.0051999999996        1.2639427000000000E-002   10.880528929498070        67.549859009639661        3.5000000000000000     
   780.00521000000003        1.1834669000000001E-002   12.411161646569544        67.201237704026383        2.0000000000000000     
   5300.0051999999996        1.1249453000000000E-002   12.619143153978392        67.096281932438984        2.0000000000000000     
   7900.0051999999996        1.2637864000000000E-002   11.023775952121850        67.079097847868425        3.5000000000000000     
   200.00521000000001        1.1867173999999999E-002   12.386371177228440        66.850394200968324       0.50000000000000000     
   4850.0051999999996        1.2629223000000000E-002   11.133904761399545        66.807455060750925        3.5000000000000000     
   140.00521000000001        1.0319048000000001E-002   9.5142111150980107        66.781604860987500        1.5000000000000000     
   3250.0052000000001        1.1922119000000000E-002   12.344545759936427        66.452668495205870        2.5000000000000000     
   1600.0052000000001        1.2406588000000000E-002   11.823109458661255        66.399976561299894        3.0000000000000000     
   120.00521000000001        1.0594805000000001E-002   9.4233807200129895        66.247781906662624        1.5000000000000000     
   520.00521000000003        9.4379532999999995E-003   10.560611164380051        65.826313984332387        1.0000000000000000     
   760.00521000000003        1.2486676000000000E-002   10.351722116924085        65.761746045138082        3.0000000000000000     
   2850.0052000000001        1.1304763000000001E-002   9.4108756779091305        65.454913166555016        3.0000000000000000     
   8400.0051999999996        9.5078786999999998E-003   10.376158341759293        65.390112234007233        1.5000000000000000     
   3200.0052000000001        1.1985859000000000E-002   9.7277767557332808        64.761748800058953        3.5000000000000000     
   780.00521000000003        1.2109330999999999E-002   12.164156330824632        64.646881298652275        2.0000000000000000     
   10200.004999999999        1.2172362000000001E-002   9.8999635869608777        64.612820060874157        3.5000000000000000     
   600.00521000000003        1.2583136000000000E-002   11.216896864596585        63.834099239893128        1.5000000000000000     
   1550.0052000000001        1.2595080000000000E-002   11.049423241697209        63.668074792372963        3.5000000000000000     
   1150.0052000000001        1.2461686000000000E-002   10.366931371572853        63.432548672423820        3.5000000000000000     
   1750.0052000000001        1.0642810000000001E-002   9.4483450545409937        63.380442514011420        2.5000000000000000     
   420.00520999999998        1.2583581000000000E-002   11.136120362627508        63.156441570794158        1.5000000000000000     
   1600.0052000000001        1.1967870000000000E-002   9.7429252701783344        62.925230337280212        3.5000000000000000     
   1200.0052000000001        1.2255612000000001E-002   10.034583520170067        62.714763148729652        3.5000000000000000     
   3700.0052000000001        1.2581788999999999E-002   11.007736996721244        62.552910701300249        3.5000000000000000     
   94.005206999999999        1.0946762000000001E-002   9.4230827836818101        62.237552944985801        1.0000000000000000     
   460.00520999999998        1.1705503000000001E-002   9.5889222311734983        62.221872962310840        1.0000000000000000     
   2050.0052000000001        1.0684954999999999E-002   9.4557004683816981        62.102858233045296        2.5000000000000000     
   7650.0051999999996        1.2388929000000000E-002   11.744603585197209        62.088958676840967        3.0000000000000000     
   800.00521000000003        1.2053039999999999E-002   9.8311587515392880        61.877078025339173        3.0000000000000000     
   1800.0052000000001        1.2355043000000000E-002   11.791528004910091        61.566454712599466        3.0000000000000000     
   180.00521000000001        1.1912578000000000E-002   12.275432533266850        61.488168664893635       0.50000000000000000     
   540.00521000000003        1.1895993000000001E-002   9.7135631690810911        61.443079180857040        2.0000000000000000     
   9600.0051999999996        1.0836115000000000E-002   9.4449794044541040        61.123681877231007        2.5000000000000000     
   94.005207999999996        1.2080776999999999E-002   9.8740039100004573        60.898653491354622       0.50000000000000000     
   10200.004999999999        1.2421962999999999E-002   11.642392141791964        60.866163176639418        3.0000000000000000     
   780.00521000000003        1.2283216000000000E-002   10.122953345114801        60.396354944311717        3.0000000000000000     
   2750.0052000000001        1.1936636000000000E-002   12.236700639463560        60.167886672233259        2.5000000000000000     
   9850.0051999999996        1.2387182000000000E-002   10.306114681568985        60.143770478287088        3.5000000000000000     
   1750.0052000000001        1.1896268000000000E-002   12.262564714512582        59.934149480880173        2.5000000000000000     
   2650.0052000000001        1.2126286000000000E-002   9.9426615901763569        59.662117436437129        3.5000000000000000     
   460.00520999999998        1.1746743000000000E-002   9.6511257048337953        59.427173653963273       0.50000000000000000     
   1800.0052000000001        1.1250091000000000E-002   12.520590716115651        59.368539211733996        2.0000000000000000     
   620.00521000000003        1.2489485000000000E-002   11.355746184729373        58.628025537355697        1.5000000000000000     
   1350.0052000000001        1.1343504000000001E-002   9.5078643029547578        58.611596900508921        3.0000000000000000     
   540.00521000000003        1.2149380000000000E-002   9.9930691760560819        58.374602628445260        2.0000000000000000     
   600.00521000000003        1.1244308000000000E-002   9.4924242317373402        58.311775779952470        2.0000000000000000     
   4000.0052000000001        1.2525680000000001E-002   10.943532013211756        58.272205336054164        3.5000000000000000     
   700.00521000000003        1.1010463000000000E-002   12.518812104785164        57.672490381719193       0.50000000000000000     
   940.00521000000003        1.2513464000000000E-002   11.034822757417892        57.294650485588740        3.0000000000000000     
   1800.0052000000001        1.1984404000000001E-002   9.8511852775795727        57.220662782353678        3.5000000000000000     
   440.00520999999998        1.2490273000000000E-002   11.240189635940217        56.965119655819137        1.5000000000000000     
   7150.0051999999996        1.2504131000000000E-002   10.877571308856149        56.934974085901821        3.5000000000000000     
   5350.0051999999996        1.0102819000000001E-002   9.7913935417180760        56.641582872432906        2.0000000000000000     
   5450.0051999999996        1.2492023999999999E-002   10.865299403351292        56.106999481165303        3.5000000000000000     
   3800.0052000000001        1.1385307000000001E-002   9.5534150810198977        56.026733930150030        3.0000000000000000     
   10100.004999999999        1.1322926000000001E-002   12.460594167714746        55.940411648217882        2.0000000000000000     
   2950.0052000000001        1.1199812000000000E-002   12.482390690698448        55.935173293513131        2.0000000000000000     
   460.00520999999998        1.2452173000000000E-002   11.322502619096856        55.320361617488068        2.5000000000000000     
   560.00521000000003        1.1706182000000001E-002   9.6947408700439901        55.059859696983906        2.0000000000000000     
   6100.0051999999996        1.2465484000000001E-002   10.777082473013673        54.933392128020827        3.5000000000000000     
   640.00521000000003        1.2390474000000000E-002   11.484220517724976        54.197188628965144        1.5000000000000000     
   3000.0052000000001        1.1379212000000000E-002   9.5823582095242550        53.837748360469497        3.0000000000000000     
   2500.0052000000001        1.2422895000000000E-002   10.655435541208755        53.583873651043966        3.5000000000000000     
   580.00521000000003        1.1491627000000001E-002   9.6268327577483408        53.182133458467142        2.0000000000000000     
   4500.0051999999996        1.0756325000000001E-002   9.5747993366027089        52.264359475967446        2.5000000000000000     
   6800.0051999999996        1.0770119999999999E-002   9.5737882789718132        52.173115741195616        2.5000000000000000     
   2600.0052000000001        1.2315740000000000E-002   11.581518441632307        51.733388073664059        3.0000000000000000     
   3650.0052000000001        1.2279633999999999E-002   11.646195329628853        51.375791206930877        3.0000000000000000     
   460.00520999999998        1.2391657000000000E-002   11.335809880996409        51.236939407846307        1.5000000000000000     
   3850.0052000000001        1.1387674000000000E-002   9.6249600306281717        51.025649972278394        3.0000000000000000     
   4000.0052000000001        1.1862252000000000E-002   12.134935525402504        50.788928937515522        2.5000000000000000     
   4450.0051999999996        1.1179306999999999E-002   12.411888429816992        50.639497017892154        2.0000000000000000     
   2050.0052000000001        1.2252782000000000E-002   10.324724840227150        50.636483665910625        3.5000000000000000     
   660.00521000000003        1.2285420999999999E-002   11.600555731228896        50.324360157143417        1.5000000000000000     
   1600.0052000000001        1.2215156000000000E-002   10.278490871030392        49.929489665311088        3.5000000000000000     
   9600.0051999999996        9.6393150000000007E-003   10.653233209311423        49.292774157740546        1.5000000000000000     
   640.00521000000003        1.1108585000000001E-002   9.6040475365245328        49.011848125716412        2.0000000000000000     
   560.00521000000003        1.1987115000000000E-002   10.009026680841124        48.910604061841781        2.0000000000000000     
   180.00521000000001        1.2159101000000000E-002   10.218754963696588        48.846474616003896        1.0000000000000000     
   800.00521000000003        1.1940726000000000E-002   12.024927056065662        48.386022268425855        2.0000000000000000     
   8400.0051999999996        1.0225695000000000E-002   9.8506365714840864        48.014612868915805        2.0000000000000000     
   4600.0051999999996        1.1155411000000000E-002   12.373450690271287        47.762983063246416        2.0000000000000000     
   96.005207999999996        1.2075941000000000E-002   10.138182471821299        47.509463092783406       0.50000000000000000     
   9550.0051999999996        1.1940137000000000E-002   12.007453372313078        47.470497264050110        2.5000000000000000     
   680.00521000000003        1.2173503000000000E-002   11.702623138784144        46.769715525712819        1.5000000000000000     
   2250.0052000000001        1.0123485000000000E-002   12.048798690766777        46.706431125347095        1.5000000000000000     
   480.00520999999998        1.1602032999999999E-002   9.7796675105100253        46.291377298101025        1.0000000000000000     
   3800.0052000000001        1.2237242000000001E-002   11.561207168286606        46.143033006370601        3.0000000000000000     
   480.00520999999998        1.2287054000000000E-002   11.421434550059399        45.852878932512340        1.5000000000000000     
   96.005206999999999        1.0927243999999999E-002   9.6550643117980233        45.353634682369560        1.0000000000000000     
   5150.0051999999996        1.0790877000000001E-002   9.6731208638041508        45.108515523504430        2.5000000000000000     
   6550.0051999999996        1.0169299000000000E-002   9.9465386789581469        44.996122703079436        2.0000000000000000     
   6750.0051999999996        1.0792846000000000E-002   9.6755325555610998        44.928168524574914        2.5000000000000000     
   1450.0052000000001        1.2259110000000000E-002   11.457164122837833        44.858927529511419        3.0000000000000000     
   2650.0052000000001        1.1503980000000000E-002   9.7625996070445904        44.628888502175954        3.0000000000000000     
   9250.0051999999996        1.2288075000000001E-002   11.351325646100404        44.564174884526089        3.0000000000000000     
   960.00521000000003        1.2313380000000001E-002   10.764081206481746        44.515619675726285        3.0000000000000000     
   1050.0052000000001        1.0752032999999999E-002   12.305700155687980        44.158512048766411        1.5000000000000000     
   2950.0052000000001        1.2227873000000000E-002   11.504615934336005        44.057735347500639        3.0000000000000000     
   3750.0052000000001        1.2235637000000001E-002   11.485226417809409        44.056088560818068        3.0000000000000000     
   5300.0051999999996        1.1129210000000000E-002   12.310026854155677        43.321638310166776        2.0000000000000000     
   700.00521000000003        1.2053707000000000E-002   11.787821346847609        43.274023849939958        1.5000000000000000     
   6050.0051999999996        9.9848182000000004E-003   11.834907732251816        43.191625993019272        1.5000000000000000     
   3700.0052000000001        1.1456707999999999E-002   9.7681370801694545        43.151710395782075        3.0000000000000000     
   4150.0051999999996        9.9715859999999993E-003   11.809133768441958        42.808321113845381        1.5000000000000000     
   7700.0051999999996        1.1545198000000000E-002   9.8125986346052816        42.679070868604121        3.0000000000000000     
   480.00520999999998        1.1697112000000001E-002   9.8950352570988613        42.672805294113729       0.50000000000000000     
   6150.0051999999996        1.1786927000000001E-002   12.036790869953631        42.354735264999775        2.5000000000000000     
   680.00521000000003        1.1087135000000000E-002   12.291138698847439        41.865789964710650       0.50000000000000000     
   580.00521000000003        1.1807517999999999E-002   9.9905898042250243        41.774856655968641        2.0000000000000000     
   1000.0051999999999        1.1828757000000001E-002   10.010637471626112        41.641909578242704        3.0000000000000000     
   4850.0051999999996        9.9635786999999996E-003   11.767423471127932        41.577698296289526        1.5000000000000000     
   480.00520999999998        1.2280391999999999E-002   11.144165312837464        41.504684832494171        2.5000000000000000     
   800.00521000000003        1.1634065000000001E-002   12.121357012887943        41.486998935399612        2.0000000000000000     
   680.00521000000003        9.7792208000000002E-003   10.590508281313674        41.449634828108707        1.0000000000000000     
   7450.0051999999996        1.0013657000000000E-002   11.827481760690508        41.439965166792277        1.5000000000000000     
   4650.0051999999996        1.0211972000000000E-002   9.9829237607603254        41.385805143901123        2.0000000000000000     
   500.00520999999998        1.2175643000000000E-002   11.495184459738352        40.683604378475451        1.5000000000000000     
   200.00521000000001        1.2080604000000000E-002   10.326774071722690        40.523455020271697        1.0000000000000000     
   1100.0052000000001        1.0592958000000000E-002   12.193127098092230        39.730885697796040        1.5000000000000000     
   720.00521000000003        1.1924773000000000E-002   11.852920012395222        39.566941765037321        1.5000000000000000     
   9250.0051999999996        9.7531431000000002E-003   10.853361452850043        39.403876762366458        1.5000000000000000     
   6700.0051999999996        1.1769913999999999E-002   11.988567506964412        39.250832101154558        2.5000000000000000     
   2800.0052000000001        1.2186328999999999E-002   11.399285886076354        39.170144535401555        3.0000000000000000     
   620.00521000000003        1.1376503000000000E-002   9.8063278741220774        39.165190445125702        2.0000000000000000     
   6200.0051999999996        1.0826718000000001E-002   9.7647864129506736        38.894480330034185        2.5000000000000000     
   5100.0051999999996        1.1768012000000000E-002   11.982723855948594        38.889715255358553        2.5000000000000000     
   200.00521000000001        9.7947910000000006E-003   10.685598903181395        38.784421345094117        1.0000000000000000     
   98.005207999999996        1.2071083000000000E-002   10.383007782832728        38.197455888780723       0.50000000000000000     
   6000.0051999999996        1.2166095000000000E-002   11.400384728811781        38.002138600371993        3.0000000000000000     
   600.00521000000003        1.1606141000000000E-002   9.9278253872431925        37.924132410616529        2.0000000000000000     
   980.00521000000003        1.2087845000000000E-002   10.428619333601786        37.747066500491748        3.0000000000000000     
   1100.0052000000001        9.8270752000000003E-003   10.685752933743171        36.862596791797898        1.5000000000000000     
   4600.0051999999996        1.0219944999999999E-002   10.076736324507728        36.522540571195492        2.0000000000000000     
   560.00521000000003        1.1341673000000000E-002   9.8499318300380487        35.984930024215302        2.5000000000000000     
   520.00521000000003        1.2056420000000000E-002   11.554744776695001        35.594125772130170        1.5000000000000000     
   740.00521000000003        1.1785099000000000E-002   11.893837192014358        35.383134324021498        1.5000000000000000     
   880.00521000000003        1.0421115999999999E-002   9.9619266589369779        35.317573292447236        2.0000000000000000     
   6750.0051999999996        1.1758840000000000E-002   11.909863586961396        35.092247422503654        2.5000000000000000     
   4450.0051999999996        1.1749033000000001E-002   11.916275817629760        35.015295309696569        2.5000000000000000     
   1550.0052000000001        1.1788658000000000E-002   11.874585033342814        34.672010753515870        2.5000000000000000     
   8350.0051999999996        1.0004469000000000E-002   11.610889850670516        34.106710514127414        1.5000000000000000     
   8850.0051999999996        1.2165127000000000E-002   11.036129630192518        33.970658621391870        3.0000000000000000     
   160.00521000000001        1.1955601000000000E-002   11.666267000980708        33.927125517615607       0.50000000000000000     
   500.00520999999998        9.8365264000000001E-003   10.942988586109893        33.923029687676149        1.0000000000000000     
   7400.0051999999996        1.2134729000000000E-002   11.242860887237912        33.664784432218298        3.0000000000000000     
   7650.0051999999996        1.1140840000000001E-002   12.151140536071642        33.624010022442860        2.0000000000000000     
   11700.004999999999        9.9051103000000005E-003   11.345781754396500        32.958713346098264        1.5000000000000000     
   500.00520999999998        1.1491391000000000E-002   9.9632463116726218        32.908082632699930        1.0000000000000000     
   220.00521000000001        1.1998251000000000E-002   10.444772576102899        32.619564810217476        1.0000000000000000     
   98.005206999999999        1.0907447000000001E-002   9.8686126869516144        32.215081805513933        1.0000000000000000     
   100.00521000000001        1.2066207000000001E-002   10.620407178789527        32.022203247628177       0.50000000000000000     
   10700.004999999999        1.0351567000000001E-002   10.075178173184369        31.894019064937673        2.0000000000000000     
   140.00521000000001        1.1991183000000001E-002   11.539806294313689        31.845865395569760       0.50000000000000000     
   820.00521000000003        1.1753553999999999E-002   11.838014853255363        31.752813323830949        2.0000000000000000     
   9850.0051999999996        1.2112345000000000E-002   10.955350561968233        30.982625844909339        3.0000000000000000     
   760.00521000000003        1.1632602000000001E-002   11.905301539295960        30.493904081239613        1.5000000000000000     
   540.00521000000003        1.1928131000000000E-002   11.597220035718696        30.452473927953903        1.5000000000000000     
   500.00520999999998        1.2089821000000001E-002   10.922215212636752        29.844008625349488        2.5000000000000000     
   9400.0051999999996        1.1166630000000000E-002   12.075469202892748        29.609988255080456        2.0000000000000000     
   1500.0052000000001        1.1609629999999999E-002   10.100292253161760        29.528069031845298        3.0000000000000000     
   8600.0051999999996        1.1789684999999999E-002   11.742113867000164        29.358385147821494        2.5000000000000000     
   1850.0052000000001        1.0274438000000000E-002   10.199699306854763        29.173035570072923        2.0000000000000000     
   1300.0052000000001        1.2077612999999999E-002   10.963923942838809        29.063782957544650        3.0000000000000000     
   500.00520999999998        1.1645841000000001E-002   10.138951117572784        28.962894354719108       0.50000000000000000     
   660.00521000000003        1.1160158999999999E-002   12.059902440120718        28.726101391777981       0.50000000000000000     
   9150.0051999999996        1.0388527000000000E-002   10.121150132087207        28.656907898292033        2.0000000000000000     
   120.00521000000001        1.2026009000000001E-002   11.134770437367688        26.771439787864480       0.50000000000000000     
   2000.0052000000001        1.1679063000000000E-002   11.775517208450250        26.563837598640600        2.5000000000000000     
   2500.0052000000001        1.2015600000000000E-002   10.944710447369033        25.862508666298325        3.0000000000000000     
   700.00521000000003        1.0178642000000000E-002   10.400747395525315        25.843316787917320        1.5000000000000000     
   5600.0051999999996        1.1670185000000000E-002   11.758370969380085        25.606861674406183        2.5000000000000000     
   240.00521000000001        1.1911618000000001E-002   10.563837002779490        25.532139359672218        1.0000000000000000     
   4050.0052000000001        1.0958363000000000E-002   9.9978367049451595        25.151621997009062        2.5000000000000000     
   560.00521000000003        1.1789183000000000E-002   11.618921095841300        25.146828760430477        1.5000000000000000     
   780.00521000000003        1.1464507000000001E-002   11.880331813801966        24.768771081149723        1.5000000000000000     
   6300.0051999999996        1.1988519000000000E-002   10.948046190293732        24.496726524858161        3.0000000000000000     
   7350.0051999999996        1.1032560000000000E-002   11.981292554452184        24.099880059478860        2.0000000000000000     
   1850.0052000000001        1.1678778000000001E-002   10.299421564856893        23.788743143070185        3.0000000000000000     
   2250.0052000000001        1.0365446000000000E-002   10.264524775017435        23.589564742560043        2.0000000000000000     
   2150.0052000000001        1.1754476000000000E-002   10.403516854883035        23.125654878532959        3.0000000000000000     
   100.00521000000001        1.0887380000000000E-002   10.045461431896161        23.095677897108413        1.0000000000000000     
   3800.0052000000001        1.1713832000000000E-002   10.366753439853657        22.763933598883817        3.0000000000000000     
   520.00521000000003        1.1875464000000001E-002   10.645139908308474        22.309073373552724        2.5000000000000000     
   540.00521000000003        1.1629944999999999E-002   10.296249478906127        22.302387606360789        2.5000000000000000     
   2450.0052000000001        1.1666754000000000E-002   11.668733268272021        22.294127243579073        2.5000000000000000     
   520.00521000000003        1.1372457000000001E-002   10.137811477282076        22.052331260258264        1.0000000000000000     
   5000.0051999999996        1.1805876999999999E-002   10.519815967305309        22.000361758114266        3.0000000000000000     
   660.00521000000003        1.0100511000000000E-002   10.739270379455679        21.926510875060263        1.0000000000000000     
   4850.0051999999996        1.1910611999999999E-002   10.794332373862757        21.787835690493569        3.0000000000000000     
   2000.0052000000001        1.1653375000000001E-002   11.647870989681447        21.165892973885864        2.5000000000000000     
   2050.0052000000001        1.1813514000000001E-002   10.574613681020860        21.068964415374822        3.0000000000000000     
   1650.0052000000001        1.1801570000000001E-002   10.552758842712075        21.063478604340201        3.0000000000000000     
   6100.0051999999996        1.0999347000000000E-002   11.915878475220369        20.970844569545683        2.0000000000000000     
   1600.0052000000001        1.1893614000000000E-002   10.813351155107155        20.834595290088149        3.0000000000000000     
   3750.0052000000001        1.1826891000000001E-002   10.613457130037308        20.829103657324112        3.0000000000000000     
   880.00521000000003        1.0163182999999999E-002   10.654098018245225        20.497772607133392        1.5000000000000000     
   1850.0052000000001        1.1752952000000001E-002   10.503759317116183        20.329788773952174        3.0000000000000000     
   7150.0051999999996        1.1637244999999999E-002   11.619962243721663        19.760859568193219        2.5000000000000000     
   180.00521000000001        1.0111805999999999E-002   10.978896002734212        19.733350004533165        1.0000000000000000     
   580.00521000000003        1.1637511999999999E-002   11.615046093864349        19.617581424556622        1.5000000000000000     
   260.00520999999998        1.1820204000000001E-002   10.684755189674961        19.302848077013774        1.0000000000000000     
   480.00520999999998        1.0146081000000000E-002   11.157123026500576        18.846633503077673        1.0000000000000000     
   820.00521000000003        1.1405909000000001E-002   11.762734515323929        18.663151203349919        2.0000000000000000     
   640.00521000000003        1.1229876999999999E-002   11.825697875583840        18.365509980600113       0.50000000000000000     
   520.00521000000003        1.1592819000000001E-002   10.382654971559335        18.313731432481433       0.50000000000000000     
   800.00521000000003        1.1276991000000000E-002   11.809385178076480        18.295709123092216        1.5000000000000000     
   1700.0052000000001        1.1581615999999999E-002   11.587038164680996        17.072274626723534        2.5000000000000000     
   900.00521000000003        1.0670134000000000E-002   10.255945286800625        16.560724579718592        2.0000000000000000     
   6150.0051999999996        1.1588200999999999E-002   11.550855947389504        16.235567490312633        2.5000000000000000     
   840.00521000000003        1.1542838999999999E-002   11.591173097141029        16.103995379425633        2.0000000000000000     
   12100.004999999999        1.1148576000000000E-002   10.227532370333080        15.469526249782831        2.5000000000000000     
   1600.0052000000001        1.1035484000000000E-002   10.218019539045311        15.318813435264968        2.5000000000000000     
   10500.004999999999        1.1030307000000000E-002   11.775332065883857        15.051457719194376        2.0000000000000000     
   2800.0052000000001        1.1082882000000000E-002   10.244032789554288        14.458895812713067        2.5000000000000000     
   280.00520999999998        1.1723419000000001E-002   10.801423381805327        14.069193703014033        1.0000000000000000     
   600.00521000000003        1.1470365999999999E-002   11.579182558719829        13.917415286554570        1.5000000000000000     
   540.00521000000003        1.1243814000000000E-002   10.300984338292766        13.701703758733331        1.0000000000000000     
   5400.0051999999996        1.0419105999999999E-002   10.566335205355236        13.137575119857551        2.0000000000000000     
   1850.0052000000001        1.0410020000000001E-002   10.609979555961997        12.504809005512259        2.0000000000000000     
   3300.0052000000001        1.1064295000000000E-002   10.306797691659444        12.116581830041049        2.5000000000000000     
   12100.004999999999        1.1005263000000000E-002   11.688215269637579        11.841698560428656        2.0000000000000000     
   160.00521000000001        1.0365655999999999E-002   10.748217226813610        11.644672341267363        1.0000000000000000     
   820.00521000000003        1.1064568000000000E-002   11.678898920139760        11.626818921639195        1.5000000000000000     
   640.00521000000003        1.0362621000000001E-002   10.781867158500468        11.345848632229599        1.0000000000000000     
   620.00521000000003        1.1296581999999999E-002   11.589036097628453        10.873110028429890       0.50000000000000000     
   3250.0052000000001        1.0905497000000000E-002   11.652102857090966        10.854223525333508        2.0000000000000000     
   460.00520999999998        1.0400591000000001E-002   11.272159360028049        10.834047061932809        1.0000000000000000     
   540.00521000000003        1.1537923000000000E-002   10.625913501620628        10.732546816198459       0.50000000000000000     
   300.00520999999998        1.1620550000000000E-002   10.911018033993955        9.8250027998582201        1.0000000000000000     
   120.00521000000001        1.0714753000000000E-002   10.452151424807472        9.5375976878905124        1.0000000000000000     
   620.00521000000003        1.1283961000000000E-002   11.502497083673576        8.3284291292557402        1.5000000000000000     
   2400.0052000000001        1.0848791000000000E-002   11.555726528462346        8.2924032017273763        2.0000000000000000     
   560.00521000000003        1.1103635000000001E-002   10.449630188228470        7.8411783612435233        1.0000000000000000     
   3800.0052000000001        1.0501437000000001E-002   10.758688160982674        7.6699119860513889        2.0000000000000000     
   6700.0051999999996        1.1133229999999999E-002   10.480941261046151        7.1793050062944079        2.5000000000000000     
   320.00520999999998        1.1510726000000001E-002   11.012880993174761        6.5251745058755866        1.0000000000000000     
   140.00521000000001        1.0550383000000000E-002   10.760909951826644        6.4829876583667092        1.0000000000000000     
   600.00521000000003        1.1360528999999999E-002   11.350360069752378        6.3183335306698085       0.50000000000000000     
   840.00521000000003        1.0818934000000001E-002   11.468594956148884        6.3091531099143978        1.5000000000000000     
   440.00520999999998        1.0617468999999999E-002   11.322967857963983        6.2659551880856963        1.0000000000000000     
   560.00521000000003        1.1481015000000001E-002   10.868473530050441        6.2168663424226835       0.50000000000000000     
   9750.0051999999996        1.1495705000000000E-002   11.006048884089255        6.1440012109407212        2.5000000000000000     
   860.00521000000003        1.0526587000000000E-002   11.146034266462056        6.1361471559508471        1.5000000000000000     
   620.00521000000003        1.0584807000000000E-002   10.756518677314620        5.7917097172120142        1.0000000000000000     
   680.00521000000003        1.0538782999999999E-002   10.863849441201598        5.7814526486311886        1.5000000000000000     
   1800.0052000000001        1.1151482000000001E-002   10.558983499259087        5.4360586403177704        2.5000000000000000     
   8200.0051999999996        1.1460833000000000E-002   10.971507572896503        5.3294720749185300        2.5000000000000000     
   580.00521000000003        1.1421941999999999E-002   11.110058123607320        4.7536962642515626       0.50000000000000000     
   6950.0051999999996        1.0579532000000001E-002   10.943686982162919        4.4991125959940357        2.0000000000000000     
   580.00521000000003        1.0949501000000000E-002   10.579504653840893        4.4841620000443632        1.0000000000000000     
   2900.0052000000001        1.1210921000000000E-002   10.642295151637061        4.3110106304442635        2.5000000000000000     
   5350.0051999999996        1.1409236000000000E-002   11.067739302781479        4.3015681290518408        2.5000000000000000     
   340.00520999999998        1.1392865000000000E-002   11.105673781299231        4.1377465936084343        1.0000000000000000     
   860.00521000000003        1.1301210000000001E-002   11.266609596383109        4.0452035862283289        2.0000000000000000     
   600.00521000000003        1.0778116000000001E-002   10.684675440992303        3.7165521623400415        1.0000000000000000     
   420.00520999999998        1.0806888000000001E-002   11.329456625334313        3.6458477792510564        1.0000000000000000     
   1950.0052000000001        1.1381364999999999E-002   11.014814109445677        3.6414682101334486        2.5000000000000000     
   640.00521000000003        1.1072871000000000E-002   11.372338930245737        3.5986614438537545        1.5000000000000000     
   2150.0052000000001        1.1361123000000001E-002   10.984490398600441        3.2662593861565989        2.5000000000000000     
   3450.0052000000001        1.1360772000000000E-002   10.998392161300924        3.2539756926315526        2.5000000000000000     
   2600.0052000000001        1.1335945000000000E-002   10.869954297428258        3.2442733245120929        2.5000000000000000     
   840.00521000000003        1.1140603000000001E-002   11.312615424652181        2.9374401356438682        2.0000000000000000     
   5650.0051999999996        1.1325903000000000E-002   10.942206475177821        2.7388215546787555        2.5000000000000000     
   360.00520999999998        1.1265605000000000E-002   11.187263104594544        2.6403372221645016        1.0000000000000000     
   860.00521000000003        1.0822218000000000E-002   10.734290338691606        2.5552015782355175        2.0000000000000000     
   400.00520999999998        1.0975332000000001E-002   11.303985333951896        2.3253897689661187        1.0000000000000000     
   380.00520999999998        1.1127196000000001E-002   11.254709475900846        2.0263934603406017        1.0000000000000000     
   660.00521000000003        1.0828907000000000E-002   11.169667066388371        1.4514932171726413        1.5000000000000000     
