  #time	ai	proti	chi2	massp                                                                                                                                                                              
   1000.0051999999999        1.3842469000000000E-002   12.238986795134251        99.345831704889008        3.5000000000000000     
   980.00521000000003        1.3774935000000000E-002   12.101759193950567        98.930773375076100        3.5000000000000000     
   340.00520999999998        1.1392865000000000E-002   11.105673781299231        98.927116069031342        1.0000000000000000     
   780.00521000000003        1.3619765000000001E-002   11.846555117543572        98.851846124931228        3.0000000000000000     
   560.00521000000003        1.2839173000000001E-002   11.198941272671965        98.700595053002203        1.0000000000000000     
   260.00520999999998        1.3619147999999999E-002   11.851713277446050        98.505068406446981        2.5000000000000000     
   340.00520999999998        1.3981222000000000E-002   13.056149208614846        98.209838628448907        2.0000000000000000     
   400.00520999999998        1.0975332000000001E-002   11.303985333951896        98.160255624914058        1.0000000000000000     
   4700.0051999999996        1.3443848000000000E-002   14.356805055529334        98.140426406950638        3.0000000000000000     
   3150.0052000000001        1.2919224000000000E-002   14.753502868424023        97.993625570088511        2.5000000000000000     
   580.00521000000003        1.1421941999999999E-002   11.110058123607320        97.650781448477233       0.50000000000000000     
   500.00520999999998        1.3562680000000001E-002   11.796376572354916        97.266955454496113        2.0000000000000000     
   780.00521000000003        1.2390152000000000E-002   14.932592940535741        97.178348832354004       0.50000000000000000     
   8850.0051999999996        1.2165127000000000E-002   11.036129630192518        97.101341049330429        3.0000000000000000     
   4850.0051999999996        1.2629223000000000E-002   11.133904761399545        96.955823486974083        3.5000000000000000     
   640.00521000000003        1.3900490000000000E-002   12.492710415269782        96.730128442324514        1.0000000000000000     
   660.00521000000003        1.3336871000000000E-002   14.441001764079376        96.592754578373132       0.50000000000000000     
   580.00521000000003        1.3402489000000000E-002   11.626936504478763        96.306970026188466        1.5000000000000000     
   380.00520999999998        1.3601045000000001E-002   11.868985219442456        96.063490431318996       0.50000000000000000     
   600.00521000000003        1.3457367000000000E-002   11.689782969211452        96.014682415151071        1.5000000000000000     
   1250.0052000000001        1.3682316000000000E-002   14.003719406173770        95.940997078862083        3.0000000000000000     
   360.00520999999998        1.1265605000000000E-002   11.187263104594544        95.633774932697037        1.0000000000000000     
   2300.0052000000001        1.2210110999999999E-002   14.943355484266000        95.519426505646393        2.0000000000000000     
   420.00520999999998        1.2583581000000000E-002   11.136120362627508        95.365349996125417        1.5000000000000000     
   380.00520999999998        1.1127196000000001E-002   11.254709475900846        95.195644590899349        1.0000000000000000     
   760.00522000000001        1.3684992999999999E-002   13.984184830786182        95.195532644500787       0.50000000000000000     
   3150.0052000000001        1.2214381000000000E-002   14.930468653870831        94.316708199908106        2.0000000000000000     
   860.00521000000003        1.2440058000000000E-002   14.891532854216527        94.288687127474248       0.50000000000000000     
   1000.0051999999999        1.3659401999999999E-002   12.004260050434180        93.627828858518299        3.5000000000000000     
   8500.0051999999996        1.2995542000000001E-002   14.659350180754711        93.613671603761958        2.5000000000000000     
   840.00521000000003        1.0818934000000001E-002   11.468594956148884        93.502957631833084        1.5000000000000000     
   780.00521000000003        1.3675916000000000E-002   13.961331210591911        93.321306246981194        1.0000000000000000     
   360.00520999999998        1.3922382000000001E-002   13.118828136170695        92.741821654100406        2.0000000000000000     
   560.00521000000003        1.2879085000000000E-002   11.290386454159377        92.389221632145592       0.50000000000000000     
   620.00522000000001        1.3799857000000000E-002   12.331742450735426        92.151338074047331       0.50000000000000000     
   12200.004999999999        1.3836388999999999E-002   13.552598585604269        91.942247935410435        3.5000000000000000     
   2150.0052000000001        1.2664942000000000E-002   11.207331168270683        91.395233254559272        3.5000000000000000     
   800.00521000000003        1.3512135000000000E-002   11.834309151576562        91.134687183826301        3.0000000000000000     
   1650.0052000000001        1.3519532000000001E-002   14.155660750218230        91.113233636894506        3.0000000000000000     
   280.00520999999998        1.3530337999999999E-002   11.860242183034176        91.024558879713453        2.5000000000000000     
   3600.0052000000001        1.3409867000000001E-002   14.279169870142596        90.600014150828287        3.0000000000000000     
   840.00521000000003        1.1140603000000001E-002   11.312615424652181        89.645746529773319        2.0000000000000000     
   660.00521000000003        1.3870053000000000E-002   12.705551747092086        89.594954263848479        1.0000000000000000     
   1050.0052000000001        1.3336977999999999E-002   11.663207658245000        89.363099362856730        3.5000000000000000     
   1600.0052000000001        1.3788586000000000E-002   13.596304353216441        88.865472802322444        3.5000000000000000     
   1050.0052000000001        1.3848609000000000E-002   13.367874001402683        88.817167110378705        3.0000000000000000     
   1100.0052000000001        1.3209538000000000E-002   11.558214796148011        88.543168986379627        3.5000000000000000     
   920.00521000000003        1.2693530000000000E-002   11.253091212455669        88.316852656337474        3.0000000000000000     
   480.00520999999998        1.2280391999999999E-002   11.144165312837464        88.068549026725663        2.5000000000000000     
   600.00521000000003        1.2583136000000000E-002   11.216896864596585        87.987607710173648        1.5000000000000000     
   640.00521000000003        1.1072871000000000E-002   11.372338930245737        87.721217627722993        1.5000000000000000     
   380.00520999999998        1.3861694000000001E-002   13.177990250583745        87.439631327673652        2.0000000000000000     
   760.00521000000003        1.3709729000000000E-002   13.755338587645950        87.342744152895264        1.0000000000000000     
   860.00521000000003        1.1301210000000001E-002   11.266609596383109        87.323742264429512        2.0000000000000000     
   420.00520999999998        1.2917814999999999E-002   11.375456637519019        87.038136867857943       0.50000000000000000     
   120.00521000000001        1.2026009000000001E-002   11.134770437367688        86.993942143700053       0.50000000000000000     
   1700.0052000000001        1.2274998000000001E-002   14.841643930901375        86.681904274289863        2.0000000000000000     
   1050.0052000000001        1.3551326000000001E-002   11.970574593806123        86.658227880092511        3.5000000000000000     
   537.81520999999998        1.0803879000000001E-002   14.423252680921394        86.408841307680916       0.50000000000000000     
   740.00522000000001        1.3701882000000000E-002   13.747988746166055        86.397240899490257       0.50000000000000000     
   520.00521000000003        1.3489685000000000E-002   11.897155760278292        85.885672304657163        2.0000000000000000     
   4850.0051999999996        1.3399345000000000E-002   14.214882878031837        85.852672282709008        3.0000000000000000     
   1750.0052000000001        1.2636873999999999E-002   11.263981134409750        85.484248105930789        3.5000000000000000     
   1400.0052000000001        1.3830198000000000E-002   13.258475740700701        85.410864874524350        3.5000000000000000     
   640.00521000000003        1.3357150999999999E-002   14.254632442966079        85.399036247266423       0.50000000000000000     
   400.00520999999998        1.3583480000000000E-002   12.048410027645829        85.323312139581702       0.50000000000000000     
   2400.0052000000001        1.0848791000000000E-002   11.555726528462346        85.280200676547082        2.0000000000000000     
   3900.0052000000001        1.2889077000000001E-002   14.617360595756695        85.157829265354650        2.5000000000000000     
   4600.0051999999996        1.0229927000000000E-002   12.490170394506046        84.827120063030023        1.5000000000000000     
   680.00521000000003        1.3839094000000000E-002   12.917627764947659        84.726302415694931        1.0000000000000000     
   820.00521000000003        1.3398092000000000E-002   11.802601447806222        84.710614732201961        3.0000000000000000     
   7400.0051999999996        1.1031724000000000E-002   14.565168011681704        84.682732283220844        1.5000000000000000     
   10100.004999999999        1.3486438999999999E-002   14.084325522967973        84.631570426842785        3.0000000000000000     
   2650.0052000000001        1.2936141999999999E-002   14.579213816623049        84.256952318254193        2.5000000000000000     
   640.00522000000001        1.3783920000000000E-002   12.567290426662227        84.240207411623317       0.50000000000000000     
   300.00520999999998        1.3437184000000000E-002   11.859185962739213        84.173864575963933        2.5000000000000000     
   740.00521000000003        1.3742934000000000E-002   13.547808046373421        83.447818214187578        1.0000000000000000     
   440.00520999999998        1.2490273000000000E-002   11.240189635940217        83.432501295746007        1.5000000000000000     
   3150.0052000000001        1.2708090999999999E-002   11.323218387036674        82.824734584832171        3.5000000000000000     
   6050.0051999999996        1.2846582000000000E-002   14.611098880630339        82.808516118675726        2.5000000000000000     
   1050.0052000000001        1.0399989000000000E-002   13.857201459446387        82.370741241082527        1.0000000000000000     
   400.00520999999998        1.3799030000000000E-002   13.233233439882355        82.272673507009159        2.0000000000000000     
   7250.0051999999996        1.2741674000000000E-002   11.345827069653298        82.159208800311319        3.5000000000000000     
   700.00521000000003        1.3807599000000000E-002   13.128795519328488        82.100064879734504        1.0000000000000000     
   6000.0051999999996        1.0975798000000000E-002   14.491435711331256        81.834255113647217        1.5000000000000000     
   720.00521000000003        1.3775552000000000E-002   13.338907074487237        81.686076642511352        1.0000000000000000     
   600.00521000000003        1.3343146000000000E-002   11.791837747190263        81.592431351924773        1.5000000000000000     
   3650.0052000000001        1.3363704000000001E-002   14.183450562170593        81.506097123436774        3.0000000000000000     
   5200.0051999999996        1.0259617000000000E-002   12.520631674098048        81.468178118830423        1.5000000000000000     
   620.00521000000003        1.3399713000000001E-002   11.862496443130528        81.327772117124653        1.5000000000000000     
   4100.0051999999996        1.0968822000000000E-002   14.475200039291590        80.988580311937483        1.5000000000000000     
   720.00522000000001        1.3718609000000000E-002   13.511707247001668        80.386533573518477       0.50000000000000000     
   6600.0051999999996        1.2836699000000000E-002   14.584723660596183        80.285356439515056        2.5000000000000000     
   900.00521000000003        1.2857410000000000E-002   11.427734278084897        80.179284297007499        3.0000000000000000     
   760.00521000000003        1.2424213000000000E-002   14.737285431038718        79.952931435309083       0.50000000000000000     
   840.00521000000003        1.3276781000000000E-002   11.749129082561085        79.871195244688437        3.0000000000000000     
   5000.0051999999996        1.2836530000000001E-002   14.579013021638310        79.826613111343406        2.5000000000000000     
   1400.0052000000001        1.3534387000000000E-002   13.907113743648297        79.429972602826766        3.0000000000000000     
   8300.0051999999996        1.1104095000000000E-002   14.536860161275298        79.114622362548545        1.5000000000000000     
   660.00522000000001        1.3767827999999999E-002   12.803135431782517        79.099291313690884       0.50000000000000000     
   4800.0051999999996        1.0964725999999999E-002   14.445811293826569        79.054063607151832        1.5000000000000000     
   6850.0051999999996        1.2089766000000000E-002   14.775252667309484        78.989496850747130        2.0000000000000000     
   580.00521000000003        1.2785748000000000E-002   11.407503653162248        78.836112245230893        1.0000000000000000     
   1800.0052000000001        1.2939340000000001E-002   14.503150302063128        78.545511085896379        2.5000000000000000     
   1550.0052000000001        1.2772463000000000E-002   11.405305044366481        78.493776056272807        3.5000000000000000     
   600.00521000000003        1.1360528999999999E-002   11.350360069752378        78.255874971687575       0.50000000000000000     
   320.00520999999998        1.3339205999999999E-002   11.847903061069653        78.020002954627557        2.5000000000000000     
   7550.0051999999996        1.3386778000000000E-002   14.087809732975968        77.662082458528545        3.0000000000000000     
   7400.0051999999996        1.2134729000000000E-002   11.242860887237912        77.642241848516321        3.0000000000000000     
   2600.0052000000001        1.2812594000000000E-002   11.436501553077393        77.620909071860723        3.5000000000000000     
   420.00520999999998        1.3734247000000000E-002   13.284118328778817        77.208400782717618        2.0000000000000000     
   700.00522000000001        1.3735173999999999E-002   13.275419548332874        77.167122193476771       0.50000000000000000     
   860.00521000000003        1.3147153999999999E-002   11.671156747750663        77.044667565673421        3.0000000000000000     
   8450.0051999999996        1.3726360000000000E-002   13.310671541463446        76.920895099430666        3.5000000000000000     
   880.00521000000003        1.3007911000000000E-002   11.565381068039098        76.850401346283761        3.0000000000000000     
   2500.0052000000001        1.3709453999999999E-002   13.386440589791077        76.789236268678408        3.5000000000000000     
   680.00522000000001        1.3751579999999999E-002   13.039203464664991        76.739239075149442       0.50000000000000000     
   7950.0051999999996        1.0315014000000001E-002   12.534356029690016        76.400056606687755        1.5000000000000000     
   1900.0052000000001        1.3688860000000001E-002   13.451370968345326        76.399599717522534        3.5000000000000000     
   420.00520999999998        1.3565730000000000E-002   12.228735324612197        76.158993463347358       0.50000000000000000     
   1400.0052000000001        1.3730991000000000E-002   13.211669134396674        76.028345364732488        3.5000000000000000     
   620.00521000000003        1.3377198000000000E-002   14.068410141714207        75.954365598261603       0.50000000000000000     
   7150.0051999999996        1.3678032000000000E-002   13.465935359916287        75.822182211002840        3.5000000000000000     
   520.00521000000003        1.0882140000000000E-002   14.332378815219705        75.621107426896288       0.50000000000000000     
   4350.0051999999996        1.2825949000000000E-002   14.529333516601287        75.526318009119962        2.5000000000000000     
   460.00520999999998        1.2452173000000000E-002   11.322502619096856        75.461445283311534        2.5000000000000000     
   540.00521000000003        1.3413705999999999E-002   11.991525678333563        75.389629564074752        2.0000000000000000     
   3250.0052000000001        1.0905497000000000E-002   11.652102857090966        75.369088281263586        2.0000000000000000     
   1650.0052000000001        1.1191799000000001E-002   14.536470204934922        75.348237742502121        1.5000000000000000     
   2200.0052000000001        1.1053159000000000E-002   14.454055123008706        75.269604057847744        1.5000000000000000     
   6650.0051999999996        1.2831653000000000E-002   14.521568178780322        75.170410025834158        2.5000000000000000     
   1550.0052000000001        1.2947388000000001E-002   14.444119016020380        74.575593454281844        2.5000000000000000     
   9150.0051999999996        1.3428344000000000E-002   13.970001280001282        74.526728514423425        3.0000000000000000     
   840.00521000000003        1.2473134000000000E-002   14.656637660728927        74.207601260515645       0.50000000000000000     
   620.00521000000003        1.2489485000000000E-002   11.355746184729373        73.579152644742948        1.5000000000000000     
   1450.0052000000001        1.3505926000000000E-002   13.821542770883397        73.568643408294307        3.0000000000000000     
   460.00520999999998        1.2391657000000000E-002   11.335809880996409        73.073097076249383        1.5000000000000000     
   7800.0051999999996        1.3671566000000000E-002   13.355340743628970        73.010001846180216        3.5000000000000000     
   340.00520999999998        1.3235836000000001E-002   11.825085227999544        72.692884409655960        2.5000000000000000     
   440.00520999999998        1.3667189000000000E-002   13.330162804903491        72.213169416179724        2.0000000000000000     
   580.00521000000003        1.2853158000000000E-002   11.531976908145456        72.074258593273882       0.50000000000000000     
   2750.0052000000001        1.0335647999999999E-002   12.734096454833786        71.019310327109778        1.5000000000000000     
   440.00520999999998        1.2892486000000000E-002   11.571043933207374        70.961167010244395       0.50000000000000000     
   2000.0052000000001        1.3348162000000000E-002   14.001247036834155        70.500911724159124        3.0000000000000000     
   3100.0052000000001        1.0354290000000000E-002   12.670393862899866        70.425043582856844        1.5000000000000000     
   9250.0051999999996        1.2288075000000001E-002   11.351325646100404        70.027856350440430        3.0000000000000000     
   3050.0052000000001        1.3629003000000001E-002   13.373266760018943        69.824474451636490        3.5000000000000000     
   1900.0052000000001        1.3340355000000000E-002   13.996608510810173        69.744502775329380        3.0000000000000000     
   9050.0051999999996        1.2217541000000000E-002   14.650111460427354        69.254795993948136        2.0000000000000000     
   3700.0052000000001        1.2051272999999999E-002   14.660632780234732        69.008251731651484        2.0000000000000000     
   620.00521000000003        1.1283961000000000E-002   11.502497083673576        68.880669824984309        1.5000000000000000     
   5500.0051999999996        1.2784349000000000E-002   14.462697518032224        68.867183759493130        2.5000000000000000     
   440.00520999999998        1.3547791000000000E-002   12.409905916579740        68.596702940746866       0.50000000000000000     
   620.00521000000003        1.3281794000000000E-002   11.952997488191944        68.480254212744597        1.5000000000000000     
   360.00520999999998        1.3126400999999999E-002   11.789063265859374        68.378675182377975        2.5000000000000000     
   640.00521000000003        1.3340170000000000E-002   12.031474567740633        68.352430115543640        1.5000000000000000     
   600.00521000000003        1.3397015000000000E-002   13.882403183065438        68.257159077739402       0.50000000000000000     
   440.00520999999998        1.2608713000000001E-002   11.465524511315456        68.128662257262576        2.5000000000000000     
   1400.0052000000001        1.3021787999999999E-002   14.294852767686676        68.017360242796229        2.5000000000000000     
   12100.004999999999        1.1005263000000000E-002   11.688215269637579        67.757021917290700        2.0000000000000000     
   460.00520999999998        1.3597678000000000E-002   13.370835952509950        67.252360505662708        2.0000000000000000     
   1000.0051999999999        1.0894664000000000E-002   14.208780992476353        67.072979471282665        1.0000000000000000     
   7050.0051999999996        1.2786909000000001E-002   14.423241810569875        66.121074913825964        2.5000000000000000     
   1100.0052000000001        1.0592958000000000E-002   12.193127098092230        65.770278755517609        1.5000000000000000     
   560.00521000000003        1.3334478000000000E-002   12.078681870111501        65.741467340585103        2.0000000000000000     
   820.00521000000003        1.1064568000000000E-002   11.678898920139760        65.508527050701204        1.5000000000000000     
   380.00520999999998        1.3010088000000000E-002   11.737828503044248        65.333866488572539        2.5000000000000000     
   1100.0052000000001        1.3602222000000001E-002   13.208176791906926        65.261326059567011        3.0000000000000000     
   2800.0052000000001        1.2186328999999999E-002   11.399285886076354        64.925102403685628        3.0000000000000000     
   2050.0052000000001        1.3591259000000000E-002   13.254078051408930        64.916524682439217        3.5000000000000000     
   4750.0051999999996        1.3584974000000000E-002   13.277766812495345        64.732427685614155        3.5000000000000000     
   6000.0051999999996        1.2166095000000000E-002   11.400384728811781        64.658912249503516        3.0000000000000000     
   420.00520999999998        1.2752629000000000E-002   11.579421322486045        64.612353978134735        2.5000000000000000     
   740.00521000000003        1.2457609999999999E-002   14.541126347902098        64.611931802389336       0.50000000000000000     
   480.00520999999998        1.2287054000000000E-002   11.421434550059399        64.356720214047343        1.5000000000000000     
   500.00520999999998        1.0965533000000000E-002   14.225750643692637        64.314665597302294       0.50000000000000000     
   9750.0051999999996        1.3602645000000000E-002   12.981249704111400        64.220567484512671        3.5000000000000000     
   400.00520999999998        1.2885906000000001E-002   11.668944844874121        63.913431341877327        2.5000000000000000     
   5300.0051999999996        1.2018793000000000E-002   14.597175897609652        63.783098718679724        2.0000000000000000     
   10600.004999999999        1.2173435000000000E-002   14.579258243626029        63.103405661921180        2.0000000000000000     
   9800.0051999999996        1.3091144000000001E-002   11.849877278710187        62.834438087375915        3.5000000000000000     
   8300.0051999999996        1.2124742000000001E-002   14.580410517448296        62.831447414354905        2.0000000000000000     
   460.00520999999998        1.3529660000000001E-002   12.591862847163570        62.660894109518487       0.50000000000000000     
   580.00521000000003        1.3416605999999999E-002   13.696677700196961        62.303311602838910       0.50000000000000000     
   480.00520999999998        1.3525518000000000E-002   13.405549581016905        62.291893591642108        2.0000000000000000     
   2000.0052000000001        1.2870993000000001E-002   11.684449173942561        62.232569218511550        3.5000000000000000     
   620.00521000000003        1.1296581999999999E-002   11.589036097628453        62.140399554693886       0.50000000000000000     
   3550.0052000000001        1.3265594000000000E-002   13.935296529401654        61.912695640060853        3.0000000000000000     
   2350.0052000000001        1.2798472000000000E-002   14.355077176136865        61.844791638978379        2.5000000000000000     
   3600.0052000000001        1.3557533000000000E-002   13.185027588450108        61.503609403090316        3.5000000000000000     
   980.00521000000003        1.1055395000000001E-002   14.250792672358946        61.419022842708401        1.0000000000000000     
   600.00521000000003        1.2730609000000000E-002   11.614031979523924        61.367420859629732        1.0000000000000000     
   640.00521000000003        1.2390474000000000E-002   11.484220517724976        61.251433069798217        1.5000000000000000     
   8750.0051999999996        1.3356375000000000E-002   13.779835558280274        61.197417835284213        3.0000000000000000     
   1450.0052000000001        1.2259110000000000E-002   11.457164122837833        61.187011710277901        3.0000000000000000     
   10500.004999999999        1.1030307000000000E-002   11.775332065883857        61.002901647790445        2.0000000000000000     
   10900.004999999999        1.1030211999999999E-002   14.224286477344229        60.984153659985218        1.5000000000000000     
   1450.0052000000001        1.3539519999999999E-002   12.806608310979446        60.188057360405857        3.5000000000000000     
   7050.0051999999996        1.3529945999999999E-002   13.190163272309919        59.422423755944294        3.5000000000000000     
   9650.0051999999996        1.2866999000000000E-002   14.268787835509853        59.037745688519109        2.5000000000000000     
   1300.0052000000001        1.3414644000000000E-002   13.599720897745787        59.022072308004461        3.0000000000000000     
   3900.0052000000001        1.3524042000000000E-002   13.177343137437244        58.853868064391662        3.5000000000000000     
   6050.0051999999996        1.2740605000000000E-002   14.342257620979810        58.753781528055001        2.5000000000000000     
   3750.0052000000001        1.2235637000000001E-002   11.485226417809409        58.751593387356841        3.0000000000000000     
   3700.0052000000001        1.3241150000000000E-002   13.892052029457060        58.405254996832753        3.0000000000000000     
   480.00520999999998        1.3511331999999999E-002   12.774545957111913        58.373851339185464       0.50000000000000000     
   560.00521000000003        1.3435977000000000E-002   13.511299308588635        58.086425597090106       0.50000000000000000     
   2500.0052000000001        1.3298098000000000E-002   13.790235281136667        57.738257092068778        3.0000000000000000     
   9550.0051999999996        1.0972088000000000E-002   14.118099872833374        57.668760537519901        1.5000000000000000     
   600.00521000000003        1.1470365999999999E-002   11.579182558719829        57.480858235299806        1.5000000000000000     
   9750.0051999999996        1.3327372000000001E-002   13.731330942595189        57.419036176526404        3.0000000000000000     
   500.00520999999998        1.2175643000000000E-002   11.495184459738352        57.383005193354826        1.5000000000000000     
   9200.0051999999996        1.1022774000000001E-002   14.157525064733960        57.370873472036720        1.5000000000000000     
   500.00520999999998        1.3450487000000001E-002   13.433649500014699        57.299113168155571        2.0000000000000000     
   2950.0052000000001        1.2227873000000000E-002   11.504615934336005        57.202488598778601        3.0000000000000000     
   660.00521000000003        1.3278610000000000E-002   12.196244160916132        57.021676107691455        1.5000000000000000     
   5350.0051999999996        1.3503839000000000E-002   13.133985922424809        56.987101976405178        3.5000000000000000     
   640.00521000000003        1.3218292000000000E-002   12.109927714686762        56.911603043158927        1.5000000000000000     
   580.00521000000003        1.3251697999999999E-002   12.157717510879326        56.904693317478177        2.0000000000000000     
   820.00521000000003        1.2505588000000000E-002   14.420415503119569        56.829984500820366       0.50000000000000000     
   460.00520999999998        1.2866763999999999E-002   11.767327122924467        56.769056156185442       0.50000000000000000     
   6150.0051999999996        1.1588200999999999E-002   11.550855947389504        56.739921189994220        2.5000000000000000     
   10100.004999999999        1.3485512999999999E-002   12.782651749884174        56.349731127096867        3.5000000000000000     
   500.00520999999998        1.3492804000000001E-002   12.957893462096090        55.755921387222017       0.50000000000000000     
   540.00521000000003        1.3455131000000000E-002   13.326333296932004        55.597493791353145       0.50000000000000000     
   6000.0051999999996        1.3488238000000000E-002   13.068228873437780        55.487690889490210        3.5000000000000000     
   960.00521000000003        1.1201312000000000E-002   14.253724409955607        55.243185071201310        1.0000000000000000     
   3550.0052000000001        1.0665433000000000E-002   13.650201675702245        55.095784349072360        1.5000000000000000     
   11200.004999999999        1.3180712000000001E-002   12.102469728145328        54.991036556670913        3.5000000000000000     
   7950.0051999999996        1.2042710000000000E-002   14.482319396635871        54.977371808783133        2.0000000000000000     
   8350.0051999999996        1.0891789000000001E-002   13.983849507089396        54.902287658100640        1.5000000000000000     
   840.00521000000003        1.1542838999999999E-002   11.591173097141029        54.844734338703255        2.0000000000000000     
   520.00521000000003        1.3474072000000000E-002   13.141843586280119        54.825199333418688       0.50000000000000000     
   1650.0052000000001        1.3480705000000001E-002   13.013749442660057        54.816911374165244        3.5000000000000000     
   3650.0052000000001        1.3239989000000001E-002   13.807899154889480        54.756845570621024        3.0000000000000000     
   2400.0052000000001        1.3479804999999999E-002   12.985219385307399        54.751035380708437        3.5000000000000000     
   600.00521000000003        1.2826812000000000E-002   11.773822923058239        54.678207427315954       0.50000000000000000     
   6100.0051999999996        1.0999347000000000E-002   11.915878475220369        54.415648061563047        2.0000000000000000     
   1700.0052000000001        1.1581615999999999E-002   11.587038164680996        54.287656721722463        2.5000000000000000     
   1500.0052000000001        1.3056178999999999E-002   11.972949448749832        54.258673494707978        3.5000000000000000     
   1700.0052000000001        1.0527477000000000E-002   12.984989844452215        54.213734996120010        1.5000000000000000     
   10200.004999999999        1.3206699000000001E-002   12.156925280439307        54.172437793752408        3.5000000000000000     
   2850.0052000000001        1.3232022000000000E-002   13.801318848750645        53.999754085007311        3.0000000000000000     
   480.00520999999998        1.1044628000000001E-002   14.114869689700607        53.891752311752001       0.50000000000000000     
   1450.0052000000001        1.3423731000000000E-002   12.669073212525010        53.413064954473704        3.5000000000000000     
   8500.0051999999996        1.3260440000000000E-002   12.262408188379762        53.318768455596278        3.5000000000000000     
   140.00521000000001        1.1991183000000001E-002   11.539806294313689        53.306083351884084       0.50000000000000000     
   3800.0052000000001        1.2237242000000001E-002   11.561207168286606        53.160213007575443        3.0000000000000000     
   2600.0052000000001        1.2315740000000000E-002   11.581518441632307        52.794540602528471        3.0000000000000000     
   8100.0051999999996        1.2802851000000001E-002   14.210725139304911        52.760627000660151        2.5000000000000000     
   7300.0051999999996        1.3220412000000001E-002   13.782821987636042        52.555394276459310        3.0000000000000000     
   8050.0051999999996        1.2047594999999999E-002   14.446818872321526        52.388751776510858        2.0000000000000000     
   520.00521000000003        1.2056420000000000E-002   11.554744776695001        52.298645370030883        1.5000000000000000     
   520.00521000000003        1.3372332000000001E-002   13.454404391510300        52.244463956156011        2.0000000000000000     
   2450.0052000000001        1.3024907000000000E-002   11.981012848987174        52.219229867646462        3.5000000000000000     
   5900.0051999999996        1.3199756000000000E-002   13.803724776886838        52.134700749790625        3.0000000000000000     
   5900.0051999999996        1.0682606000000001E-002   13.591093724445772        52.122970489717162        1.5000000000000000     
   4550.0051999999996        1.0670783000000000E-002   13.556568102919726        51.914649157800163        1.5000000000000000     
   1700.0052000000001        1.3243044000000001E-002   13.727659306755228        51.866162873287450        3.0000000000000000     
   1650.0052000000001        1.2794751000000000E-002   14.198855870610924        51.722113489457954        2.5000000000000000     
   1900.0052000000001        1.2733802000000001E-002   14.233909245209169        51.524934561180821        2.5000000000000000     
   1500.0052000000001        1.3195830000000000E-002   12.208722831514780        51.403224996408113        3.5000000000000000     
   580.00521000000003        1.1637511999999999E-002   11.615046093864349        51.237370543485220        1.5000000000000000     
   720.00521000000003        1.2490365000000000E-002   14.344241014796729        51.186042434584422       0.50000000000000000     
   660.00521000000003        1.2285420999999999E-002   11.600555731228896        50.997733859676728        1.5000000000000000     
   1050.0052000000001        1.0752032999999999E-002   12.305700155687980        50.986849280549585        1.5000000000000000     
   7150.0051999999996        1.1637244999999999E-002   11.619962243721663        50.902383716716201        2.5000000000000000     
   2700.0052000000001        1.3213905999999999E-002   13.742434253064797        50.619411374587322        3.0000000000000000     
   10200.004999999999        1.2421962999999999E-002   11.642392141791964        50.528795602614025        3.0000000000000000     
   7600.0051999999996        1.0753805999999999E-002   13.672854155378108        50.143306625430995        1.5000000000000000     
   4500.0051999999996        1.1948271000000000E-002   14.404797571876971        49.403301217851336        2.0000000000000000     
   7350.0051999999996        1.1032560000000000E-002   11.981292554452184        49.342625739360770        2.0000000000000000     
   540.00521000000003        1.1928131000000000E-002   11.597220035718696        49.323918074156595        1.5000000000000000     
   640.00521000000003        1.1229876999999999E-002   11.825697875583840        49.301872585143485       0.50000000000000000     
   600.00521000000003        1.3165018000000001E-002   12.227602175267696        48.846634769251850        2.0000000000000000     
   6050.0051999999996        1.3045685000000000E-002   12.073035268665160        48.818019050043063        3.5000000000000000     
   560.00521000000003        1.1789183000000000E-002   11.618921095841300        48.795567310059148        1.5000000000000000     
   2000.0052000000001        1.1653375000000001E-002   11.647870989681447        48.710042568857041        2.5000000000000000     
   2550.0052000000001        1.3312598000000000E-002   12.525797760976355        48.694533836159309        3.5000000000000000     
   940.00521000000003        1.1335052000000000E-002   14.224740275463814        48.553614067090649        1.0000000000000000     
   800.00521000000003        1.1276991000000000E-002   11.809385178076480        48.507641310735877        1.5000000000000000     
   7850.0051999999996        1.3225669000000001E-002   12.343583170154176        48.328690378132919        3.5000000000000000     
   3650.0052000000001        1.2279633999999999E-002   11.646195329628853        47.774555220104311        3.0000000000000000     
   680.00521000000003        1.3214890000000000E-002   12.356286381145708        47.258124935526048        1.5000000000000000     
   11400.004999999999        1.0654189999999999E-002   13.274282087953857        47.160882728500908        1.5000000000000000     
   540.00521000000003        1.3290767000000000E-002   13.466990187143903        47.103984021395739        2.0000000000000000     
   820.00521000000003        1.1405909000000001E-002   11.762734515323929        47.094249201544585        2.0000000000000000     
   2450.0052000000001        1.1666754000000000E-002   11.668733268272021        47.083099007869144        2.5000000000000000     
   660.00521000000003        1.3152481000000001E-002   12.262089772384503        46.818100256494738        1.5000000000000000     
   3650.0052000000001        1.3132089000000000E-002   12.233540845343008        46.727129673100450        3.5000000000000000     
   1950.0052000000001        1.3326765000000001E-002   12.678750601366303        46.587665680249735        3.5000000000000000     
   5400.0051999999996        1.3065342000000001E-002   12.147344384392163        46.549380286683217        3.5000000000000000     
   620.00521000000003        1.2673643000000000E-002   11.818173594841724        46.262713117016766        1.0000000000000000     
   8900.0051999999996        1.0697887000000000E-002   13.385112307565400        46.095245886277581        1.5000000000000000     
   7100.0051999999996        1.3087230000000000E-002   12.187552343225940        46.053507698729035        3.5000000000000000     
   7200.0051999999996        1.3267868000000000E-002   12.533205496255073        45.634661221845626        3.5000000000000000     
   6450.0051999999996        1.1928062000000000E-002   14.348123388798149        45.565292334155956        2.0000000000000000     
   3950.0052000000001        1.3090307000000001E-002   12.204016453403170        45.558980047027575        3.5000000000000000     
   2100.0052000000001        1.3187228000000000E-002   12.364204146770813        45.343668753367552        3.5000000000000000     
   1700.0052000000001        1.3210959000000000E-002   13.578912146009163        45.039025914496584        3.0000000000000000     
   4800.0051999999996        1.3166838000000000E-002   12.337050998774604        45.025308804022714        3.5000000000000000     
   160.00521000000001        1.1955601000000000E-002   11.666267000980708        44.520373273997961       0.50000000000000000     
   480.00520999999998        1.2840636000000001E-002   11.964228601136668        44.487281973265581       0.50000000000000000     
   3100.0052000000001        1.3223880000000000E-002   12.471353723563542        44.433730183518755        3.5000000000000000     
   460.00520999999998        1.1119868000000000E-002   14.000451319164078        44.388379718740893       0.50000000000000000     
   1700.0052000000001        1.3108852000000001E-002   12.262039323575575        44.353469093627581        3.5000000000000000     
   1900.0052000000001        1.2719792000000001E-002   14.116275794046246        44.104304016959738        2.5000000000000000     
   1450.0052000000001        1.3242853000000001E-002   13.456277290527085        43.821815432480157        3.0000000000000000     
   1150.0052000000001        1.3320767000000001E-002   12.932815625864979        43.723482410454679        3.0000000000000000     
   7650.0051999999996        1.2388929000000000E-002   11.744603585197209        43.182147150355732        3.0000000000000000     
   680.00521000000003        1.2173503000000000E-002   11.702623138784144        42.832249059634499        1.5000000000000000     
   4550.0051999999996        1.1945315000000000E-002   14.307486907829420        42.812810314342556        2.0000000000000000     
   5250.0051999999996        1.1909968000000000E-002   14.304202128724214        42.726222582756293        2.0000000000000000     
   800.00521000000003        1.2537444000000000E-002   14.183018480849070        42.209468801271164       0.50000000000000000     
   560.00521000000003        1.3205461999999999E-002   13.470474784953554        41.862130588579809        2.0000000000000000     
   620.00521000000003        1.3074036000000001E-002   12.287159084432602        41.542388583539221        2.0000000000000000     
   920.00521000000003        1.1458591000000001E-002   14.169268433954604        41.507808749702804        1.0000000000000000     
   5600.0051999999996        1.1670185000000000E-002   11.758370969380085        41.260513586363594        2.5000000000000000     
   8600.0051999999996        1.1789684999999999E-002   11.742113867000164        40.662746947438670        2.5000000000000000     
   620.00521000000003        1.2800034000000000E-002   12.015824598614239        40.216390633013177       0.50000000000000000     
   2000.0052000000001        1.1679063000000000E-002   11.775517208450250        40.058965632253567        2.5000000000000000     
   660.00521000000003        1.1160158999999999E-002   12.059902440120718        39.727908416740036       0.50000000000000000     
   1250.0052000000001        1.2591410000000001E-002   11.886954369905498        39.715908588072594        3.0000000000000000     
   700.00521000000003        1.2522501000000000E-002   14.146748041990627        39.700958535321142       0.50000000000000000     
   1800.0052000000001        1.2355043000000000E-002   11.791528004910091        39.661501440274954        3.0000000000000000     
   1500.0052000000001        1.3208397000000000E-002   13.343625177551228        39.457541062844911        3.0000000000000000     
   700.00521000000003        1.3148852000000001E-002   12.511030053213950        38.973814658086333        1.5000000000000000     
   5250.0051999999996        1.2650878000000001E-002   14.064880026811734        38.940290749896000        2.5000000000000000     
   1600.0052000000001        1.2406588000000000E-002   11.823109458661255        38.759627877765432        3.0000000000000000     
   9400.0051999999996        1.1166630000000000E-002   12.075469202892748        38.731569032884877        2.0000000000000000     
   780.00521000000003        1.1464507000000001E-002   11.880331813801966        38.510239433976949        1.5000000000000000     
   680.00521000000003        1.3084184000000000E-002   12.408887794864421        38.121715847297267        1.5000000000000000     
   2400.0052000000001        1.3131867000000000E-002   13.476252576766338        37.698487013342358        3.0000000000000000     
   2150.0052000000001        1.2000476000000000E-002   14.225480994065759        37.545096215879390        2.0000000000000000     
   3350.0052000000001        1.2626876000000000E-002   14.043271653171951        37.034731227637820        2.5000000000000000     
   6200.0051999999996        1.3099006000000000E-002   13.522457072644057        37.019390842020535        3.0000000000000000     
   700.00521000000003        1.2053707000000000E-002   11.787821346847609        36.806537134055731        1.5000000000000000     
   5550.0051999999996        1.2611735000000001E-002   14.045054940779082        36.658988145765967        2.5000000000000000     
   580.00521000000003        1.3116038000000000E-002   13.463793796024024        36.516138979844314        2.0000000000000000     
   7650.0051999999996        1.1140840000000001E-002   12.151140536071642        36.467957773027017        2.0000000000000000     
   749.16521000000000        1.0803864999999999E-002   13.058719011157669        35.854673317014864       0.50000000000000000     
   440.00520999999998        1.1191629999999999E-002   13.883096750384919        35.833048430361288       0.50000000000000000     
   12000.004999999999        1.2715536000000000E-002   13.949492342776418        35.338186882179848        2.5000000000000000     
   820.00521000000003        1.1753553999999999E-002   11.838014853255363        35.273626875010045        2.0000000000000000     
   2900.0052000000001        1.1874674999999999E-002   14.178410513774560        35.108941350198528        2.0000000000000000     
   640.00521000000003        1.2978277999999999E-002   12.335031643020345        34.980269906081453        2.0000000000000000     
   11700.004999999999        1.2554678999999999E-002   11.967149761641609        34.361209791755236        3.0000000000000000     
   900.00521000000003        1.1573447000000001E-002   14.091541959030591        34.335282095442778        1.0000000000000000     
   500.00520999999998        1.2814090000000000E-002   12.161668822797548        34.138542582729308       0.50000000000000000     
   4400.0051999999996        1.1863054000000000E-002   14.150363982399028        33.552286510649267        2.0000000000000000     
   640.00521000000003        1.2614725000000000E-002   12.019540569832360        33.479687756827744        1.0000000000000000     
   740.00521000000003        1.0844513000000000E-002   12.960538832260415        33.417686458485733       0.50000000000000000     
   680.00521000000003        1.1087135000000000E-002   12.291138698847439        33.395171990612482       0.50000000000000000     
   1750.0052000000001        1.1895156000000000E-002   14.150949929923883        33.391949165111384        2.0000000000000000     
   760.00521000000003        1.1632602000000001E-002   11.905301539295960        33.333649534439282        1.5000000000000000     
   4750.0051999999996        1.3059355000000000E-002   13.456122419871349        33.257018210849353        3.0000000000000000     
   720.00521000000003        1.1924773000000000E-002   11.852920012395222        33.036289014115717        1.5000000000000000     
   1550.0052000000001        1.1788658000000000E-002   11.874585033342814        32.780606316257192        2.5000000000000000     
   4550.0051999999996        1.1847432000000000E-002   14.133650790796935        32.711026824342348        2.0000000000000000     
   720.00521000000003        1.3080319000000000E-002   12.659843856080721        32.069884988125608        1.5000000000000000     
   740.00521000000003        1.1785099000000000E-002   11.893837192014358        31.744464085975196        1.5000000000000000     
   2050.0052000000001        1.2609169999999999E-002   13.943385137498243        31.526589969454733        2.5000000000000000     
   1800.0052000000001        1.2405683000000001E-002   11.956537676132376        31.334807342156608        3.0000000000000000     
   6750.0051999999996        1.1758840000000000E-002   11.909863586961396        31.163887803851708        2.5000000000000000     
   600.00521000000003        1.3022051000000000E-002   13.445723871098501        31.081451568106278        2.0000000000000000     
   2500.0052000000001        1.2630985000000001E-002   13.916536787335756        30.954543696136191        2.5000000000000000     
   4450.0051999999996        1.1749033000000001E-002   11.916275817629760        30.936062668092699        2.5000000000000000     
   5300.0051999999996        1.1129210000000000E-002   12.310026854155677        30.858454755245468        2.0000000000000000     
   700.00521000000003        1.3013201000000000E-002   12.549658355212607        30.734597731341879        1.5000000000000000     
   5250.0051999999996        1.1830270000000000E-002   14.093400893025374        30.608343789869124        2.0000000000000000     
   1350.0052000000001        1.3103666000000000E-002   13.076760213005876        30.599270780590487        3.0000000000000000     
   1200.0052000000001        1.2991264000000001E-002   12.509985803003770        30.567956836081400        3.0000000000000000     
   780.00521000000003        1.2568718000000000E-002   13.944592567273148        30.392381785549340       0.50000000000000000     
   720.00521000000003        1.0929746000000001E-002   12.742222871627716        30.297318208005159       0.50000000000000000     
   700.00521000000003        1.1010463000000000E-002   12.518812104785164        30.268132686057850       0.50000000000000000     
   680.00521000000003        1.2554041000000000E-002   13.948762695238051        30.177801755969679       0.50000000000000000     
   9350.0051999999996        1.1972674000000001E-002   14.094708202727684        29.978318092957917        2.0000000000000000     
   1550.0052000000001        1.2466744000000000E-002   12.009558075767158        29.970628714635552        3.0000000000000000     
   2100.0052000000001        1.2461313000000000E-002   12.007347105744081        29.954235845742325        3.0000000000000000     
   12000.004999999999        1.1961230999999999E-002   14.088376591682062        29.651665136391394        2.0000000000000000     
   660.00521000000003        1.2877190000000000E-002   12.369643150297641        29.170302027531086        2.0000000000000000     
   3650.0052000000001        1.3017071000000000E-002   13.362512598876918        29.146221293324690        3.0000000000000000     
   640.00521000000003        1.2772812999999999E-002   12.257880585708804        28.699529294965984       0.50000000000000000     
   420.00520999999998        1.1260238000000001E-002   13.763315172620128        28.247446992026447       0.50000000000000000     
   3750.0052000000001        1.2443658999999999E-002   12.042448878770177        27.843436016711838        3.0000000000000000     
   4600.0051999999996        1.1155411000000000E-002   12.373450690271287        27.647366019592496        2.0000000000000000     
   7600.0051999999996        1.1883912999999999E-002   14.044310380086284        27.601508242597312        2.0000000000000000     
   4900.0051999999996        1.3004791000000000E-002   13.291648958277584        27.366602925499368        3.0000000000000000     
   880.00521000000003        1.1680816000000000E-002   13.994918838908101        27.293547437933594        1.0000000000000000     
   5100.0051999999996        1.1768012000000000E-002   11.982723855948594        27.216728931956961        2.5000000000000000     
   6700.0051999999996        1.1769913999999999E-002   11.988567506964412        26.898380688781788        2.5000000000000000     
   740.00521000000003        1.3009089000000000E-002   12.802027428971879        26.436344976982301        1.5000000000000000     
   2000.0052000000001        1.2484944000000000E-002   12.096692813964671        26.278363576081723        3.0000000000000000     
   520.00521000000003        1.2787114000000000E-002   12.359566414959302        25.742591123068173       0.50000000000000000     
   620.00521000000003        1.2922982000000000E-002   13.414845408805762        25.599813086093334        2.0000000000000000     
   4450.0051999999996        1.1179306999999999E-002   12.411888429816992        25.485306073854822        2.0000000000000000     
   4950.0051999999996        1.2503775000000000E-002   12.125854262735862        25.448000266292606        3.0000000000000000     
   2800.0052000000001        1.2556532000000000E-002   13.836244454200985        25.225816225344154        2.5000000000000000     
   1450.0052000000001        1.2698592999999999E-002   13.721201839109494        25.204107038505782        2.5000000000000000     
   9550.0051999999996        1.1940137000000000E-002   12.007453372313078        24.718308943075424        2.5000000000000000     
   1600.0052000000001        1.2602033000000000E-002   13.790682989396259        24.690583062250013        2.5000000000000000     
   720.00521000000003        1.2939307000000001E-002   12.683661318102475        24.559196087719222        1.5000000000000000     
   3700.0052000000001        1.2960040000000001E-002   13.241349696735252        24.498163063631360        3.0000000000000000     
   6150.0051999999996        1.1786927000000001E-002   12.036790869953631        24.329297654443373        2.5000000000000000     
   680.00521000000003        1.2770109000000000E-002   12.389143319159921        24.155344381291378        2.0000000000000000     
   1950.0052000000001        1.2965051999999999E-002   13.175169923318084        24.050247771982736        3.0000000000000000     
   800.00521000000003        1.1940726000000000E-002   12.024927056065662        23.857015622780423        2.0000000000000000     
   6600.0051999999996        1.2521947000000000E-002   13.822663768796168        23.730108522342100        2.5000000000000000     
   2050.0052000000001        1.2960437999999999E-002   13.137619985781578        23.534511459293377        3.0000000000000000     
   660.00521000000003        1.2553715000000000E-002   12.217704946799168        22.964646218491307        1.0000000000000000     
   7600.0051999999996        1.2955467000000000E-002   13.068424026274354        22.939977036138014        3.0000000000000000     
   9200.0051999999996        1.2944486999999999E-002   12.852458842964056        22.845603265255022        3.0000000000000000     
   2950.0052000000001        1.1199812000000000E-002   12.482390690698448        22.705506419643260        2.0000000000000000     
   800.00521000000003        1.1634065000000001E-002   12.121357012887943        22.648047669600661        2.0000000000000000     
   1400.0052000000001        1.2730356000000000E-002   12.389903411251728        22.640943754899055        3.0000000000000000     
   660.00521000000003        1.2585003000000001E-002   13.750394574562783        22.633013201291270       0.50000000000000000     
   3700.0052000000001        1.2518924000000001E-002   12.205355407210721        22.518553535288547        3.0000000000000000     
   7300.0051999999996        1.1795257999999999E-002   13.923731552802190        22.379981122364033        2.0000000000000000     
   8800.0051999999996        1.2855976000000000E-002   12.618474660112822        21.956413255820369        3.0000000000000000     
   760.00521000000003        1.2934938999999999E-002   12.936800381980163        21.952629237090409        1.5000000000000000     
   400.00520999999998        1.1325973000000000E-002   13.641543367932258        21.647257508867050       0.50000000000000000     
   9800.0051999999996        1.2818178000000000E-002   12.561485750984556        21.542750359111302        3.0000000000000000     
   760.00521000000003        1.2599430000000000E-002   13.705277787555044        21.418327146213791       0.50000000000000000     
   1750.0052000000001        1.1843124999999999E-002   13.897556579713756        20.755438916171570        2.0000000000000000     
   1500.0052000000001        1.2896515000000001E-002   12.845716353580691        20.688565716909007        3.0000000000000000     
   860.00521000000003        1.1781658000000000E-002   13.882111412556533        20.644843808633439        1.0000000000000000     
   1550.0052000000001        1.2852578999999999E-002   12.702061791371904        20.391454037041779        3.0000000000000000     
   1850.0052000000001        1.2562868000000000E-002   13.702814390820368        20.269211366362949        2.5000000000000000     
   640.00521000000003        1.2818213000000000E-002   13.369495034528390        20.149978091648109        2.0000000000000000     
   660.00521000000003        1.2745136000000001E-002   12.499886541828873        20.133528753459586       0.50000000000000000     
   700.00521000000003        1.2656238000000000E-002   12.391335195915730        20.028029177304401        2.0000000000000000     
   1800.0052000000001        1.1250091000000000E-002   12.520590716115651        19.804919782973382        2.0000000000000000     
   2450.0052000000001        1.2658126000000000E-002   12.400939571705109        19.800080995328958        3.0000000000000000     
   2550.0052000000001        1.2870937000000001E-002   12.831996032067099        19.668915717331089        3.0000000000000000     
   4800.0051999999996        1.2574991000000001E-002   12.327443523677625        19.573671678691952        3.0000000000000000     
   740.00521000000003        1.2862247000000000E-002   12.810064797013098        19.488632670770134        1.5000000000000000     
   540.00521000000003        1.2759693000000001E-002   12.557838106666587        19.316015437446460       0.50000000000000000     
   4000.0052000000001        1.1862252000000000E-002   12.134935525402504        19.182775884278694        2.5000000000000000     
   1750.0052000000001        1.2874850000000000E-002   12.971365264114988        19.154562731103415        3.0000000000000000     
   10100.004999999999        1.1322926000000001E-002   12.460594167714746        18.734696696747417        2.0000000000000000     
   3200.0052000000001        1.2489468000000000E-002   13.712893341464783        18.694895907183128        2.5000000000000000     
   780.00521000000003        1.2857610000000000E-002   13.063289291569193        18.487512089207154        1.5000000000000000     
   1750.0052000000001        1.2835806999999999E-002   12.819699195987981        18.277043887561227        3.0000000000000000     
   6250.0051999999996        1.2627467999999999E-002   12.423519847074276        18.151136693232221        3.0000000000000000     
   9500.0051999999996        1.2604558000000000E-002   13.592630375981019        17.917528647465865        2.5000000000000000     
   6050.0051999999996        1.1746529000000000E-002   13.807080959285861        17.890680162905436        2.0000000000000000     
   780.00521000000003        1.2109330999999999E-002   12.164156330824632        17.764697166113439        2.0000000000000000     
   5300.0051999999996        1.1249453000000000E-002   12.619143153978392        17.709319012725128        2.0000000000000000     
   3600.0052000000001        1.2837904000000001E-002   12.939056814729753        17.644930510210511        3.0000000000000000     
   3700.0052000000001        1.2805639000000001E-002   12.800416479029431        17.222195294246355        3.0000000000000000     
   640.00521000000003        1.2615408999999999E-002   13.551750261389772        17.078914957174248       0.50000000000000000     
   720.00521000000003        1.2534602000000001E-002   12.373577010017051        16.955126588209268        2.0000000000000000     
   2900.0052000000001        1.2797424000000000E-002   12.808063814196522        16.818114155662485        3.0000000000000000     
   7350.0051999999996        1.2758355000000001E-002   12.694621582657234        16.708957752028553        3.0000000000000000     
   2750.0052000000001        1.2770472999999999E-002   12.731541591692208        16.642464714123591        3.0000000000000000     
   3750.0052000000001        1.2806939999999999E-002   12.880289928567816        16.637067431854767        3.0000000000000000     
   380.00520999999998        1.1389078000000000E-002   13.518158206392680        16.042840694786612       0.50000000000000000     
   800.00521000000003        1.2776811000000001E-002   13.180510538122549        15.900485340283275        1.5000000000000000     
   5950.0051999999996        1.2754946000000000E-002   12.764936036984356        15.629963919346425        3.0000000000000000     
   1050.0052000000001        1.1214695000000000E-002   13.076381406721739        15.563452332560665        1.5000000000000000     
   760.00521000000003        1.2781727000000000E-002   12.927930289407758        15.407279410856946        1.5000000000000000     
   6500.0051999999996        1.1278895000000001E-002   12.690808295533596        15.389798863974498        2.0000000000000000     
   740.00521000000003        1.2629596999999999E-002   13.465208298637254        15.320278927690360       0.50000000000000000     
   760.00521000000003        1.2262891000000000E-002   12.264529591747081        15.250709666698913        2.0000000000000000     
   740.00521000000003        1.2403994000000000E-002   12.332643588137406        15.214393186583452        2.0000000000000000     
   4600.0051999999996        1.1301980000000000E-002   12.670370021208383        14.897196617424807        2.0000000000000000     
   560.00521000000003        1.2731813999999999E-002   12.756399103849139        14.872328812283502       0.50000000000000000     
   660.00521000000003        1.2707006999999999E-002   13.307702333303585        14.863491160069007        2.0000000000000000     
   2750.0052000000001        1.1936636000000000E-002   12.236700639463560        14.666022328264688        2.5000000000000000     
   680.00521000000003        1.2490459000000001E-002   12.412191581415149        14.651719237414341        1.0000000000000000     
   840.00521000000003        1.1876754000000000E-002   13.755347173641834        14.643472825211333        1.0000000000000000     
   680.00521000000003        1.2716989999999999E-002   12.741735052187478        14.519386683850065       0.50000000000000000     
   2700.0052000000001        1.2504431000000000E-002   13.570318435226119        14.492843862052496        2.5000000000000000     
   820.00521000000003        1.2692202000000000E-002   13.287350627017066        14.042850334967081        1.5000000000000000     
   1750.0052000000001        1.1896268000000000E-002   12.262564714512582        13.864277811068579        2.5000000000000000     
   8100.0051999999996        1.1346108000000001E-002   12.653396345278919        13.692721478815727        2.0000000000000000     
   620.00521000000003        1.2645274999999999E-002   13.352931403883703        13.523510469935125       0.50000000000000000     
   4550.0051999999996        1.1306142999999999E-002   12.765899582905867        13.406014110591569        2.0000000000000000     
   180.00521000000001        1.1912578000000000E-002   12.275432533266850        13.316015116801804       0.50000000000000000     
   8000.0051999999996        1.1348428000000001E-002   12.705000141714287        12.789275160722960        2.0000000000000000     
   840.00521000000003        1.2603392000000000E-002   13.382540264937624        12.760474349908225        1.5000000000000000     
   3950.0052000000001        1.2448552999999999E-002   13.547993050693362        12.537404465828921        2.5000000000000000     
   580.00521000000003        1.2703460999999999E-002   12.955161931872567        12.421696395419536       0.50000000000000000     
   1800.0052000000001        1.1323918000000001E-002   12.811231742709035        12.318008692916997        2.0000000000000000     
   780.00521000000003        1.2697411000000000E-002   13.036192173721883        12.192300022369242        1.5000000000000000     
   720.00521000000003        1.2659235000000000E-002   13.224512891946967        12.124921108263667       0.50000000000000000     
   600.00521000000003        1.2674621000000000E-002   13.154036733196797        11.971020777552031       0.50000000000000000     
   860.00521000000003        1.2509922999999999E-002   13.464621670279120        11.897369228145578        1.5000000000000000     
   700.00521000000003        1.2688361000000000E-002   12.983315369210622        11.852981678943424       0.50000000000000000     
   360.00520999999998        1.1449768000000001E-002   13.393486048505681        11.439663371869138       0.50000000000000000     
   1000.0051999999999        1.1324674999999999E-002   13.019253176944368        11.410864086967251        1.5000000000000000     
   3200.0052000000001        1.1685452000000001E-002   13.597853624904326        11.409234886548042        2.0000000000000000     
   2200.0052000000001        1.1384504000000000E-002   12.724879918218225        11.363160057505326        2.0000000000000000     
   880.00521000000003        1.2411254000000000E-002   13.531904971926418        11.301318794736069        1.5000000000000000     
   2350.0052000000001        1.1665804000000000E-002   13.582511229706025        11.275157367000551        2.0000000000000000     
   3250.0052000000001        1.1922119000000000E-002   12.344545759936427        10.892142462027184        2.5000000000000000     
   900.00521000000003        1.2306741000000000E-002   13.582413561851613        10.832389818859951        1.5000000000000000     
   8550.0051999999996        1.2493491000000001E-002   13.433329388510582        10.782693318404625        2.5000000000000000     
   920.00521000000003        1.2195605000000000E-002   13.613806412850202        10.375490479647121        1.5000000000000000     
   6100.0051999999996        1.2394588000000000E-002   13.506919978760498        10.316688870472873        2.5000000000000000     
   680.00521000000003        1.2588464000000001E-002   13.227102251288198        9.9466331948784372        2.0000000000000000     
   940.00521000000003        1.2076895000000001E-002   13.623276268767169        9.8596534238664972        1.5000000000000000     
   200.00521000000001        1.1867173999999999E-002   12.386371177228440        9.8545767020405179       0.50000000000000000     
   800.00521000000003        1.2608909000000000E-002   13.133631545147415        9.7156894585044640        1.5000000000000000     
   820.00521000000003        1.1966749000000000E-002   13.616479346329527        9.5288100545366312        1.0000000000000000     
   780.00521000000003        1.1834669000000001E-002   12.411161646569544        9.3516234269839966        2.0000000000000000     
   960.00521000000003        1.1949433000000001E-002   13.607404665415242        9.2874359547778038        1.5000000000000000     
   6650.0051999999996        1.2382690000000000E-002   13.473704305758737        9.2711851526552831        2.5000000000000000     
   5050.0051999999996        1.2381600000000000E-002   13.467409171469006        9.1022473604914502        2.5000000000000000     
   980.00521000000003        1.1811725000000000E-002   13.561976115809388        8.7816155686019943        1.5000000000000000     
   5350.0051999999996        1.1408534000000000E-002   13.034727351666854        8.7759508937213528        2.0000000000000000     
   1000.0051999999999        1.1661843999999999E-002   13.481667667781558        8.6588305346324397        1.5000000000000000     
   8350.0051999999996        1.1440440000000000E-002   12.832247141121744        8.5312107560669421        2.0000000000000000     
   700.00521000000003        1.2424780000000000E-002   12.602470810324583        8.4616877362711520        1.0000000000000000     
   6900.0051999999996        1.1503914000000001E-002   13.266926260399526        7.9337739549388946        2.0000000000000000     
   3750.0052000000001        1.1453924000000001E-002   13.135327937950199        7.9128165771586092        2.0000000000000000     
   1700.0052000000001        1.2405110000000000E-002   13.388157078416247        7.8695008356546374        2.5000000000000000     
   820.00521000000003        1.2515762999999999E-002   13.218844136832935        7.8476060101966620        1.5000000000000000     
   340.00520999999998        1.1508231000000001E-002   13.267810465755677        7.8389801252599351       0.50000000000000000     
   4400.0051999999996        1.2368156999999999E-002   13.412430385307001        7.6409600288044128        2.5000000000000000     
   6700.0051999999996        1.2375659000000001E-002   13.404714376598577        7.6228353288776969        2.5000000000000000     
   6650.0051999999996        1.1965286000000000E-002   12.469586292860299        7.0635938548504669        2.5000000000000000     
   220.00521000000001        1.1820483000000000E-002   12.506496405482290        6.8943036365220722       0.50000000000000000     
   980.00521000000003        1.1506728000000001E-002   13.178296875461148        6.8776763282305353        1.5000000000000000     
   840.00521000000003        1.2417436000000000E-002   13.290197575034416        6.4616863236514224        1.5000000000000000     
   700.00521000000003        1.2461480000000000E-002   13.124817171620805        5.7135781756738417        2.0000000000000000     
   800.00521000000003        1.2052182000000000E-002   13.467068744719045        5.5219041763381913        1.0000000000000000     
   860.00521000000003        1.2313285000000000E-002   13.345776684641164        5.4427252065513194        1.5000000000000000     
   2850.0052000000001        1.2011656000000001E-002   12.537056270601717        5.3613188136228533        2.5000000000000000     
   320.00520999999998        1.1564636000000000E-002   13.141374084074970        5.2382113281211851       0.50000000000000000     
   9100.0051999999996        1.1546057000000000E-002   12.950440738195867        5.2130094504403592        2.0000000000000000     
   5550.0051999999996        1.2313934000000000E-002   13.313835120149175        4.9261760259784451        2.5000000000000000     
   960.00521000000003        1.1670692000000000E-002   13.287842029396343        4.7824198940208049        1.5000000000000000     
   240.00521000000001        1.1772426000000001E-002   12.628924220176742        4.7371789590097153       0.50000000000000000     
   880.00521000000003        1.2202535000000000E-002   13.383306700191211        4.6986112582581043        1.5000000000000000     
   720.00521000000003        1.2356485000000000E-002   12.787949341655853        4.3011760502452727        1.0000000000000000     
   900.00521000000003        1.2084242000000000E-002   13.400053228545596        4.1784823955667703        1.5000000000000000     
   940.00521000000003        1.1820017000000000E-002   13.357027676178726        3.9965659921098156        1.5000000000000000     
   920.00521000000003        1.1957229999999999E-002   13.392676517512562        3.9006028950712999        1.5000000000000000     
   1900.0052000000001        1.2076302000000001E-002   12.613827815998450        3.8737736687572504        2.5000000000000000     
   2400.0052000000001        1.2322148000000000E-002   13.222626292916646        3.8335450992026106        2.5000000000000000     
   7100.0051999999996        1.2305465000000000E-002   13.239981109736831        3.7724950563384492        2.5000000000000000     
   300.00520999999998        1.1619131000000000E-002   13.014375696609601        3.6316965784240289       0.50000000000000000     
   260.00520999999998        1.1722913999999999E-002   12.757924013572854        3.3844359183329953       0.50000000000000000     
   1950.0052000000001        1.2288779999999999E-002   13.208872281642217        3.1755380337908488        2.5000000000000000     
   760.00521000000003        1.2013968000000000E-002   12.647200857153676        3.1165584129386499        2.0000000000000000     
   2550.0052000000001        1.2101176999999999E-002   12.667426041292011        3.0210555140152593        2.5000000000000000     
   280.00520999999998        1.1671849999999999E-002   12.886850907616191        3.0121286166575878       0.50000000000000000     
   780.00521000000003        1.2133510000000000E-002   13.308443658722132        2.8240602192791839        1.0000000000000000     
   720.00521000000003        1.2324671000000001E-002   12.997284939939611        2.6354658779434246        2.0000000000000000     
   9700.0051999999996        1.2311318999999999E-002   12.934753401508154        2.5294160786417472        2.5000000000000000     
   10900.004999999999        1.2267617000000000E-002   12.842450384083396        2.4110185760802203        2.5000000000000000     
   1500.0052000000001        1.2303244000000000E-002   12.951783335014703        2.3570443723768224        2.5000000000000000     
   6100.0051999999996        1.2257262999999999E-002   13.163636181022715        2.3240263363649314        2.5000000000000000     
   740.00521000000003        1.2285348999999999E-002   12.967959480611704        2.0612662691741397        1.0000000000000000     
   1950.0052000000001        1.2270800000000000E-002   13.089134145258670        2.0319384829823526        2.5000000000000000     
   8150.0051999999996        1.2259008000000000E-002   12.881873811882516        2.0259735839184598        2.5000000000000000     
   2100.0052000000001        1.2099370999999999E-002   12.734664192785701        2.0069421157948653        2.5000000000000000     
   760.00521000000003        1.2211121000000000E-002   13.141744790920004        1.6165916011787644        1.0000000000000000     
   5600.0051999999996        1.2085812000000000E-002   12.765190802306726        1.5624764348560602        2.5000000000000000     
   3400.0052000000001        1.2107342000000000E-002   12.785113433155312        1.4424635195073372        2.5000000000000000     
   740.00521000000003        1.2176269999999999E-002   12.840012368432165        1.4166788990427106        2.0000000000000000     
   5300.0051999999996        1.2138783000000000E-002   12.818577026999771        1.3043754053363252        2.5000000000000000     
