  #time	ai	proti	chi2	massp                                                                                                                                                                              
  0.49350640999999995        8.0655859999999996E-003   10.492744363628406        99.981649635449330        1.0000000000000000     
  0.49350640999999995        8.0655919000000003E-003   10.492747845718947        99.980990668963756       0.50000000000000000     
   580.00521000000003        1.0990773000000001E-002   9.2637156862258561        99.907857888469266        2.5000000000000000     
  0.48350641000000000        8.0655859999999996E-003   10.500528516211608        99.785736703463670        1.0000000000000000     
  0.48350641000000000        8.0655919000000003E-003   10.500531851850518        99.785082749629865       0.50000000000000000     
   740.00521000000003        1.1785099000000000E-002   11.893837192014358        99.638087570454744        1.5000000000000000     
  0.47350640999999999        8.0655859999999996E-003   10.508277762480377        99.593711603024616        1.0000000000000000     
  0.47350640999999999        8.0655919000000003E-003   10.508281254888287        99.593055087311853       0.50000000000000000     
   2.5220829000000000E-004   8.0139905999999997E-003   10.813357747432459        99.476721639327806        3.0000000000000000     
   2.5220829000000000E-004   8.0139905999999997E-003   10.813357747432459        99.476721639327806        3.0000000000000000     
  0.46350640999999998        8.0655859999999996E-003   10.515989337092597        99.405600682049752        1.0000000000000000     
  0.46350640999999998        8.0655919000000003E-003   10.515992834628245        99.404945388842052       0.50000000000000000     
   1.4068620000000002E-004   8.0198991000000001E-003   10.772409264289065        99.314932842850794        1.5000000000000000     
   1.4068620000000002E-004   8.0198991000000001E-003   10.772409264289065        99.314932842850794        1.5000000000000000     
  0.45350640999999997        8.0655859999999996E-003   10.523660307719144        99.221430203392373        1.0000000000000000     
  0.45350640999999997        8.0655919000000003E-003   10.523663658070515        99.220779757119658       0.50000000000000000     
   7.8314678999999993E-005   8.0231768000000002E-003   10.757510773724780        99.165779615139314        2.5000000000000000     
   7.8314678999999993E-005   8.0231768000000002E-003   10.757510773724780        99.165779615139314        2.5000000000000000     
   1550.0052000000001        1.1788658000000000E-002   11.874585033342814        99.104914008939915        2.5000000000000000     
  0.44350640999999996        8.0655859999999996E-003   10.531287421605850        99.041229676329564        1.0000000000000000     
  0.44350640999999996        8.0655919000000003E-003   10.531290929324948        99.040576819747812       0.50000000000000000     
   6300.0051999999996        1.1988519000000000E-002   10.948046190293732        98.922680285173513        3.0000000000000000     
  0.43350640999999995        8.0655859999999996E-003   10.538868172683950        98.865006707055102        1.0000000000000000     
  0.43350640999999995        8.0655919000000003E-003   10.538871532725581        98.864358584944114       0.50000000000000000     
  0.42350641000000000        8.0655859999999996E-003   10.546398513063115        98.692800381875074        1.0000000000000000     
  0.42350641000000000        8.0655919000000003E-003   10.546402030855720        98.692149947100347       0.50000000000000000     
  0.41350640999999999        8.0655859999999996E-003   10.553876518327966        98.524596685583560        1.0000000000000000     
  0.41350640999999999        8.0655919000000003E-003   10.553879887946447        98.523950871284555       0.50000000000000000     
  0.40350640999999998        8.0655859999999996E-003   10.561298875242793        98.360409589578239        1.0000000000000000     
  0.40350640999999998        8.0655919000000003E-003   10.561302249602532        98.359764921805791       0.50000000000000000     
   4.3575161000000002E-005   8.0326119999999997E-003   10.753842123487610        98.280235911680307        3.5000000000000000     
   4.3575161000000002E-005   8.0326119999999997E-003   10.753842123487610        98.280235911680307        3.5000000000000000     
  0.39350640999999997        8.0655859999999996E-003   10.568662715421235        98.200238999465299        1.0000000000000000     
  0.39350640999999997        8.0655919000000003E-003   10.568666248082144        98.199592160072712       0.50000000000000000     
   800.00521000000003        1.1634065000000001E-002   12.121357012887943        98.190251800288877        2.0000000000000000     
   7.8327240000000001E-005   8.0318049999999995E-003   10.772861832511317        98.134587483449621        2.0000000000000000     
   7.8327240000000001E-005   8.0318049999999995E-003   10.772861832511317        98.134587483449621        2.0000000000000000     
  0.38350640999999996        8.0655859999999996E-003   10.575965157416853        98.044081370537455        1.0000000000000000     
  0.38350640999999996        8.0655919000000003E-003   10.575968694961251        98.043435717459772       0.50000000000000000     
   6750.0051999999996        1.1758840000000000E-002   11.909863586961396        98.034250602601020        2.5000000000000000     
   620.00521000000003        1.0951364999999999E-002   9.2638640222252686        97.981586311221946        2.0000000000000000     
  0.37350640999999996        8.0655859999999996E-003   10.583203153000932        97.891932973668077        1.0000000000000000     
  0.37350640999999996        8.0655919000000003E-003   10.583206541372123        97.891291709547104       0.50000000000000000     
   3000.0052000000001        1.1379212000000000E-002   9.5823582095242550        97.798350581545861        3.0000000000000000     
  0.36350641000000000        8.0655859999999996E-003   10.590373794881199        97.743783384374922        1.0000000000000000     
  0.36350641000000000        8.0655919000000003E-003   10.590377187845524        97.743143241021102       0.50000000000000000     
   4.3579043000000002E-005   8.0374008000000004E-003   10.766126390401503        97.662316952156672        3.0000000000000000     
   4.3579043000000002E-005   8.0374008000000004E-003   10.766126390401503        97.662316952156672        3.0000000000000000     
  0.35350640999999999        8.0655859999999996E-003   10.597473854786241        97.599625130186624        1.0000000000000000     
  0.35350640999999999        8.0655919000000003E-003   10.597477252301553        97.598986099751471       0.50000000000000000     
   720.00521000000003        1.0929746000000001E-002   12.742222871627716        97.494202803827193       0.50000000000000000     
   4450.0051999999996        1.1749033000000001E-002   11.916275817629760        97.466948465019442        2.5000000000000000     
  0.34350640999999998        8.0655859999999996E-003   10.604500554949915        97.459437970721453        1.0000000000000000     
  0.34350640999999998        8.0655919000000003E-003   10.604503956972193        97.458800044827981       0.50000000000000000     
  0.33350640999999998        8.0655859999999996E-003   10.611450797357914        97.323204770753406        1.0000000000000000     
  0.33350640999999998        8.0655919000000003E-003   10.611454203841060        97.322567940441317       0.50000000000000000     
  0.32350640999999997        8.0655859999999996E-003   10.618321627224983        97.190902208955933        1.0000000000000000     
  0.32350640999999997        8.0655919000000003E-003   10.618325038120901        97.190266464699889       0.50000000000000000     
   7.8339783999999994E-005   8.0403602000000008E-003   10.784758082706333        97.162935533655244        1.5000000000000000     
   7.8339783999999994E-005   8.0403602000000008E-003   10.784758082706333        97.162935533655244        1.5000000000000000     
   4.5300152000000000E-004   8.0306470999999997E-003   10.915831638000824        97.135883840992037        1.5000000000000000     
   4.5300152000000000E-004   8.0306470999999997E-003   10.915831638000824        97.135883840992037        1.5000000000000000     
   10100.004999999999        1.1322926000000001E-002   12.460594167714746        97.086713727103898        2.0000000000000000     
   4.3582920999999996E-005   8.0421638000000000E-003   10.776504188545172        97.076828898632655        2.5000000000000000     
   4.3582920999999996E-005   8.0421638000000000E-003   10.776504188545172        97.076828898632655        2.5000000000000000     
  0.31350640999999996        8.0655859999999996E-003   10.625110079169637        97.062504025182761        1.0000000000000000     
  0.31350640999999996        8.0655919000000003E-003   10.625113494428222        97.061869356886589       0.50000000000000000     
  0.30350640999999995        8.0655859999999996E-003   10.631813177632136        96.937981114522572        1.0000000000000000     
  0.30350640999999995        8.0655919000000003E-003   10.631816597201274        96.937347511513380       0.50000000000000000     
   1800.0052000000001        1.1250091000000000E-002   12.520590716115651        96.873091106623306        2.0000000000000000     
  0.29350641000000000        8.0655859999999996E-003   10.638427781681751        96.817304440474885        1.0000000000000000     
  0.29350641000000000        8.0655919000000003E-003   10.638431205507191        96.816671891473163       0.50000000000000000     
  0.28350640999999999        8.0655859999999996E-003   10.644950896154210        96.700439371010702        1.0000000000000000     
  0.28350640999999999        8.0655919000000003E-003   10.644954324179681        96.699807864149079       0.50000000000000000     
   2.4223417000000002E-005   8.0473552000000000E-003   10.774439096925537        96.592490677162431        3.5000000000000000     
   2.4223417000000002E-005   8.0473552000000000E-003   10.774439096925537        96.592490677162431        3.5000000000000000     
  0.27350640999999998        8.0655859999999996E-003   10.651379517083290        96.587348748565603        1.0000000000000000     
  0.27350640999999998        8.0655919000000003E-003   10.651383105258121        96.586715552038555       0.50000000000000000     
   4.3586795000000000E-005   8.0469011999999996E-003   10.784978803213297        96.520730724517449        2.0000000000000000     
   4.3586795000000000E-005   8.0469011999999996E-003   10.784978803213297        96.520730724517449        2.0000000000000000     
  0.26350640999999997        8.0655859999999996E-003   10.657711256963264        96.477982314339698        1.0000000000000000     
  0.26350640999999997        8.0655919000000003E-003   10.657714693212176        96.477352853881939       0.50000000000000000     
   2.5231925000000001E-004   8.0405722999999998E-003   10.871168128994507        96.398868900001318        2.5000000000000000     
   2.5231925000000001E-004   8.0405722999999998E-003   10.871168128994507        96.398868900001318        2.5000000000000000     
  0.25350641000000002        8.0655859999999996E-003   10.664053031222604        96.370451873070650        1.0000000000000000     
  0.25350641000000002        8.0655919000000003E-003   10.664056471562155        96.369823433497416       0.50000000000000000     
  0.24350641000000001        8.0655859999999996E-003   10.670296206995168        96.266557508443256        1.0000000000000000     
  0.24350641000000001        8.0655919000000003E-003   10.670299651364131        96.265930076377302       0.50000000000000000     
   2.4224610999999999E-005   8.0499903000000005E-003   10.781234975416123        96.259903919234176        3.0000000000000000     
   2.4224610999999999E-005   8.0499903000000005E-003   10.781234975416123        96.259903919234176        3.0000000000000000     
  0.23350641000000000        8.0655859999999996E-003   10.676442148748052        96.166184811059722        1.0000000000000000     
  0.23350641000000000        8.0655919000000003E-003   10.676445597085976        96.165558373229530       0.50000000000000000     
   240.00521000000001        1.1911618000000001E-002   10.563837002779490        96.113042925719327        1.0000000000000000     
  0.22350641000000002        8.0655859999999996E-003   10.682492390761155        96.069219784394235        1.0000000000000000     
  0.22350641000000002        8.0655919000000003E-003   10.682495843008470        96.068594327665579       0.50000000000000000     
   2500.0052000000001        1.0569481000000000E-002   9.1245592942765352        96.039659040198302        2.5000000000000000     
   4.3590665000000000E-005   8.0516130000000009E-003   10.791555298463908        95.991532146833663        1.5000000000000000     
   4.3590665000000000E-005   8.0516130000000009E-003   10.791555298463908        95.991532146833663        1.5000000000000000     
  0.21350641000000001        8.0655859999999996E-003   10.688448166463552        95.975556363569510        1.0000000000000000     
  0.21350641000000001        8.0655919000000003E-003   10.688451622561379        95.974931874900307       0.50000000000000000     
   2.4225803999999999E-005   8.0526156000000002E-003   10.786978814797964        95.942105423982298        2.5000000000000000     
   2.4225803999999999E-005   8.0526156000000002E-003   10.786978814797964        95.942105423982298        2.5000000000000000     
  0.20350641000000000        8.0655859999999996E-003   10.694311035502976        95.885086317149231        1.0000000000000000     
  0.20350641000000000        8.0655919000000003E-003   10.694314495393350        95.884462783646129       0.50000000000000000     
  0.19350640999999999        8.0655859999999996E-003   10.700082570345987        95.797704359628582        1.0000000000000000     
  0.19350640999999999        8.0655919000000003E-003   10.700086033971857        95.797081768552971       0.50000000000000000     
  0.18350641000000001        8.0655859999999996E-003   10.705763883191111        95.713315057756205        1.0000000000000000     
  0.18350641000000001        8.0655919000000003E-003   10.705767350496048        95.712693396452579       0.50000000000000000     
   1.3439391000000001E-005   8.0554925000000006E-003   10.785832980735709        95.674427984189123        3.5000000000000000     
   1.3439391000000001E-005   8.0554925000000006E-003   10.785832980735709        95.674427984189123        3.5000000000000000     
   2.4226995999999999E-005   8.0552313000000000E-003   10.791671882221015        95.638152273815919        2.0000000000000000     
   2.4226995999999999E-005   8.0552313000000000E-003   10.791671882221015        95.638152273815919        2.0000000000000000     
  0.17350641000000000        8.0655859999999996E-003   10.711356727614408        95.631816216652268        1.0000000000000000     
  0.17350641000000000        8.0655919000000003E-003   10.711360198543030        95.631195472656501       0.50000000000000000     
  0.16350640999999999        8.0655859999999996E-003   10.716862396100209        95.553115320214033        1.0000000000000000     
  0.16350640999999999        8.0655919000000003E-003   10.716865870597882        95.552495481181339       0.50000000000000000     
   600.00521000000003        1.1244308000000000E-002   9.4924242317373402        95.527177660232667        2.0000000000000000     
   1.3439757000000000E-005   8.0569480999999991E-003   10.789598252519674        95.492994271722324        3.0000000000000000     
   1.3439757000000000E-005   8.0569480999999991E-003   10.789598252519674        95.492994271722324        3.0000000000000000     
  0.15350641000000001        8.0655859999999996E-003   10.722282349720988        95.477120085838393        1.0000000000000000     
  0.15350641000000001        8.0655919000000003E-003   10.722285827733943        95.476501139574296       0.50000000000000000     
   3850.0052000000001        1.1387674000000000E-002   9.6249600306281717        95.409352214731612        3.0000000000000000     
  0.14350641000000000        8.0655859999999996E-003   10.727618060462538        95.403740780767620        1.0000000000000000     
  0.14350641000000000        8.0655919000000003E-003   10.727621541937868        95.403122715233238       0.50000000000000000     
   2.4228186999999997E-005   8.0578373000000005E-003   10.795316714886063        95.347284745125478        1.5000000000000000     
   2.4228186999999997E-005   8.0578373000000005E-003   10.795316714886063        95.347284745125478        1.5000000000000000     
  0.13350640999999999        8.0655859999999996E-003   10.732871010989264        95.332890177471839        1.0000000000000000     
  0.13350640999999999        8.0655919000000003E-003   10.732874495874951        95.332272980788645       0.50000000000000000     
   1.3440122000000000E-005   8.0583996999999997E-003   10.792781315508481        95.318787433742614        2.5000000000000000     
   1.3440122000000000E-005   8.0583996999999997E-003   10.792781315508481        95.318787433742614        2.5000000000000000     
  0.12350641000000000        8.0655859999999996E-003   10.738042535855705        95.264485585785749        1.0000000000000000     
  0.12350641000000000        8.0655919000000003E-003   10.738046024100514        95.263869246214412       0.50000000000000000     
  0.11350641000000000        8.0655859999999996E-003   10.743134137939295        95.198444539535913        1.0000000000000000     
  0.11350641000000000        8.0655919000000003E-003   10.743137788199933        95.197827007214471       0.50000000000000000     
   7.4309973999999996E-006   8.0600023000000007E-003   10.792155539542158        95.169764615337058        3.5000000000000000     
   7.4309973999999996E-006   8.0600023000000007E-003   10.792155539542158        95.169764615337058        3.5000000000000000     
   1.3440486999999999E-005   8.0598473000000007E-003   10.795382899552708        95.151521151199645        2.0000000000000000     
   1.3440486999999999E-005   8.0598473000000007E-003   10.795382899552708        95.151521151199645        2.0000000000000000     
  0.10350641000000001        8.0655859999999996E-003   10.748147330122393        95.134686947243281        1.0000000000000000     
  0.10350641000000001        8.0655919000000003E-003   10.748150824935360        95.134072287362443       0.50000000000000000     
   9.3506412999999997E-002   8.0655859999999996E-003   10.753083476067763        95.073137010735110        1.0000000000000000     
   9.3506414999999996E-002   8.0655919000000003E-003   10.753087133092626        95.072521210788778       0.50000000000000000     
   7.4311084999999998E-006   8.0608069999999997E-003   10.794240566735883        95.070165608983501        3.0000000000000000     
   7.4311084999999998E-006   8.0608069999999997E-003   10.794240566735883        95.070165608983501        3.0000000000000000     
   8.3506413000000002E-002   8.0655859999999996E-003   10.757944107569026        95.013719144250302        1.0000000000000000     
   8.3506415000000001E-002   8.0655919000000003E-003   10.757947767900751        95.013104193054801       0.50000000000000000     
   1.3440851999999999E-005   8.0612909000000003E-003   10.797404246360079        94.990955062314924        1.5000000000000000     
   1.3440851999999999E-005   8.0612909000000003E-003   10.797404246360079        94.990955062314924        1.5000000000000000     
   7.4312194000000002E-006   8.0616100000000003E-003   10.796003600579143        94.974262791851331        2.5000000000000000     
   7.4312194000000002E-006   8.0616100000000003E-003   10.796003600579143        94.974262791851331        2.5000000000000000     
   7.3506413000000007E-002   8.0655859999999996E-003   10.762730606490205        94.956361896858454        1.0000000000000000     
   7.3506414999999992E-002   8.0655919000000003E-003   10.762734270079813        94.955747783022417       0.50000000000000000     
   7700.0051999999996        1.1545198000000000E-002   9.8125986346052816        94.938973508996412        3.0000000000000000     
   6.3506412999999998E-002   8.0655859999999996E-003   10.767444522705862        94.900994021583500        1.0000000000000000     
   6.3506414999999997E-002   8.0655919000000003E-003   10.767448030079256        94.900382587658910       0.50000000000000000     
   4.0837363000000004E-006   8.0625073000000005E-003   10.795669922836780        94.890723285110539        3.5000000000000000     
   4.0837363000000004E-006   8.0625073000000005E-003   10.795669922836780        94.890723285110539        3.5000000000000000     
   7.4313302999999997E-006   8.0624110999999998E-003   10.797444806063455        94.881988511296115        2.0000000000000000     
   7.4313302999999997E-006   8.0624110999999998E-003   10.797444806063455        94.881988511296115        2.0000000000000000     
   5.3506413000000003E-002   8.0655859999999996E-003   10.772087095907917        94.847550068980823        1.0000000000000000     
   5.3506415000000002E-002   8.0655919000000003E-003   10.772090765870118        94.846937596442956       0.50000000000000000     
   4.0837694000000006E-006   8.0629514000000006E-003   10.796821695150243        94.835972266705895        3.0000000000000000     
   4.0837694000000006E-006   8.0629514000000006E-003   10.796821695150243        94.835972266705895        3.0000000000000000     
   2650.0052000000001        1.1503980000000000E-002   9.7625996070445904        94.827891038442843        3.0000000000000000     
   4.3506413000000001E-002   8.0655859999999996E-003   10.776660052538187        94.795961077532255        1.0000000000000000     
   4.3506415000000000E-002   8.0655919000000003E-003   10.776663565917858        94.795351192651808       0.50000000000000000     
   7.4314412000000001E-006   8.0632104999999992E-003   10.798564726923287        94.793248121617665        1.5000000000000000     
   7.4314412000000001E-006   8.0632104999999992E-003   10.798564726923287        94.793248121617665        1.5000000000000000     
   4.0838024999999999E-006   8.0633946000000008E-003   10.797795427743131        94.783183815510512        2.5000000000000000     
   4.0838024999999999E-006   8.0633946000000008E-003   10.797795427743131        94.783183815510512        2.5000000000000000     
   3.3506412999999999E-002   8.0655859999999996E-003   10.781164648631517        94.746165550924331        1.0000000000000000     
   3.3506414999999998E-002   8.0655919000000003E-003   10.781168164948957        94.745556425217799       0.50000000000000000     
   2.2190957000000001E-006   8.0639004000000007E-003   10.797625164165792        94.735935586693486        3.5000000000000000     
   2.2190957000000001E-006   8.0639004000000007E-003   10.797625164165792        94.735935586693486        3.5000000000000000     
   4.0838355999999993E-006   8.0638370000000008E-003   10.798591665604549        94.732316698141034        2.0000000000000000     
   4.0838355999999993E-006   8.0638370000000008E-003   10.798591665604549        94.732316698141034        2.0000000000000000     
   2.2191052999999998E-006   8.0641441999999997E-003   10.798257827864118        94.705944263508272        3.0000000000000000     
   2.2191052999999998E-006   8.0641441999999997E-003   10.798257827864118        94.705944263508272        3.0000000000000000     
   2.3506413000000000E-002   8.0655859999999996E-003   10.785602467442180        94.698100326314631        1.0000000000000000     
   2.3506414999999999E-002   8.0655919000000003E-003   10.785605986655037        94.697491949809063       0.50000000000000000     
   4.0838688000000003E-006   8.0642785000000008E-003   10.799210490531149        94.683358519718340        1.5000000000000000     
   4.0838688000000003E-006   8.0642785000000008E-003   10.799210490531149        94.683358519718340        1.5000000000000000     
   2.2191148000000000E-006   8.0643876000000003E-003   10.798792587508519        94.676999349066847        2.5000000000000000     
   2.2191148000000000E-006   8.0643876000000003E-003   10.798792587508519        94.676999349066847        2.5000000000000000     
   1.3506413000000000E-002   8.0655859999999996E-003   10.789974780206419        94.651707602258753        1.0000000000000000     
   1.3506415000000001E-002   8.0655919000000003E-003   10.789978462367120        94.651098283979678       0.50000000000000000     
   1.1804045999999999E-006   8.0646758000000006E-003   10.798713532746721        94.649904725875686        3.5000000000000000     
   2.2191244000000001E-006   8.0646304999999995E-003   10.799230055471353        94.649096505035516        2.0000000000000000     
   2.2191244000000001E-006   8.0646304999999995E-003   10.799230055471353        94.649096505035516        2.0000000000000000     
   1.1804072000000000E-006   8.0648082000000006E-003   10.799057180830994        94.633637684278440        3.0000000000000000     
   2.2191339999999997E-006   8.0648730000000002E-003   10.799569887340324        94.622223104788603        1.5000000000000000     
   2.2191339999999997E-006   8.0648730000000002E-003   10.799569887340324        94.622223104788603        1.5000000000000000     
   1.1804098000000001E-006   8.0649403000000001E-003   10.799347767345607        94.617938725481039        2.5000000000000000     
   3.5064129999999999E-003   8.0655859999999996E-003   10.794283345778709        94.606926325459852        1.0000000000000000     
   3.5064150000000001E-003   8.0655919000000003E-003   10.794286870658782        94.606319418156119       0.50000000000000000     
   1.1804124000000000E-006   8.0650723000000001E-003   10.799585444101099        94.602784660160836        2.0000000000000000     
   6.0181629000000001E-007   8.0651074000000003E-003   10.799319702292477        94.602053584392237        3.5000000000000000     
   6.0181691000000004E-007   8.0651778000000000E-003   10.799502368310375        94.593410846683980        3.0000000000000000     
   1.1804149999999999E-006   8.0652039999999994E-003   10.799770043724957        94.588194623633811        1.5000000000000000     
   6.0181753000000006E-007   8.0652481000000002E-003   10.799656973701671        94.585060766736405        2.5000000000000000     
   6.0181814000000005E-007   8.0653183000000007E-003   10.799783355670714        94.577004322465626        2.0000000000000000     
   2.7952501000000002E-007   8.0653478000000008E-003   10.799657134083006        94.575414669966406        3.5000000000000000     
   2.7952512000000000E-007   8.0653836999999996E-003   10.799750316444008        94.571008797351126        3.0000000000000000     
   6.0181874999999994E-007   8.0653883999999999E-003   10.799881512235647        94.569240997609441        1.5000000000000000     
   2.7952522000000004E-007   8.0654196000000001E-003   10.799829065613778        94.566747873380336        2.5000000000000000     
   7.0132669000000001E-004   8.0655859999999996E-003   10.798529289934182        94.563703956508547        1.0000000000000000     
   7.0132709000000004E-004   8.0655919000000003E-003   10.798532817587830        94.563097769587770       0.50000000000000000     
   2.7952532000000003E-007   8.0654552999999997E-003   10.799893541349176        94.562649474591396        2.0000000000000000     
   1.0000000000000001E-007   8.0654817000000000E-003   10.799845104281992        94.560580580020726        3.5000000000000000     
   2.7952542000000002E-007   8.0654909999999993E-003   10.799943582749055        94.558695726242405        1.5000000000000000     
   1.0000000000000001E-007   8.0654983999999992E-003   10.799888408924128        94.558531929219612        3.0000000000000000     
   1.0000000000000001E-007   8.0655150000000005E-003   10.799924977559048        94.556560442756023        2.5000000000000000     
   1.0000000000000001E-007   8.0655316000000001E-003   10.799954970440080        94.554654808194940        2.0000000000000000     
   1.0000000000000001E-007   8.0655481999999997E-003   10.799978227066779        94.552816601130786        1.5000000000000000     
   0.0000000000000000        8.0655563000000003E-003   10.799949837956646        94.552317091899482        3.5000000000000000     
   1.4030942999999999E-004   8.0655859999999996E-003   10.799709258269219        94.551852312077784        1.0000000000000000     
   0.0000000000000000        8.0655623000000006E-003   10.799965395812077        94.551581148140940        3.0000000000000000     
   1.4030951000000000E-004   8.0655919000000003E-003   10.799712786693858        94.551246325562019       0.50000000000000000     
   0.0000000000000000        8.0655681999999996E-003   10.799978387457655        94.550880555150385        2.5000000000000000     
   0.0000000000000000        8.0655741000000003E-003   10.799989133657249        94.550202427892359        2.0000000000000000     
   0.0000000000000000        8.0655801000000006E-003   10.799997474006002        94.549538694715551        1.5000000000000000     
   2.8105982000000002E-005   8.0655859999999996E-003   10.799944545088211        94.549497407570385        1.0000000000000000     
   5.6652912000000000E-006   8.0655859999999996E-003   10.799991699917031        94.549025784137342        1.0000000000000000     
   1.1771531000000001E-006   8.0655859999999996E-003   10.800001002618966        94.548932755423607        1.0000000000000000     
   2.7952552000000002E-007   8.0655859999999996E-003   10.800002927317919        94.548913508623755        1.0000000000000000     
   1.0000000000000001E-007   8.0655859999999996E-003   10.800003408492765        94.548908696951656        1.0000000000000000     
   0.0000000000000000        8.0655859999999996E-003   10.800003408492765        94.548908696951656        1.0000000000000000     
   2.8105997999999999E-005   8.0655919000000003E-003   10.799948234056572        94.548889856710844       0.50000000000000000     
   5.6652943999999998E-006   8.0655919000000003E-003   10.799995228526223        94.548419845604698       0.50000000000000000     
   1.1771537999999998E-006   8.0655919000000003E-003   10.800004691625897        94.548325214591884       0.50000000000000000     
   2.7952563000000005E-007   8.0655919000000003E-003   10.800006455934449        94.548307571998578       0.50000000000000000     
   1.0000000000000001E-007   8.0655919000000003E-003   10.800006937109609        94.548302760408234       0.50000000000000000     
   0.0000000000000000        8.0655919000000003E-003   10.800006937109609        94.548302760408234       0.50000000000000000     
   820.00521000000003        1.1753553999999999E-002   11.838014853255363        94.430516490574746        2.0000000000000000     
   8600.0051999999996        1.1789684999999999E-002   11.742113867000164        93.842638405839907        2.5000000000000000     
   1.4056109000000000E-004   8.0688966000000001E-003   10.861215568050106        93.710541197055619        3.5000000000000000     
   1.4056109000000000E-004   8.0688966000000001E-003   10.861215568050106        93.710541197055619        3.5000000000000000     
   240.00521000000001        8.7847298999999997E-003   9.4930698197126357        93.692999778924644        1.0000000000000000     
   2.5243196000000002E-004   8.0665340000000002E-003   10.918062097845221        93.625119540994575        2.0000000000000000     
   2.5243196000000002E-004   8.0665340000000002E-003   10.918062097845221        93.625119540994575        2.0000000000000000     
   600.00521000000003        1.1606141000000000E-002   9.9278253872431925        93.231185204963822        2.0000000000000000     
   720.00521000000003        8.7433613000000004E-003   9.5405223479268901        92.730396388556358        1.0000000000000000     
   4850.0051999999996        1.1910611999999999E-002   10.794332373862757        92.318439253999259        3.0000000000000000     
   1.4059631000000000E-004   8.0831341999999997E-003   10.898315833700412        92.117858755564001        3.0000000000000000     
   1.4059631000000000E-004   8.0831341999999997E-003   10.898315833700412        92.117858755564001        3.0000000000000000     
   520.00521000000003        1.1875464000000001E-002   10.645139908308474        91.082276848267171        2.5000000000000000     
   2.5254554999999999E-004   8.0919153000000004E-003   10.954176765691363        91.072179376551603        1.5000000000000000     
   2.5254554999999999E-004   8.0919153000000004E-003   10.954176765691363        91.072179376551603        1.5000000000000000     
   3700.0052000000001        1.1456707999999999E-002   9.7681370801694545        90.987112812629803        3.0000000000000000     
   560.00521000000003        1.0352045000000001E-002   9.1256732781709040        90.925906093770195        1.5000000000000000     
   2950.0052000000001        1.1199812000000000E-002   12.482390690698448        90.925775061386986        2.0000000000000000     
   1.4063158999999998E-004   8.0971880999999996E-003   10.929597500829354        90.641245536404526        2.5000000000000000     
   1.4063158999999998E-004   8.0971880999999996E-003   10.929597500829354        90.641245536404526        2.5000000000000000     
   1600.0052000000001        1.1893614000000000E-002   10.813351155107155        90.515298810653348        3.0000000000000000     
   520.00521000000003        1.0938382999999999E-002   9.3503452884378468        90.048082136377786        1.5000000000000000     
   560.00521000000003        1.1789183000000000E-002   11.618921095841300        89.605982017180736        1.5000000000000000     
   1.4066689000000001E-004   8.1110634999999997E-003   10.955078089437780        89.252481482382464        2.0000000000000000     
   1.4066689000000001E-004   8.1110634999999997E-003   10.955078089437780        89.252481482382464        2.0000000000000000     
   7.8301062000000004E-005   8.1123415999999997E-003   10.923709512612184        89.226866335343246        3.5000000000000000     
   7.8301062000000004E-005   8.1123415999999997E-003   10.923709512612184        89.226866335343246        3.5000000000000000     
   660.00521000000003        1.0785614000000001E-002   9.2846737873066107        88.988332911084854        2.0000000000000000     
   7.8311993000000006E-005   8.1200174000000003E-003   10.944034154892407        88.436673264940765        3.0000000000000000     
   7.8311993000000006E-005   8.1200174000000003E-003   10.944034154892407        88.436673264940765        3.0000000000000000     
  0.53350640999999999        8.1648578999999992E-003   10.612502575510787        87.947523671402848        1.0000000000000000     
  0.53350642000000004        8.1648630999999992E-003   10.612505672927481        87.946986523300822       0.50000000000000000     
   1.4070215999999999E-004   8.1247651000000004E-003   10.974790606706710        87.928540533452889        1.5000000000000000     
   1.4070215999999999E-004   8.1247651000000004E-003   10.974790606706710        87.928540533452889        1.5000000000000000     
  0.52350640999999998        8.1648578999999992E-003   10.620743759891093        87.789549718005119        1.0000000000000000     
  0.52350642000000003        8.1648630999999992E-003   10.620746707008779        87.789016696291213       0.50000000000000000     
   7.8322913999999993E-005   8.1276345999999992E-003   10.961196058161867        87.681452852499291        2.5000000000000000     
   7.8322913999999993E-005   8.1276345999999992E-003   10.961196058161867        87.681452852499291        2.5000000000000000     
  0.51350640999999997        8.1648578999999992E-003   10.628991850277222        87.634843510095081        1.0000000000000000     
  0.51350642000000002        8.1648630999999992E-003   10.628994801974160        87.634311618839462       0.50000000000000000     
  0.50350640999999996        8.1648578999999992E-003   10.637243892735613        87.483467169528751        1.0000000000000000     
  0.50350642000000001        8.1648630999999992E-003   10.637247004611389        87.482933590881316       0.50000000000000000     
  0.49350640999999995        8.1648578999999992E-003   10.645497070785931        87.335475510532845        1.0000000000000000     
  0.49350642000000000        8.1648630999999992E-003   10.645500031657066        87.334945892584969       0.50000000000000000     
   5000.0051999999996        1.1805876999999999E-002   10.519815967305309        87.294215057037079        3.0000000000000000     
   1100.0052000000001        9.6523284999999997E-003   12.835949706020955        87.289667515070008        1.0000000000000000     
  0.48350641000000000        8.1648578999999992E-003   10.653748238329188        87.190924405810449        1.0000000000000000     
  0.48350641999999999        8.1648630999999992E-003   10.653751203791959        87.190395929902309       0.50000000000000000     
   3750.0052000000001        1.1826891000000001E-002   10.613457130037308        87.173657009332842        3.0000000000000000     
   760.00521000000003        1.1632602000000001E-002   11.905301539295960        87.124006942433027        1.5000000000000000     
  0.47350640999999999        8.1648578999999992E-003   10.661994386154399        87.049862223289438        1.0000000000000000     
  0.47350641999999998        8.1648630999999992E-003   10.661997356209566        87.049334892451398       0.50000000000000000     
   7.8333820999999996E-005   8.1351940000000001E-003   10.975200709992972        86.952914952517020        2.0000000000000000     
   7.8333820999999996E-005   8.1351940000000001E-003   10.975200709992972        86.952914952517020        2.0000000000000000     
   4.3578721999999997E-005   8.1359012000000001E-003   10.957830338260933        86.916069801113778        3.5000000000000000     
   4.3578721999999997E-005   8.1359012000000001E-003   10.957830338260933        86.916069801113778        3.5000000000000000     
  0.46350640999999998        8.1648578999999992E-003   10.670232486570443        86.912332675447431        1.0000000000000000     
  0.46350641999999997        8.1648630999999992E-003   10.670235617777466        86.911803910882298       0.50000000000000000     
  0.45350640999999997        8.1648578999999992E-003   10.678459807011260        86.778369749282916        1.0000000000000000     
  0.45350641999999997        8.1648630999999992E-003   10.678462786246881        86.777844716012339       0.50000000000000000     
   2050.0052000000001        1.1813514000000001E-002   10.574613681020860        86.744667733590418        3.0000000000000000     
  0.44350640999999996        8.1648578999999992E-003   10.686672970209074        86.648013050427039        1.0000000000000000     
  0.44350641999999996        8.1648630999999992E-003   10.686676111072535        86.647486708510101       0.50000000000000000     
  0.43350640999999995        8.1648578999999992E-003   10.694869207678153        86.521287374837627        1.0000000000000000     
  0.43350642000000000        8.1648630999999992E-003   10.694872353361287        86.520762246552991       0.50000000000000000     
   4.3582092999999998E-005   8.1401002999999996E-003   10.969045924444870        86.504630589996466        3.0000000000000000     
   4.3582092999999998E-005   8.1401002999999996E-003   10.969045924444870        86.504630589996466        3.0000000000000000     
  0.42350641000000000        8.1648578999999992E-003   10.703045419439352        86.398217940830179        1.0000000000000000     
  0.42350641999999999        8.1648630999999992E-003   10.703048569934063        86.397694027093848       0.50000000000000000     
  0.41350640999999999        8.1648578999999992E-003   10.711198644976875        86.278822938069496        1.0000000000000000     
  0.41350641999999999        8.1648630999999992E-003   10.711201642508438        86.278302517442469       0.50000000000000000     
   500.00520999999998        1.1645841000000001E-002   10.138951117572784        86.254947249357031       0.50000000000000000     
   7.8344713000000005E-005   8.1426963999999998E-003   10.986059046222007        86.244279676167224        1.5000000000000000     
   7.8344713000000005E-005   8.1426963999999998E-003   10.986059046222007        86.244279676167224        1.5000000000000000     
  0.40350640999999998        8.1648578999999992E-003   10.719325748517120        86.163118261074814        1.0000000000000000     
  0.40350641999999998        8.1648630999999992E-003   10.719328750599153        86.162598994650921       0.50000000000000000     
   1650.0052000000001        1.1801570000000001E-002   10.552758842712075        86.141981892382731        3.0000000000000000     
   4.3585461000000005E-005   8.1442787999999999E-003   10.978522748400763        86.104065461059378        2.5000000000000000     
   4.3585461000000005E-005   8.1442787999999999E-003   10.978522748400763        86.104065461059378        2.5000000000000000     
  0.39350640999999997        8.1648578999999992E-003   10.727423734422738        86.051112892177116        1.0000000000000000     
  0.39350641999999997        8.1648630999999992E-003   10.727426899285557        86.050592622810299       0.50000000000000000     
   5350.0051999999996        9.8345865000000008E-003   9.1528523265452471        85.982901330745364        2.0000000000000000     
  0.38350640999999996        8.1648578999999992E-003   10.735489748509826        85.942809210088541        1.0000000000000000     
  0.38350641999999996        8.1648630999999992E-003   10.735492918133790        85.942290154145269       0.50000000000000000     
   2150.0052000000001        1.1754476000000000E-002   10.403516854883035        85.849458047605964        3.0000000000000000     
  0.37350640999999996        8.1648578999999992E-003   10.743520603216510        85.838209408981541        1.0000000000000000     
  0.37350642000000001        8.1648630999999992E-003   10.743523777584429        85.837691564942148       0.50000000000000000     
  0.36350641000000000        8.1648578999999992E-003   10.751513252250195        85.737308982809921        1.0000000000000000     
  0.36350642000000000        8.1648630999999992E-003   10.751516431343015        85.736792348647896       0.50000000000000000     
   4.3588825000000000E-005   8.1484369999999997E-003   10.986263353520920        85.711860290785779        2.0000000000000000     
   4.3588825000000000E-005   8.1484369999999997E-003   10.986263353520920        85.711860290785779        2.0000000000000000     
   2.4224512000000001E-005   8.1488355999999994E-003   10.976632833591715        85.683895835350867        3.5000000000000000     
   2.4224512000000001E-005   8.1488355999999994E-003   10.976632833591715        85.683895835350867        3.5000000000000000     
  0.35350640999999999        8.1648578999999992E-003   10.759464791946453        85.640097048359266        1.0000000000000000     
  0.35350641999999999        8.1648630999999992E-003   10.759467975743361        85.639581621557156       0.50000000000000000     
  0.34350640999999998        8.1648578999999992E-003   10.767372143783257        85.546560380512730        1.0000000000000000     
  0.34350641999999998        8.1648630999999992E-003   10.767375332261562        85.546046158030279       0.50000000000000000     
   2000.0052000000001        1.1679063000000000E-002   11.775517208450250        85.516990577204339        2.5000000000000000     
   2.4225549000000001E-005   8.1511495999999992E-003   10.982842747378168        85.463558639833295        3.0000000000000000     
   2.4225549000000001E-005   8.1511495999999992E-003   10.982842747378168        85.463558639833295        3.0000000000000000     
  0.33350640999999998        8.1648578999999992E-003   10.775232213071263        85.456681347012449        1.0000000000000000     
  0.33350641999999997        8.1648630999999992E-003   10.775235406206377        85.456168325278696       0.50000000000000000     
  0.32350640999999997        8.1648578999999992E-003   10.783041409516924        85.370443148171574        1.0000000000000000     
  0.32350641999999996        8.1648630999999992E-003   10.783044607282079        85.369931323003129       0.50000000000000000     
   4.3592184999999998E-005   8.1525749000000008E-003   10.992271823962286        85.325984931283330        1.5000000000000000     
   4.3592184999999998E-005   8.1525749000000008E-003   10.992271823962286        85.325984931283330        1.5000000000000000     
   260.00520999999998        1.1820204000000001E-002   10.684755189674961        85.313051412129724        1.0000000000000000     
  0.31350640999999996        8.1648578999999992E-003   10.790797405319211        85.287810541553498        1.0000000000000000     
  0.31350642000000001        8.1648630999999992E-003   10.790800447567785        85.287301583176983       0.50000000000000000     
   2.4226584999999998E-005   8.1534555999999998E-003   10.988091835491092        85.246704945574294        2.5000000000000000     
   2.4226584999999998E-005   8.1534555999999998E-003   10.988091835491092        85.246704945574294        2.5000000000000000     
  0.30350640999999995        8.1648578999999992E-003   10.798496899767494        85.208754888462963        1.0000000000000000     
  0.30350642000000000        8.1648630999999992E-003   10.798500106706022        85.208245442024165       0.50000000000000000     
   5650.0051999999996        1.0605534999999999E-002   9.2560071055363409        85.204594501162362        2.5000000000000000     
  0.29350641000000000        8.1648578999999992E-003   10.806137057804662        85.133238414546568        1.0000000000000000     
  0.29350641999999999        8.1648630999999992E-003   10.806140269282746        85.132730149181739       0.50000000000000000     
  0.28350640999999999        8.1648578999999992E-003   10.813714870529378        85.061221144324193        1.0000000000000000     
  0.28350641999999998        8.1648630999999992E-003   10.813717925713915        85.060715551491953       0.50000000000000000     
   2.4227620999999999E-005   8.1557537000000006E-003   10.992381320037957        85.032565779791270        2.0000000000000000     
   2.4227620999999999E-005   8.1557537000000006E-003   10.992381320037957        85.032565779791270        2.0000000000000000     
   1.3439726000000001E-005   8.1559833000000009E-003   10.987044637623766        85.014140077268209        3.5000000000000000     
   1.3439726000000001E-005   8.1559833000000009E-003   10.987044637623766        85.014140077268209        3.5000000000000000     
   1500.0052000000001        1.1609629999999999E-002   10.100292253161760        85.009571835006497        3.0000000000000000     
  0.27350640999999998        8.1648578999999992E-003   10.821227154366063        84.992660668221674        1.0000000000000000     
  0.27350641999999997        8.1648630999999992E-003   10.821230213796944        84.992156185004177       0.50000000000000000     
  0.26350640999999997        8.1648578999999992E-003   10.828670872767667        84.927509157716784        1.0000000000000000     
  0.26350641999999996        8.1648630999999992E-003   10.828673936409045        84.927005777107965       0.50000000000000000     
   1.3440044000000000E-005   8.1572624999999999E-003   10.990486797317779        84.894304162327302        3.0000000000000000     
   1.3440044000000000E-005   8.1572624999999999E-003   10.990486797317779        84.894304162327302        3.0000000000000000     
  0.25350641000000002        8.1648578999999992E-003   10.836042976210186        84.865715054853908        1.0000000000000000     
  0.25350642000000001        8.1648630999999992E-003   10.836046044024409        84.865212769311384       0.50000000000000000     
   2.4228656000000000E-005   8.1580440999999993E-003   10.995713103792687        84.820502161052914        1.5000000000000000     
   2.4228656000000000E-005   8.1580440999999993E-003   10.995713103792687        84.820502161052914        1.5000000000000000     
  0.24350641000000001        8.1648578999999992E-003   10.843340402552334        84.807223152158372        1.0000000000000000     
  0.24350642000000000        8.1648630999999992E-003   10.843343636181428        84.806720687174845       0.50000000000000000     
   1.3440362000000000E-005   8.1585384999999996E-003   10.993396962702697        84.775605685231298        2.5000000000000000     
   1.3440362000000000E-005   8.1585384999999996E-003   10.993396962702697        84.775605685231298        2.5000000000000000     
  0.23350641000000000        8.1648578999999992E-003   10.850560077413592        84.751974678559080        1.0000000000000000     
  0.23350642000000002        8.1648630999999992E-003   10.850563315350126        84.751473348678587       0.50000000000000000     
  0.22350641000000002        8.1648578999999992E-003   10.857699076680722        84.699906237983029        1.0000000000000000     
  0.22350642000000001        8.1648630999999992E-003   10.857702318879385        84.699406033559271       0.50000000000000000     
   1.3440678999999999E-005   8.1598109999999995E-003   10.995775616888768        84.657839305579770        2.0000000000000000     
   1.3440678999999999E-005   8.1598109999999995E-003   10.995775616888768        84.657839305579770        2.0000000000000000     
  0.21350641000000001        8.1648578999999992E-003   10.864754141014899        84.650953479319398        1.0000000000000000     
  0.21350642000000000        8.1648630999999992E-003   10.864757387428330        84.650454390090800       0.50000000000000000     
   7.4310992999999995E-006   8.1599472999999995E-003   10.992825474441451        84.646139591436338        3.5000000000000000     
   7.4310992999999995E-006   8.1599472999999995E-003   10.992825474441451        84.646139591436338        3.5000000000000000     
  0.20350641000000000        8.1648578999999992E-003   10.871722324293991        84.605046473485487        1.0000000000000000     
   4450.0051999999996        1.1179306999999999E-002   12.411888429816992        84.604848733965994        2.0000000000000000     
  0.20350642000000002        8.1648630999999992E-003   10.871725574872979        84.604548488620324       0.50000000000000000     
   540.00521000000003        1.0673564000000000E-002   9.2881636304504838        84.601803844962461        1.5000000000000000     
   7.4311957000000002E-006   8.1606548000000001E-003   10.994732107058713        84.580467159785869        3.0000000000000000     
   7.4311957000000002E-006   8.1606548000000001E-003   10.994732107058713        84.580467159785869        3.0000000000000000     
   94.005206999999999        1.0946762000000001E-002   9.4230827836818101        84.575654073601612        1.0000000000000000     
  0.19350640999999999        8.1648578999999992E-003   10.878600507943521        84.562113339440884        1.0000000000000000     
  0.19350642000000001        8.1648630999999992E-003   10.878603599902165        84.561617435275920       0.50000000000000000     
   1.3440996000000000E-005   8.1610802999999999E-003   10.997623898294272        84.540786994033610        1.5000000000000000     
   1.3440996000000000E-005   8.1610802999999999E-003   10.997623898294272        84.540786994033610        1.5000000000000000     
  0.18350641000000001        8.1648578999999992E-003   10.885385563304446        84.522079151320696        1.0000000000000000     
  0.18350642000000000        8.1648630999999992E-003   10.885388659121244        84.521584274001825       0.50000000000000000     
   7.4312921000000000E-006   8.1613608999999993E-003   10.996344252687493        84.515181883469893        2.5000000000000000     
   7.4312921000000000E-006   8.1613608999999993E-003   10.996344252687493        84.515181883469893        2.5000000000000000     
  0.17350641000000000        8.1648578999999992E-003   10.892074352123275        84.484866061694021        1.0000000000000000     
  0.17350642000000002        8.1648630999999992E-003   10.892077614883920        84.484371318888776       0.50000000000000000     
  0.16350640999999999        8.1648578999999992E-003   10.898664380403099        84.450390120958403        1.0000000000000000     
   7.4313884999999999E-006   8.1620653999999997E-003   10.997662150895087        84.450230752163492        2.0000000000000000     
   7.4313884999999999E-006   8.1620653999999997E-003   10.997662150895087        84.450230752163492        2.0000000000000000     
  0.16350642000000001        8.1648630999999992E-003   10.898667483777530        84.449897260787026       0.50000000000000000     
   4.0837666999999997E-006   8.1621499000000004E-003   10.996039642805298        84.442721128851531        3.5000000000000000     
   4.0837666999999997E-006   8.1621499000000004E-003   10.996039642805298        84.442721128851531        3.5000000000000000     
  0.15350641000000001        8.1648578999999992E-003   10.905265167902353        84.418034637259709        1.0000000000000000     
  0.15350642000000000        8.1648630999999992E-003   10.905268438570499        84.417542008923647       0.50000000000000000     
   4.0837955000000000E-006   8.1625405000000009E-003   10.997092879894060        84.406650901754631        3.0000000000000000     
   4.0837955000000000E-006   8.1625405000000009E-003   10.997092879894060        84.406650901754631        3.0000000000000000     
  0.14350641000000000        8.1648578999999992E-003   10.911765566534594        84.388300309055666        1.0000000000000000     
  0.14350642000000002        8.1648630999999992E-003   10.911768841103052        84.387808726545444       0.50000000000000000     
   7.4314847999999998E-006   8.1627683999999992E-003   10.998686421652209        84.385546201678878        1.5000000000000000     
   7.4314847999999998E-006   8.1627683999999992E-003   10.998686421652209        84.385546201678878        1.5000000000000000     
   4.0838243000000002E-006   8.1629302999999993E-003   10.997983649574016        84.370732970938107        2.5000000000000000     
   4.0838243000000002E-006   8.1629302999999993E-003   10.997983649574016        84.370732970938107        2.5000000000000000     
  0.13350640999999999        8.1648578999999992E-003   10.918166842058644        84.361084072109108        1.0000000000000000     
  0.13350642000000001        8.1648630999999992E-003   10.918170120470217        84.360593521945532       0.50000000000000000     
  0.12350641000000000        8.1648578999999992E-003   10.924470601151526        84.336284681642113        1.0000000000000000     
  0.12350641999999999        8.1648630999999992E-003   10.924473883349867        84.335795150494349       0.50000000000000000     
   4.0838530000000006E-006   8.1633194000000006E-003   10.998711872835072        84.334936403154771        2.0000000000000000     
   4.0838530000000006E-006   8.1633194000000006E-003   10.998711872835072        84.334936403154771        2.0000000000000000     
   2.2191044999999999E-006   8.1633751999999997E-003   10.997828137001987        84.329888584792926        3.5000000000000000     
   2.2191044999999999E-006   8.1633751999999997E-003   10.997828137001987        84.329888584792926        3.5000000000000000     
  0.11350641000000000        8.1648578999999992E-003   10.930678300149633        84.313804881805382        1.0000000000000000     
  0.11350642000000000        8.1648630999999992E-003   10.930681586079174        84.313316356470494       0.50000000000000000     
   2.2191127999999999E-006   8.1635895999999999E-003   10.998406799092093        84.310146647634099        3.0000000000000000     
   2.2191127999999999E-006   8.1635895999999999E-003   10.998406799092093        84.310146647634099        3.0000000000000000     
   4.0838818000000000E-006   8.1637076999999999E-003   10.999277817800717        84.299252573815878        1.5000000000000000     
   4.0838818000000000E-006   8.1637076999999999E-003   10.999277817800717        84.299252573815878        1.5000000000000000     
  0.10350641000000001        8.1648578999999992E-003   10.936791408321163        84.293550582205938        1.0000000000000000     
  0.10350642000000000        8.1648630999999992E-003   10.936794533446776        84.293063569416873       0.50000000000000000     
   2.2191211000000004E-006   8.1638036999999997E-003   10.998896023137998        84.290456031174628        2.5000000000000000     
   2.2191211000000004E-006   8.1638036999999997E-003   10.998896023137998        84.290456031174628        2.5000000000000000     
   9.3506414000000010E-002   8.1648578999999992E-003   10.942811242945893        84.275431279530224        1.0000000000000000     
   9.3506414999999996E-002   8.1648630999999992E-003   10.942814536174179        84.274944726725948       0.50000000000000000     
   2.2191294000000000E-006   8.1640173999999992E-003   10.999295951627039        84.270819337390733        2.0000000000000000     
   2.2191294000000000E-006   8.1640173999999992E-003   10.999295951627039        84.270819337390733        2.0000000000000000     
   1.1804069999999999E-006   8.1640571999999998E-003   10.998823992520112        84.267187954169472        3.5000000000000000     
   8.3506414000000001E-002   8.1648578999999992E-003   10.948739462685765        84.259358498818003        1.0000000000000000     
   8.3506415000000001E-002   8.1648630999999992E-003   10.948742594643283        84.258873335478128       0.50000000000000000     
   1.1804093000000000E-006   8.1641735999999996E-003   10.999138239249001        84.256487096208119        3.0000000000000000     
   2.2191377000000000E-006   8.1642307000000004E-003   10.999606897823318        84.251231190525132        1.5000000000000000     
   2.2191377000000000E-006   8.1642307000000004E-003   10.999606897823318        84.251231190525132        1.5000000000000000     
   1.1804115000000000E-006   8.1642898999999998E-003   10.999404090364891        84.245802415212808        2.5000000000000000     
   7.3506414000000006E-002   8.1648578999999992E-003   10.954577409052609        84.245247726304285        1.0000000000000000     
   7.3506414999999992E-002   8.1648630999999992E-003   10.954580544350984        84.244763469587383       0.50000000000000000     
   1.1804138000000000E-006   8.1644060000000008E-003   10.999621372472561        84.235141160787009        2.0000000000000000     
   6.3506413999999997E-002   8.1648578999999992E-003   10.960326599964379        84.233016899219095        1.0000000000000000     
   6.3506414999999997E-002   8.1648630999999992E-003   10.960329903743565        84.232533209590429       0.50000000000000000     
   6.0181685999999996E-007   8.1644369000000005E-003   10.999378469610175        84.232311265314365        3.5000000000000000     
   6.0181739999999991E-007   8.1644987999999995E-003   10.999545505768930        84.226625799647820        3.0000000000000000     
   1.1804160999999999E-006   8.1645217999999995E-003   10.999790246195245        84.224510922177600        1.5000000000000000     
   5.3506413999999995E-002   8.1648578999999992E-003   10.965988565015399        84.222586875513073        1.0000000000000000     
   5.3506415000000002E-002   8.1648630999999992E-003   10.965991706849129        84.222104396552240       0.50000000000000000     
   6.0181792999999993E-007   8.1645607000000002E-003   10.999686924809270        84.220942305213811        2.5000000000000000     
   6.0181846000000005E-007   8.1646224000000000E-003   10.999802558373888        84.215278594037528        2.0000000000000000     
   4.3506414000000000E-002   8.1648578999999992E-003   10.971564679701762        84.213881619041302        1.0000000000000000     
   4.3506415000000000E-002   8.1648630999999992E-003   10.971567824731498        84.213400011498237       0.50000000000000000     
   2.7952511000000001E-007   8.1646484000000002E-003   10.999687257564243        84.212894090552808        3.5000000000000000     
   2.7952519999999997E-007   8.1646798999999992E-003   10.999772443499189        84.210002285796392        3.0000000000000000     
   6.0181900000000000E-007   8.1646840000000002E-003   10.999892404836256        84.209625040446028        1.5000000000000000     
   2.7952527999999999E-007   8.1647114999999996E-003   10.999844486540344        84.207101814917763        2.5000000000000000     
   3.3506413999999998E-002   8.1648578999999992E-003   10.977056495735820        84.206827542937958        1.0000000000000000     
   3.3506414999999998E-002   8.1648630999999992E-003   10.977059643914831        84.206346795378821       0.50000000000000000     
   2.7952537000000000E-007   8.1647429000000007E-003   10.999903386171203        84.204220065220980        2.0000000000000000     
   1.0000000000000001E-007   8.1647661000000000E-003   10.999859128197581        84.202091443099278        3.5000000000000000     
   2.3506414000000000E-002   8.1648578999999992E-003   10.982465409932271        84.201353979624145        1.0000000000000000     
   2.7952546000000001E-007   8.1647743000000002E-003   10.999949141969491        84.201338567385122        1.5000000000000000     
   2.3506414999999999E-002   8.1648630999999992E-003   10.982468561214560        84.200874080756265       0.50000000000000000     
   1.0000000000000001E-007   8.1647808000000002E-003   10.999898727420366        84.200742311798649        3.0000000000000000     
   1.0000000000000001E-007   8.1647953999999991E-003   10.999932170683532        84.199402465661066        2.5000000000000000     
   1.0000000000000001E-007   8.1648100999999994E-003   10.999959624260507        84.198053521348783        2.0000000000000000     
   1.3506414000000001E-002   8.1648578999999992E-003   10.987792995200873        84.197392707675263        1.0000000000000000     
   1.3506415000000001E-002   8.1648630999999992E-003   10.987796149541275        84.196913646377567       0.50000000000000000     
   1.0000000000000001E-007   8.1648246000000004E-003   10.999980921675213        84.196722982204733        1.5000000000000000     
   0.0000000000000000        8.1648316999999998E-003   10.999954965462035        84.196071537768319        3.5000000000000000     
   0.0000000000000000        8.1648369999999994E-003   10.999969108255309        84.195585192001261        3.0000000000000000     
   0.0000000000000000        8.1648421999999995E-003   10.999981088061590        84.195108035357222        2.5000000000000000     
   3.5064135000000001E-003   8.1648578999999992E-003   10.993040668774846        84.194878240873592        1.0000000000000000     
   0.0000000000000000        8.1648475000000009E-003   10.999990904866747        84.194621712344258        2.0000000000000000     
   3.5064153000000002E-003   8.1648630999999992E-003   10.993043992305520        84.194399948378148       0.50000000000000000     
   0.0000000000000000        8.1648526999999992E-003   10.999998558659195        84.194144571330213        1.5000000000000000     
   7.0132680000000000E-004   8.1648578999999992E-003   10.998210023862704        84.193747533994056        1.0000000000000000     
   1.4030944999999999E-004   8.1648578999999992E-003   10.999645996101325        84.193670566601057        1.0000000000000000     
   2.8105986000000000E-005   8.1648578999999992E-003   10.999932337068437        84.193667548088953        1.0000000000000000     
   5.6652920000000004E-006   8.1648578999999992E-003   10.999989740160133        84.193667436263752        1.0000000000000000     
   1.0000000000000001E-007   8.1648578999999992E-003   11.000003883042830        84.193667434009100        1.0000000000000000     
   0.0000000000000000        8.1648578999999992E-003   11.000003883042830        84.193667434009100        1.0000000000000000     
   2.7952555000000002E-007   8.1648578999999992E-003   11.000003383881646        84.193667433918407        1.0000000000000000     
   1.1771533000000001E-006   8.1648578999999992E-003   11.000001054463382        84.193667433659940        1.0000000000000000     
   7.0132715000000001E-004   8.1648630999999992E-003   10.998213184186913        84.193270115104426       0.50000000000000000     
   1.4030951999999998E-004   8.1648630999999992E-003   10.999649157250845        84.193193374603837       0.50000000000000000     
   2.8106000000000002E-005   8.1648630999999992E-003   10.999935664767539        84.193190400813620       0.50000000000000000     
   0.0000000000000000        8.1648630999999992E-003   11.000007210785222        84.193190298637944       0.50000000000000000     
   5.6652947999999996E-006   8.1648630999999992E-003   10.999992901507227        84.193190298597784       0.50000000000000000     
   1.0000000000000001E-007   8.1648630999999992E-003   11.000007044398053        84.193190298578656       0.50000000000000000     
   2.7952564000000003E-007   8.1648630999999992E-003   11.000006711623731        84.193190298464216       0.50000000000000000     
   1.1771537999999998E-006   8.1648630999999992E-003   11.000004382204061        84.193190297818163       0.50000000000000000     
   5600.0051999999996        1.1670185000000000E-002   11.758370969380085        84.116114630542185        2.5000000000000000     
   3800.0052000000001        1.1713832000000000E-002   10.366753439853657        83.455536665281471        3.0000000000000000     
   700.00521000000003        1.1010463000000000E-002   12.518812104785164        83.195641671257221       0.50000000000000000     
   620.00521000000003        1.1376503000000000E-002   9.8063278741220774        82.990342659358561        2.0000000000000000     
   1850.0052000000001        1.1752952000000001E-002   10.503759317116183        82.977391939175263        3.0000000000000000     
   2050.0052000000001        1.0636965999999999E-002   9.2931941195107992        82.972798312694650        2.5000000000000000     
   1850.0052000000001        1.1678778000000001E-002   10.299421564856893        82.727646120914002        3.0000000000000000     
   500.00520999999998        1.1491391000000000E-002   9.9632463116726218        82.477635137164313        1.0000000000000000     
   160.00521000000001        9.9791694999999993E-003   9.1983058229045724        81.163393019759226        1.5000000000000000     
   2450.0052000000001        1.1666754000000000E-002   11.668733268272021        80.631830191047655        2.5000000000000000     
   4600.0051999999996        1.1155411000000000E-002   12.373450690271287        80.533534718953945        2.0000000000000000     
   640.00521000000003        1.1108585000000001E-002   9.6040475365245328        79.441099663131510        2.0000000000000000     
   2000.0052000000001        1.1653375000000001E-002   11.647870989681447        78.834645887556277        2.5000000000000000     
   540.00521000000003        1.1629944999999999E-002   10.296249478906127        78.799640460841985        2.5000000000000000     
   560.00521000000003        1.1341673000000000E-002   9.8499318300380487        78.068582150460202        2.5000000000000000     
   2750.0052000000001        1.0335647999999999E-002   12.734096454833786        77.993750266121637        1.5000000000000000     
   9600.0051999999996        1.0836115000000000E-002   9.4449794044541040        77.929432726328955        2.5000000000000000     
   7150.0051999999996        1.1637244999999999E-002   11.619962243721663        76.623112441115765        2.5000000000000000     
   580.00521000000003        1.1637511999999999E-002   11.615046093864349        76.493184298153679        1.5000000000000000     
   280.00520999999998        1.1723419000000001E-002   10.801423381805327        75.240146793630487        1.0000000000000000     
   5300.0051999999996        1.1129210000000000E-002   12.310026854155677        74.782139899684992        2.0000000000000000     
   780.00521000000003        1.1464507000000001E-002   11.880331813801966        72.994123517699421        1.5000000000000000     
   520.00521000000003        1.1592819000000001E-002   10.382654971559335        72.954684193174543       0.50000000000000000     
   4650.0051999999996        9.8956912000000008E-003   9.2951573710882567        72.934215726044044        2.0000000000000000     
   3100.0052000000001        1.0354290000000000E-002   12.670393862899866        72.893424612512661        1.5000000000000000     
   2050.0052000000001        1.0684954999999999E-002   9.4557004683816981        71.350608700280929        2.5000000000000000     
   680.00521000000003        1.1087135000000000E-002   12.291138698847439        71.222541447938440       0.50000000000000000     
   1700.0052000000001        1.1581615999999999E-002   11.587038164680996        71.153077359115400        2.5000000000000000     
   120.00521000000001        1.0594805000000001E-002   9.4233807200129895        70.988032146160236        1.5000000000000000     
   6150.0051999999996        1.1588200999999999E-002   11.550855947389504        70.645620239339621        2.5000000000000000     
   1750.0052000000001        1.0642810000000001E-002   9.4483450545409937        70.520942874779877        2.5000000000000000     
   840.00521000000003        1.1542838999999999E-002   11.591173097141029        68.245948013858552        2.0000000000000000     
   96.005206999999999        1.0927243999999999E-002   9.6550643117980233        66.715835761678676        1.0000000000000000     
   300.00520999999998        1.1620550000000000E-002   10.911018033993955        65.852505630605705        1.0000000000000000     
   6800.0051999999996        1.0770119999999999E-002   9.5737882789718132        65.679116423576119        2.5000000000000000     
   520.00521000000003        1.1372457000000001E-002   10.137811477282076        65.675183464270120        1.0000000000000000     
   7650.0051999999996        1.1140840000000001E-002   12.151140536071642        65.666011641340958        2.0000000000000000     
   540.00521000000003        8.8673928999999999E-003   9.8412477255993789        65.637642529892332        1.0000000000000000     
   4500.0051999999996        1.0756325000000001E-002   9.5747993366027089        65.080610123498914        2.5000000000000000     
   5300.0051999999996        8.8272366999999994E-003   12.090688226272064        64.124364969806436        1.0000000000000000     
   820.00521000000003        1.1405909000000001E-002   11.762734515323929        63.958603491868637        2.0000000000000000     
   4500.0051999999996        9.9505453000000004E-003   9.4057813674983546        63.599468498687280        2.0000000000000000     
   9400.0051999999996        1.1166630000000000E-002   12.075469202892748        62.941489939129539        2.0000000000000000     
   540.00521000000003        1.1537923000000000E-002   10.625913501620628        62.628699438212571       0.50000000000000000     
   600.00521000000003        1.1470365999999999E-002   11.579182558719829        62.435717737905293        1.5000000000000000     
   920.00521000000003        1.0220656000000000E-002   9.4367160301006248        62.313644262693096        2.0000000000000000     
   660.00521000000003        1.1160158999999999E-002   12.059902440120718        61.734053059479905       0.50000000000000000     
   7950.0051999999996        1.0315014000000001E-002   12.534356029690016        61.337054522343919        1.5000000000000000     
   5150.0051999999996        1.0790877000000001E-002   9.6731208638041508        59.652366258321607        2.5000000000000000     
   6750.0051999999996        1.0792846000000000E-002   9.6755325555610998        59.570469264366167        2.5000000000000000     
   5200.0051999999996        1.0259617000000000E-002   12.520631674098048        59.493040236302313        1.5000000000000000     
   3294.5652000000000        8.5746295999999996E-003   11.545772063755647        58.238700413606963        1.0000000000000000     
   4476.0551999999998        8.5746620000000003E-003   11.541581346542623        58.122471576751877        1.0000000000000000     
   140.00521000000001        1.0319048000000001E-002   9.5142111150980107        57.734004403864333        1.5000000000000000     
   5499.2352000000001        8.5749873999999993E-003   11.524930314908943        57.655321001367568        1.0000000000000000     
   6011.8951999999999        8.5747719000000000E-003   11.519182751447079        57.520649025629723        1.0000000000000000     
   800.00521000000003        1.1276991000000000E-002   11.809385178076480        57.145261085936639        1.5000000000000000     
   320.00520999999998        1.1510726000000001E-002   11.012880993174761        57.061477059184320        1.0000000000000000     
   4600.0051999999996        1.0229927000000000E-002   12.490170394506046        56.836854162076861        1.5000000000000000     
   1050.0052000000001        1.0752032999999999E-002   12.305700155687980        56.760162685455313        1.5000000000000000     
   6837.0652000000000        8.5750289999999996E-003   11.487406775047099        56.702695267861195        1.0000000000000000     
   1749.6851999999999        8.5746837000000003E-003   11.475744478784186        56.446486500886060        1.0000000000000000     
   4095.7752000000000        8.5748244000000001E-003   11.475428303507073        56.428941462394711        1.0000000000000000     
   2326.0351999999998        8.5747393000000002E-003   11.465985850021983        56.212774288679796        1.0000000000000000     
   9750.0051999999996        1.1495705000000000E-002   11.006048884089255        55.929253726303187        2.5000000000000000     
   2000.0052000000001        8.7990429999999994E-003   11.881264657543024        55.473129055228483        1.0000000000000000     
   8150.0051999999996        1.0062144000000000E-002   9.5118771735187586        55.459283940702782        2.0000000000000000     
   560.00521000000003        1.1481015000000001E-002   10.868473530050441        55.267618820675125       0.50000000000000000     
   6200.0051999999996        1.0826718000000001E-002   9.7647864129506736        55.230381155393346        2.5000000000000000     
   2224.2651999999998        8.5749794999999997E-003   11.414755458649637        55.067640334300627        1.0000000000000000     
   5305.1152000000002        8.5745999000000003E-003   11.409283520655919        54.981963575541648        1.0000000000000000     
   640.00521000000003        1.1229876999999999E-002   11.825697875583840        54.859361824424518       0.50000000000000000     
   3589.1152000000002        8.5749890999999995E-003   11.396383701348261        54.694405043204888        1.0000000000000000     
   7865.1751999999997        8.5749416000000002E-003   11.380111472994571        54.381906840272499        1.0000000000000000     
   7169.1351999999997        8.5746447999999996E-003   11.369479955400324        54.203824554703793        1.0000000000000000     
   7669.0852000000004        8.5746889000000003E-003   11.363033516841563        54.082629121160643        1.0000000000000000     
   8200.0051999999996        1.1460833000000000E-002   10.971507572896503        53.371124502186916        2.5000000000000000     
   2004.7152000000001        8.5749133000000005E-003   11.304284400688235        53.086529971700344        1.0000000000000000     
   98.005206999999999        1.0907447000000001E-002   9.8686126869516144        52.587432834811693        1.0000000000000000     
   9048.5352000000003        8.5747980999999994E-003   11.247539155267605        52.311904748823459        1.0000000000000000     
   10098.325000000001        8.5747031000000008E-003   11.241259235234603        52.241934315987102        1.0000000000000000     
   11736.775000000000        8.5747732000000000E-003   11.239149595459550        52.211601534267636        1.0000000000000000     
   1137.5852000000000        8.5748668000000007E-003   10.760649453657514        52.207335567108466        1.0000000000000000     
   11339.305000000000        8.5748052000000005E-003   11.235973860279886        52.171599541169705        1.0000000000000000     
   11091.105000000000        8.5749999999999993E-003   11.212866239818393        51.898428432495706        1.0000000000000000     
   3000.0052000000001        1.0004488000000001E-002   9.5643092800524698        51.530698101492398        2.0000000000000000     
   10632.155000000001        8.5747540000000004E-003   11.154233156287461        51.377853223417304        1.0000000000000000     
   8968.9851999999992        8.5744687000000007E-003   11.146707906151176        51.341569975945909        1.0000000000000000     
   540.00521000000003        1.1243814000000000E-002   10.300984338292766        50.892405637765570        1.0000000000000000     
   580.00521000000003        1.1421941999999999E-002   11.110058123607320        50.850798593272970       0.50000000000000000     
   7350.0051999999996        1.1032560000000000E-002   11.981292554452184        50.727881404838641        2.0000000000000000     
   620.00521000000003        1.1296581999999999E-002   11.589036097628453        50.702212040765318       0.50000000000000000     
   5350.0051999999996        1.1409236000000000E-002   11.067739302781479        49.763370425975218        2.5000000000000000     
   600.00521000000003        1.1360528999999999E-002   11.350360069752378        49.344785704548940       0.50000000000000000     
   340.00520999999998        1.1392865000000000E-002   11.105673781299231        48.780998849175212        1.0000000000000000     
   8050.0051999999996        1.0089305000000000E-002   9.6145743998433986        48.184485494863274        2.0000000000000000     
   4050.0052000000001        1.0958363000000000E-002   9.9978367049451595        48.069773154931454        2.5000000000000000     
   12100.004999999999        1.1148576000000000E-002   10.227532370333080        47.898327888223676        2.5000000000000000     
   1950.0052000000001        1.1381364999999999E-002   11.014814109445677        47.709720436648723        2.5000000000000000     
   620.00521000000003        1.1283961000000000E-002   11.502497083673576        47.526481109707873        1.5000000000000000     
   720.00521000000003        9.6981588000000004E-003   9.6697399055728717        46.517499517698340        1.5000000000000000     
   2150.0052000000001        1.1361123000000001E-002   10.984490398600441        46.322411561536363        2.5000000000000000     
   3450.0052000000001        1.1360772000000000E-002   10.998392161300924        46.292577867124578        2.5000000000000000     
   6100.0051999999996        1.0999347000000000E-002   11.915878475220369        45.938195831002332        2.0000000000000000     
   2600.0052000000001        1.1335945000000000E-002   10.869954297428258        45.041525436286847        2.5000000000000000     
   1100.0052000000001        1.0592958000000000E-002   12.193127098092230        44.378785932627700        1.5000000000000000     
   860.00521000000003        1.1301210000000001E-002   11.266609596383109        44.105705610255136        2.0000000000000000     
   5650.0051999999996        1.1325903000000000E-002   10.942206475177821        44.033973641085282        2.5000000000000000     
   2800.0052000000001        1.1082882000000000E-002   10.244032789554288        43.602997285196921        2.5000000000000000     
   100.00521000000001        1.0887380000000000E-002   10.045461431896161        42.464678875712657        1.0000000000000000     
   1750.0052000000001        9.2650696999999997E-003   9.9257878093900143        42.351359230315872        1.5000000000000000     
   1600.0052000000001        1.1035484000000000E-002   10.218019539045311        42.093014788011374        2.5000000000000000     
   10500.004999999999        1.1030307000000000E-002   11.775332065883857        41.566809058862553        2.0000000000000000     
   360.00520999999998        1.1265605000000000E-002   11.187263104594544        40.920589156245448        1.0000000000000000     
   3300.0052000000001        1.1064295000000000E-002   10.306797691659444        40.331333255570165        2.5000000000000000     
   2900.0052000000001        1.1210921000000000E-002   10.642295151637061        39.857062426381837        2.5000000000000000     
   820.00521000000003        1.1064568000000000E-002   11.678898920139760        39.855220347857980        1.5000000000000000     
   6700.0051999999996        1.1133229999999999E-002   10.480941261046151        38.840806605967941        2.5000000000000000     
   560.00521000000003        1.1103635000000001E-002   10.449630188228470        38.022929886153861        1.0000000000000000     
   1800.0052000000001        1.1151482000000001E-002   10.558983499259087        38.010160286099818        2.5000000000000000     
   12100.004999999999        1.1005263000000000E-002   11.688215269637579        37.104849836830368        2.0000000000000000     
   5350.0051999999996        1.0102819000000001E-002   9.7913935417180760        36.782531869069331        2.0000000000000000     
   7650.0051999999996        9.3424467999999993E-003   10.009801355383798        35.321738981362756        1.5000000000000000     
   4600.0051999999996        9.3107879000000008E-003   10.034875269428847        35.161976514657525        1.5000000000000000     
   840.00521000000003        1.1140603000000001E-002   11.312615424652181        34.967591753943239        2.0000000000000000     
   8400.0051999999996        1.0225695000000000E-002   9.8506365714840864        34.299362175963076        2.0000000000000000     
   900.00521000000003        9.6770143999999995E-003   9.8761223480136202        34.185516051727788        1.5000000000000000     
   3600.0052000000001        9.2931322000000000E-003   10.083732231254965        33.480217773561492        1.5000000000000000     
   380.00520999999998        1.1127196000000001E-002   11.254709475900846        33.386195044771043        1.0000000000000000     
   640.00521000000003        1.1072871000000000E-002   11.372338930245737        32.242212891047657        1.5000000000000000     
   880.00521000000003        1.0421115999999999E-002   9.9619266589369779        31.373373093169466        2.0000000000000000     
   5950.0051999999996        9.3392691000000003E-003   10.100421033628312        31.145190922325039        1.5000000000000000     
   3250.0052000000001        1.0905497000000000E-002   11.652102857090966        31.129074549705130        2.0000000000000000     
   6550.0051999999996        1.0169299000000000E-002   9.9465386789581469        28.461071867658418        2.0000000000000000     
   2250.0052000000001        1.0123485000000000E-002   12.048798690766777        27.880680174190182        1.5000000000000000     
   4650.0051999999996        1.0211972000000000E-002   9.9829237607603254        26.984404416281173        2.0000000000000000     
   580.00521000000003        1.0949501000000000E-002   10.579504653840893        26.959213135579461        1.0000000000000000     
   880.00521000000003        1.1017020000000001E-002   10.836871026159633        26.523519849296843        2.0000000000000000     
   400.00520999999998        1.0975332000000001E-002   11.303985333951896        26.091990969755830        1.0000000000000000     
   2400.0052000000001        1.0848791000000000E-002   11.555726528462346        25.731954082847579        2.0000000000000000     
   900.00521000000003        1.0670134000000000E-002   10.255945286800625        25.067425009513222        2.0000000000000000     
   10700.004999999999        1.0351567000000001E-002   10.075178173184369        24.472368689964419        2.0000000000000000     
   1150.0052000000001        9.5149155000000003E-003   10.143754045884167        24.211602402972670        1.5000000000000000     
   700.00521000000003        9.3600872000000005E-003   10.257674303071498        24.013395904770668        1.0000000000000000     
   220.00521000000001        9.3834486999999998E-003   10.257285975903232        23.293990747202201        1.0000000000000000     
   9150.0051999999996        1.0388527000000000E-002   10.121150132087207        23.083257616687547        2.0000000000000000     
   4600.0051999999996        1.0219944999999999E-002   10.076736324507728        22.519789863717016        2.0000000000000000     
   840.00521000000003        1.0818934000000001E-002   11.468594956148884        22.255853915609503        1.5000000000000000     
   120.00521000000001        1.0714753000000000E-002   10.452151424807472        20.275248230402269        1.0000000000000000     
   420.00520999999998        1.0806888000000001E-002   11.329456625334313        18.990248554515411        1.0000000000000000     
   860.00521000000003        1.0822218000000000E-002   10.734290338691606        18.666102392226669        2.0000000000000000     
   660.00521000000003        1.0828907000000000E-002   11.169667066388371        17.896844048061663        1.5000000000000000     
   1850.0052000000001        1.0274438000000000E-002   10.199699306854763        17.894935000255394        2.0000000000000000     
   600.00521000000003        1.0778116000000001E-002   10.684675440992303        17.622352864920217        1.0000000000000000     
   6050.0051999999996        9.9848182000000004E-003   11.834907732251816        17.432534691560580        1.5000000000000000     
   7450.0051999999996        1.0013657000000000E-002   11.827481760690508        17.122813938186525        1.5000000000000000     
   2250.0052000000001        1.0365446000000000E-002   10.264524775017435        16.861864402648070        2.0000000000000000     
   4150.0051999999996        9.9715859999999993E-003   11.809133768441958        16.387619778959284        1.5000000000000000     
   8400.0051999999996        9.5078786999999998E-003   10.376158341759293        15.784044727697967        1.5000000000000000     
   4850.0051999999996        9.9635786999999996E-003   11.767423471127932        14.756631941175304        1.5000000000000000     
   520.00521000000003        9.4379532999999995E-003   10.560611164380051        12.723976301376684        1.0000000000000000     
   440.00520999999998        1.0617468999999999E-002   11.322967857963983        12.139405484837328        1.0000000000000000     
   620.00521000000003        1.0584807000000000E-002   10.756518677314620        10.032059931452526        1.0000000000000000     
   700.00521000000003        1.0178642000000000E-002   10.400747395525315        9.7754159760987154        1.5000000000000000     
   8350.0051999999996        1.0004469000000000E-002   11.610889850670516        9.3301592623108114        1.5000000000000000     
   5400.0051999999996        1.0419105999999999E-002   10.566335205355236        9.0928749155020832        2.0000000000000000     
   140.00521000000001        1.0550383000000000E-002   10.760909951826644        9.0021377856448854        1.0000000000000000     
   6950.0051999999996        1.0579532000000001E-002   10.943686982162919        8.4757127969088248        2.0000000000000000     
   1850.0052000000001        1.0410020000000001E-002   10.609979555961997        8.0058087782037024        2.0000000000000000     
   3800.0052000000001        1.0501437000000001E-002   10.758688160982674        7.7417619896815983        2.0000000000000000     
   680.00521000000003        1.0538782999999999E-002   10.863849441201598        7.7206027466052740        1.5000000000000000     
   860.00521000000003        1.0526587000000000E-002   11.146034266462056        7.4654972231152925        1.5000000000000000     
   9600.0051999999996        9.6393150000000007E-003   10.653233209311423        6.2585219834673502        1.5000000000000000     
   460.00520999999998        1.0400591000000001E-002   11.272159360028049        5.8635968108045926        1.0000000000000000     
   680.00521000000003        9.7792208000000002E-003   10.590508281313674        5.4106730072672695        1.0000000000000000     
   160.00521000000001        1.0365655999999999E-002   10.748217226813610        4.9274720018858327        1.0000000000000000     
   640.00521000000003        1.0362621000000001E-002   10.781867158500468        4.4768982851810888        1.0000000000000000     
   880.00521000000003        1.0163182999999999E-002   10.654098018245225        3.6569217562620344        1.5000000000000000     
   200.00521000000001        9.7947910000000006E-003   10.685598903181395        3.5239695635863373        1.0000000000000000     
   1100.0052000000001        9.8270752000000003E-003   10.685752933743171        3.2163550918468613        1.5000000000000000     
   11700.004999999999        9.9051103000000005E-003   11.345781754396500        3.2142268432804753        1.5000000000000000     
   9250.0051999999996        9.7531431000000002E-003   10.853361452850043        2.0610298756472076        1.5000000000000000     
   660.00521000000003        1.0100511000000000E-002   10.739270379455679        1.9520598658661248        1.0000000000000000     
   480.00520999999998        1.0146081000000000E-002   11.157123026500576        1.1506826090030429        1.0000000000000000     
   500.00520999999998        9.8365264000000001E-003   10.942988586109893       0.74934801160083553        1.0000000000000000     
