  #time	ai	proti	chi2	massp                                                                                                                                                                              
   680.00522000000001        1.3751579999999999E-002   13.039203464664991        99.779065155259531       0.50000000000000000     
   9550.0051999999996        1.1940137000000000E-002   12.007453372313078        99.345638103353778        2.5000000000000000     
   1850.0052000000001        1.3989520000000000E-002   14.069900102103981        99.076901362827769        3.5000000000000000     
   4800.0051999999996        1.3726547000000000E-002   14.983276804131805        98.694948463744566        3.0000000000000000     
   8300.0051999999996        1.1605251000000000E-002   15.947019640630547        98.667803722448667        1.5000000000000000     
   6800.0051999999996        1.2525455000000000E-002   15.909991337734482        98.104244311869664        2.0000000000000000     
   800.00521000000003        1.1940726000000000E-002   12.024927056065662        97.610660621467403        2.0000000000000000     
   860.00522000000001        1.3598060000000000E-002   15.160981692433099        97.541858565588342       0.50000000000000000     
   6150.0051999999996        1.1786927000000001E-002   12.036790869953631        97.489751976410361        2.5000000000000000     
   1400.0052000000001        1.3830198000000000E-002   13.258475740700701        97.487077479590084        3.5000000000000000     
   2150.0052000000001        1.1628806000000000E-002   15.938782219105457        97.416534342342942        1.5000000000000000     
   2550.0052000000001        1.3312598000000000E-002   12.525797760976355        97.404644335667143        3.5000000000000000     
   780.00521000000003        1.3210022000000000E-002   15.558389163133560        97.318250646353420       0.50000000000000000     
   3000.0052000000001        1.3964506000000000E-002   14.117695333916172        96.828405255905935        3.5000000000000000     
   7500.0051999999996        1.3736923999999999E-002   14.922437148475089        96.694885043280237        3.0000000000000000     
   2000.0052000000001        1.2484944000000000E-002   12.096692813964671        96.443720786757581        3.0000000000000000     
   3100.0052000000001        1.3223880000000000E-002   12.471353723563542        95.866042472539277        3.5000000000000000     
   1600.0052000000001        1.3806323000000001E-002   14.751609364200073        95.692989117427018        3.0000000000000000     
   920.00521000000003        1.3420441999999999E-002   15.344704511909665        95.647143694132055        1.0000000000000000     
   1450.0052000000001        1.3484705000000000E-002   15.273205881227764        95.635055401997363        2.5000000000000000     
   400.00520999999998        1.3799030000000000E-002   13.233233439882355        95.611001115378286        2.0000000000000000     
   1050.0052000000001        1.3848609000000000E-002   13.367874001402683        95.423466843361481        3.0000000000000000     
   3600.0052000000001        1.3696936999999999E-002   14.963658218183717        95.205811531396549        3.0000000000000000     
   1450.0052000000001        1.3423731000000000E-002   12.669073212525010        94.959403090045839        3.5000000000000000     
   1450.0052000000001        1.3539519999999999E-002   12.806608310979446        94.857640778199482        3.5000000000000000     
   8250.0051999999996        1.2611885999999999E-002   15.848952205238776        94.825716282172436        2.0000000000000000     
   480.00520999999998        1.3511331999999999E-002   12.774545957111913        94.646552402579076       0.50000000000000000     
   1200.0052000000001        1.3918076000000000E-002   14.316247686305452        94.475708094211214        3.0000000000000000     
   4950.0051999999996        1.2503775000000000E-002   12.125854262735862        94.155285081862857        3.0000000000000000     
   7200.0051999999996        1.3267868000000000E-002   12.533205496255073        93.974384968455922        3.5000000000000000     
   680.00521000000003        1.1087135000000000E-002   12.291138698847439        93.838235246896872       0.50000000000000000     
   3850.0052000000001        1.3244560000000001E-002   15.483073215554708        93.710894225097462        2.5000000000000000     
   640.00521000000003        1.2978277999999999E-002   12.335031643020345        93.228686019126116        2.0000000000000000     
   4700.0051999999996        1.3929123000000000E-002   14.054350280811859        93.111742252301994        3.5000000000000000     
   6000.0051999999996        1.3209301999999999E-002   15.502841269949917        93.023580411160495        2.5000000000000000     
   680.00521000000003        1.3084184000000000E-002   12.408887794864421        92.677324478192347        1.5000000000000000     
   2000.0052000000001        1.3921199000000000E-002   13.969541853265943        92.298337069028051        3.5000000000000000     
   10100.004999999999        1.3485512999999999E-002   12.782651749884174        92.217142563956003        3.5000000000000000     
   800.00521000000003        1.1634065000000001E-002   12.121357012887943        91.580194970865421        2.0000000000000000     
   3550.0052000000001        1.3906412000000000E-002   13.966261802024384        90.888629083459918        3.5000000000000000     
   640.00521000000003        1.2772812999999999E-002   12.257880585708804        90.805498158623649       0.50000000000000000     
   6550.0051999999996        1.3200244000000000E-002   15.479473984990033        90.735723483754725        2.5000000000000000     
   880.00521000000003        1.2208932000000000E-002   15.891588302931131        90.543969599487895       0.50000000000000000     
   1400.0052000000001        1.3730991000000000E-002   13.211669134396674        90.444888215252334        3.5000000000000000     
   4950.0051999999996        1.3200948000000001E-002   15.474857846018621        90.437044317760680        2.5000000000000000     
   5300.0051999999996        1.1129210000000000E-002   12.310026854155677        90.357110274263533        2.0000000000000000     
   9750.0051999999996        1.3602645000000000E-002   12.981249704111400        90.158081505944494        3.5000000000000000     
   2600.0052000000001        1.3287095000000001E-002   15.391705254091072        89.836426981660509        2.5000000000000000     
   720.00521000000003        1.3775552000000000E-002   13.338907074487237        89.740722678102358        1.0000000000000000     
   12200.004999999999        1.3836388999999999E-002   13.552598585604269        89.312318733574998        3.5000000000000000     
   8700.0051999999996        1.3751942000000000E-002   14.706671380911324        89.217133803860591        3.0000000000000000     
   7000.0051999999996        1.3888978999999999E-002   14.007265288157903        89.207365678354506        3.5000000000000000     
   700.00521000000003        1.3148852000000001E-002   12.511030053213950        88.422310523708788        1.5000000000000000     
   700.00522000000001        1.3735173999999999E-002   13.275419548332874        88.396144442182148       0.50000000000000000     
   1600.0052000000001        1.3782245000000000E-002   14.596584642171509        88.307765629448994        3.0000000000000000     
   3850.0052000000001        1.3878457000000000E-002   13.974796202528616        88.230902762923918        3.5000000000000000     
   420.00520999999998        1.3734247000000000E-002   13.284118328778817        88.002484022088026        2.0000000000000000     
   1950.0052000000001        1.3326765000000001E-002   12.678750601366303        87.650134388177634        3.5000000000000000     
   4000.0052000000001        1.1862252000000000E-002   12.134935525402504        87.435997580048948        2.5000000000000000     
   3650.0052000000001        1.2493949000000001E-002   15.801935332957141        87.273911858007040        2.0000000000000000     
   3700.0052000000001        1.2518924000000001E-002   12.205355407210721        87.250781245581749        3.0000000000000000     
   1300.0052000000001        1.3536190000000000E-002   15.062909419897814        87.241405914217552        2.5000000000000000     
   1550.0052000000001        1.3380156000000001E-002   15.257952138201023        87.181855385504377        2.5000000000000000     
   660.00521000000003        1.2553715000000000E-002   12.217704946799168        87.079396967764396        1.0000000000000000     
   840.00522000000001        1.3615782999999999E-002   14.926465454294409        86.727326185397430       0.50000000000000000     
   5300.0051999999996        1.3861228000000000E-002   13.940990949012409        86.691297775081509        3.5000000000000000     
   1650.0052000000001        1.2650233000000000E-002   15.744904543177077        86.687368742797972        2.0000000000000000     
   900.00521000000003        1.3459117000000000E-002   15.154757278383396        86.562171487383921        1.0000000000000000     
   4300.0051999999996        1.3192124000000000E-002   15.427538830215909        86.475668855501453        2.5000000000000000     
   8450.0051999999996        1.3726360000000000E-002   13.310671541463446        86.387317744136993        3.5000000000000000     
   2350.0052000000001        1.3847595000000001E-002   13.796591433187427        86.374562507865690        3.5000000000000000     
   6600.0051999999996        1.3196324000000001E-002   15.420376561085146        86.216517511016178        2.5000000000000000     
   5950.0051999999996        1.3848368000000000E-002   13.881366274146831        85.763459913216664        3.5000000000000000     
   660.00521000000003        1.2877190000000000E-002   12.369643150297641        85.688142828286090        2.0000000000000000     
   9700.0051999999996        1.3729504999999999E-002   14.660416732208416        85.683448583376546        3.0000000000000000     
   760.00521000000003        1.3231801000000000E-002   15.372617495566180        85.035312831189970       0.50000000000000000     
   7900.0051999999996        1.2533470999999999E-002   15.762646007075146        84.787804397106484        2.0000000000000000     
   940.00521000000003        1.2301108999999999E-002   15.814559564888588        84.582323771565370       0.50000000000000000     
   780.00521000000003        1.2109330999999999E-002   12.164156330824632        84.556878634319716        2.0000000000000000     
   9600.0051999999996        1.3293773000000000E-002   15.302090608414408        84.232214052297579        2.5000000000000000     
   1600.0052000000001        1.3788586000000000E-002   13.596304353216441        84.050255285005065        3.5000000000000000     
   4600.0051999999996        1.1155411000000000E-002   12.373450690271287        83.974829827338866        2.0000000000000000     
   5250.0051999999996        1.2468139000000000E-002   15.761201607605352        83.024628614587684        2.0000000000000000     
   500.00520999999998        1.3492804000000001E-002   12.957893462096090        82.861247474615865       0.50000000000000000     
   520.00521000000003        1.2787114000000000E-002   12.359566414959302        82.764268675724665       0.50000000000000000     
   8000.0051999999996        1.2542072000000000E-002   15.736058654020921        82.693540710246864        2.0000000000000000     
   2500.0052000000001        1.3709453999999999E-002   13.386440589791077        82.467206609907876        3.5000000000000000     
   5450.0051999999996        1.3158239000000000E-002   15.381752339011141        81.268927959079051        2.5000000000000000     
   1350.0052000000001        1.3787100000000000E-002   14.235767754838417        81.232825098139458        3.0000000000000000     
   1950.0052000000001        1.3665577000000000E-002   14.687210248289318        81.160119859254280        3.0000000000000000     
   740.00521000000003        1.3742934000000000E-002   13.547808046373421        81.057415966756096        1.0000000000000000     
   440.00520999999998        1.3667189000000000E-002   13.330162804903491        80.705028917928033        2.0000000000000000     
   7000.0051999999996        1.3166423000000000E-002   15.363828138780487        80.514245509142910        2.5000000000000000     
   2400.0052000000001        1.3479804999999999E-002   12.985219385307399        80.490065348255598        3.5000000000000000     
   7800.0051999999996        1.3671566000000000E-002   13.355340743628970        80.242964449172632        3.5000000000000000     
   1200.0052000000001        1.2991264000000001E-002   12.509985803003770        80.068665210656803        3.0000000000000000     
   1700.0052000000001        1.0527477000000000E-002   12.984989844452215        79.964242006084334        1.5000000000000000     
   4450.0051999999996        1.1179306999999999E-002   12.411888429816992        79.890882961592666        2.0000000000000000     
   1100.0052000000001        1.3602222000000001E-002   13.208176791906926        79.852486029370269        3.0000000000000000     
   720.00522000000001        1.3718609000000000E-002   13.511707247001668        79.801171240880208       0.50000000000000000     
   680.00521000000003        1.2770109000000000E-002   12.389143319159921        79.698176767989949        2.0000000000000000     
   700.00521000000003        1.1010463000000000E-002   12.518812104785164        79.327525984715777       0.50000000000000000     
   3500.0052000000001        1.3614453000000000E-002   14.750346101311065        79.236946896794947        3.0000000000000000     
   880.00521000000003        1.3497024000000000E-002   14.961896930567987        79.158166181664399        1.0000000000000000     
   1650.0052000000001        1.3480705000000001E-002   13.013749442660057        79.129438516592614        3.5000000000000000     
   1900.0052000000001        1.3688860000000001E-002   13.451370968345326        78.831051227793310        3.5000000000000000     
   820.00522000000001        1.3633335999999999E-002   14.691440198594972        78.646903941719700       0.50000000000000000     
   1400.0052000000001        1.3762620000000000E-002   14.177236326069837        78.456053392819570        3.0000000000000000     
   1850.0052000000001        1.3648863000000001E-002   14.643520006338353        78.321682908695138        3.0000000000000000     
   700.00521000000003        1.3013201000000000E-002   12.549658355212607        78.251678554592161        1.5000000000000000     
   4800.0051999999996        1.2574991000000001E-002   12.327443523677625        78.201493747565465        3.0000000000000000     
   1400.0052000000001        1.2730356000000000E-002   12.389903411251728        78.145771538139854        3.0000000000000000     
   2750.0052000000001        1.1936636000000000E-002   12.236700639463560        77.830988472623972        2.5000000000000000     
   7150.0051999999996        1.3678032000000000E-002   13.465935359916287        77.525414164428227        3.5000000000000000     
   3600.0052000000001        1.3557533000000000E-002   13.185027588450108        77.252229511239449        3.5000000000000000     
   2050.0052000000001        1.3591259000000000E-002   13.254078051408930        77.212621745540446        3.5000000000000000     
   6000.0051999999996        1.3488238000000000E-002   13.068228873437780        77.076246574212092        3.5000000000000000     
   760.00521000000003        1.2262891000000000E-002   12.264529591747081        77.024228238350517        2.0000000000000000     
   3650.0052000000001        1.3594326000000000E-002   14.717936263286681        76.432699637082777        3.0000000000000000     
   3050.0052000000001        1.3629003000000001E-002   13.373266760018943        76.161136261842103        3.5000000000000000     
   2450.0052000000001        1.3647385999999999E-002   14.568136858733274        75.916506268612949        3.0000000000000000     
   4750.0051999999996        1.3584974000000000E-002   13.277766812495345        75.844086729693629        3.5000000000000000     
   8050.0051999999996        1.3219699000000000E-002   15.243091145385893        75.823531886205103        2.5000000000000000     
   1750.0052000000001        1.1896268000000000E-002   12.262564714512582        75.736040241517259        2.5000000000000000     
   700.00521000000003        1.2656238000000000E-002   12.391335195915730        75.461267729478664        2.0000000000000000     
   10800.004999999999        1.3248105000000000E-002   15.207273495727312        75.381885494461201        2.5000000000000000     
   5350.0051999999996        1.3503839000000000E-002   13.133985922424809        75.287805309761239        3.5000000000000000     
   3900.0052000000001        1.3524042000000000E-002   13.177343137437244        74.986710711733267        3.5000000000000000     
   7050.0051999999996        1.3529945999999999E-002   13.190163272309919        74.914259678755656        3.5000000000000000     
   2450.0052000000001        1.2658126000000000E-002   12.400939571705109        74.753100772345874        3.0000000000000000     
   10000.004999999999        1.2576821000000000E-002   15.629051531811783        74.663282426505049        2.0000000000000000     
   760.00521000000003        1.3709729000000000E-002   13.755338587645950        74.575815151081912        1.0000000000000000     
   180.00521000000001        1.1912578000000000E-002   12.275432533266850        74.544386628711649       0.50000000000000000     
   740.00521000000003        1.3253319000000000E-002   15.186563867988472        74.468559149524751       0.50000000000000000     
   7550.0051999999996        1.1468511000000001E-002   15.639663838242017        74.274449842704826        1.5000000000000000     
   7250.0051999999996        1.3589942000000001E-002   14.659873832511078        74.083728823524325        3.0000000000000000     
   720.00521000000003        1.3080319000000000E-002   12.659843856080721        74.077690932159342        1.5000000000000000     
   740.00522000000001        1.3701882000000000E-002   13.747988746166055        73.997803960719551       0.50000000000000000     
   860.00521000000003        1.2246729000000000E-002   15.702615156966509        73.994337221371524       0.50000000000000000     
   460.00520999999998        1.3597678000000000E-002   13.370835952509950        73.710562687695798        2.0000000000000000     
   2950.0052000000001        1.1199812000000000E-002   12.482390690698448        73.585970368364841        2.0000000000000000     
   740.00521000000003        1.2403994000000000E-002   12.332643588137406        73.582212040216561        2.0000000000000000     
   860.00521000000003        1.3534188000000001E-002   14.766344345826584        73.525414428563721        1.0000000000000000     
   2300.0052000000001        1.3175342000000000E-002   15.247899000854058        73.467018917062262        2.5000000000000000     
   3600.0052000000001        1.3593223000000000E-002   14.628833610728989        73.344783854384715        3.0000000000000000     
   800.00522000000001        1.3650720999999999E-002   14.455994271189887        73.320268166867166       0.50000000000000000     
   720.00521000000003        1.2534602000000001E-002   12.373577010017051        73.276274408855670        2.0000000000000000     
   520.00521000000003        1.3474072000000000E-002   13.141843586280119        72.733019485718089       0.50000000000000000     
   6000.0051999999996        1.3122513000000001E-002   15.280097855250590        72.467149225322970        2.5000000000000000     
   1150.0052000000001        1.3320767000000001E-002   12.932815625864979        72.082700272035169        3.0000000000000000     
   2800.0052000000001        1.3586091999999999E-002   14.605802009702799        72.067100589746431        3.0000000000000000     
   6250.0051999999996        1.2627467999999999E-002   12.423519847074276        71.975142735438027        3.0000000000000000     
   3500.0052000000001        1.1370679999999999E-002   15.571220551059065        71.619440722653962        1.5000000000000000     
   5850.0051999999996        1.3559735999999999E-002   14.648566609278737        71.335378668637816        3.0000000000000000     
   760.00522000000001        1.3684992999999999E-002   13.984184830786182        70.986291826683285       0.50000000000000000     
   780.00522000000001        1.3667940000000000E-002   14.220214163289661        70.762956510694892       0.50000000000000000     
   1250.0052000000001        1.3682316000000000E-002   14.003719406173770        70.755027520773950        3.0000000000000000     
   10100.004999999999        1.1322926000000001E-002   12.460594167714746        70.704986762174784        2.0000000000000000     
   780.00521000000003        1.3675916000000000E-002   13.961331210591911        70.254746404822683        1.0000000000000000     
   660.00521000000003        1.2745136000000001E-002   12.499886541828873        70.139200171730764       0.50000000000000000     
   2650.0052000000001        1.3574121000000000E-002   14.560389178939774        69.797326758666401        3.0000000000000000     
   840.00521000000003        1.3570636000000001E-002   14.568311671825187        69.746892896034694        1.0000000000000000     
   1750.0052000000001        1.3247092000000000E-002   15.109813830429420        69.673130913663925        2.5000000000000000     
   680.00521000000003        1.2490459000000001E-002   12.412191581415149        69.042138545696076        1.0000000000000000     
   4450.0051999999996        1.2413766000000000E-002   15.607509634266016        68.882236466303240        2.0000000000000000     
   1800.0052000000001        1.1250091000000000E-002   12.520590716115651        68.775382517757322        2.0000000000000000     
   3250.0052000000001        1.1922119000000000E-002   12.344545759936427        68.664852743444911        2.5000000000000000     
   9800.0051999999996        1.2818178000000000E-002   12.561485750984556        68.468461411388333        3.0000000000000000     
   8850.0051999999996        1.1506024000000000E-002   15.576531256294805        68.236575722670253        1.5000000000000000     
   720.00521000000003        1.0929746000000001E-002   12.742222871627716        68.186173497443491       0.50000000000000000     
   800.00521000000003        1.3641477000000001E-002   14.165613025864287        68.046863779560596        1.0000000000000000     
   820.00521000000003        1.3606391000000001E-002   14.368002275888548        67.897946157039556        1.0000000000000000     
   1650.0052000000001        1.2616502000000000E-002   15.524502634556262        67.604573717803760        2.0000000000000000     
   480.00520999999998        1.3525518000000000E-002   13.405549581016905        67.014414400054790        2.0000000000000000     
   540.00521000000003        1.2759693000000001E-002   12.557838106666587        66.424108700186522       0.50000000000000000     
   8800.0051999999996        1.2855976000000000E-002   12.618474660112822        66.032678936604185        3.0000000000000000     
   5850.0051999999996        1.1381583000000001E-002   15.501995595731978        65.960757689399287        1.5000000000000000     
   920.00521000000003        1.2336892000000000E-002   15.586632017070325        65.772432699164057       0.50000000000000000     
   720.00521000000003        1.3274581000000001E-002   15.000302528758075        65.629048171498908       0.50000000000000000     
   200.00521000000001        1.1867173999999999E-002   12.386371177228440        65.536016181182276       0.50000000000000000     
   720.00521000000003        1.2939307000000001E-002   12.683661318102475        65.376128966156074        1.5000000000000000     
   6400.0051999999996        1.2397015000000001E-002   15.560783802150564        64.841673066110488        2.0000000000000000     
   1050.0052000000001        1.0399989000000000E-002   13.857201459446387        64.510668801034839        1.0000000000000000     
   540.00521000000003        1.3455131000000000E-002   13.326333296932004        64.280828685969382       0.50000000000000000     
   780.00521000000003        1.1834669000000001E-002   12.411161646569544        63.793539476011233        2.0000000000000000     
   4500.0051999999996        1.1373400000000001E-002   15.468997269891910        63.764512361877195        1.5000000000000000     
   11600.004999999999        1.3557101000000000E-002   14.281894797239195        62.600708026063806        3.0000000000000000     
   5200.0051999999996        1.2384552000000000E-002   15.531231904479736        62.313783089888318        2.0000000000000000     
   1650.0052000000001        1.3546958000000000E-002   14.306402977858665        62.174048917881471        3.0000000000000000     
   9300.0051999999996        1.2518283999999999E-002   15.487125958996490        62.004046755995844        2.0000000000000000     
   5300.0051999999996        1.1249453000000000E-002   12.619143153978392        61.752160001226578        2.0000000000000000     
   740.00521000000003        1.3009089000000000E-002   12.802027428971879        61.334972488328191        1.5000000000000000     
   4500.0051999999996        1.2411415000000000E-002   15.508353135033873        61.109785573480849        2.0000000000000000     
   1600.0052000000001        1.1653804000000000E-002   15.524557317861856        61.103165566218991        1.5000000000000000     
   500.00520999999998        1.3450487000000001E-002   13.433649500014699        60.616638068550685        2.0000000000000000     
   740.00521000000003        1.0844513000000000E-002   12.960538832260415        60.390744041605231       0.50000000000000000     
   1550.0052000000001        1.2852578999999999E-002   12.702061791371904        60.288363279426036        3.0000000000000000     
   2350.0052000000001        1.3509775000000000E-002   14.331269363746076        59.729001346931440        3.0000000000000000     
   1500.0052000000001        1.3235936000000000E-002   14.924353630468859        59.549187049266948        2.5000000000000000     
   840.00521000000003        1.2283718000000001E-002   15.512075992517143        59.171741164961297       0.50000000000000000     
   1400.0052000000001        1.3534387000000000E-002   13.907113743648297        59.074286027058633        3.0000000000000000     
   6650.0051999999996        1.1965286000000000E-002   12.469586292860299        58.584277676399466        2.5000000000000000     
   6150.0051999999996        1.3475823000000000E-002   14.405360550977091        58.559270219123519        3.0000000000000000     
   700.00521000000003        1.3295589999999999E-002   14.813907298588843        58.524965096536022       0.50000000000000000     
   11400.004999999999        1.0654189999999999E-002   13.274282087953857        58.446777994462167        1.5000000000000000     
   1650.0052000000001        1.3519532000000001E-002   14.155660750218230        58.330197102993644        3.0000000000000000     
   749.16521000000000        1.0803864999999999E-002   13.058719011157669        57.918722101571539       0.50000000000000000     
   560.00521000000003        1.3435977000000000E-002   13.511299308588635        57.521460184495652       0.50000000000000000     
   1450.0052000000001        1.3505926000000000E-002   13.821542770883397        57.491505343260513        3.0000000000000000     
   7350.0051999999996        1.2758355000000001E-002   12.694621582657234        56.977877419059510        3.0000000000000000     
   220.00521000000001        1.1820483000000000E-002   12.506496405482290        56.569481881971896       0.50000000000000000     
   4600.0051999999996        1.1301980000000000E-002   12.670370021208383        56.378694320760694        2.0000000000000000     
   8100.0051999999996        1.1346108000000001E-002   12.653396345278919        56.022902953332050        2.0000000000000000     
   6500.0051999999996        1.1278895000000001E-002   12.690808295533596        55.849382881505107        2.0000000000000000     
   10100.004999999999        1.3486438999999999E-002   14.084325522967973        55.415295149157018        3.0000000000000000     
   1350.0052000000001        1.3296456999999999E-002   14.730675293340164        55.367180153921993        2.5000000000000000     
   4700.0051999999996        1.3443848000000000E-002   14.356805055529334        55.300174907222946        3.0000000000000000     
   9200.0051999999996        1.2944486999999999E-002   12.852458842964056        55.222660152140705        3.0000000000000000     
   2750.0052000000001        1.2770472999999999E-002   12.731541591692208        55.065383984420947        3.0000000000000000     
   1850.0052000000001        1.3085519000000000E-002   15.011870060557786        55.055813695887863        2.5000000000000000     
   5200.0051999999996        1.3049674000000001E-002   15.042774444741839        54.729851803616278        2.5000000000000000     
   520.00521000000003        1.3372332000000001E-002   13.454404391510300        54.524244312698258        2.0000000000000000     
   1300.0052000000001        1.3414644000000000E-002   13.599720897745787        54.036027569310839        3.0000000000000000     
   740.00521000000003        1.2862247000000000E-002   12.810064797013098        53.985391792031699        1.5000000000000000     
   2850.0052000000001        1.2011656000000001E-002   12.537056270601717        53.508503848639073        2.5000000000000000     
   1500.0052000000001        1.2896515000000001E-002   12.845716353580691        53.402747062915850        3.0000000000000000     
   700.00521000000003        1.2424780000000000E-002   12.602470810324583        53.338145882619322        1.0000000000000000     
   680.00521000000003        1.3316352000000000E-002   14.627450060775477        53.161906062142741       0.50000000000000000     
   5500.0051999999996        1.3018494000000000E-002   15.042517738564577        53.104332081941777        2.5000000000000000     
   2550.0052000000001        1.2870937000000001E-002   12.831996032067099        53.069113118572659        3.0000000000000000     
   3300.0052000000001        1.3029641000000000E-002   15.022647918954451        52.649234435478995        2.5000000000000000     
   8000.0051999999996        1.1348428000000001E-002   12.705000141714287        52.539266890366555        2.0000000000000000     
   580.00521000000003        1.3416605999999999E-002   13.696677700196961        52.469426886063459       0.50000000000000000     
   680.00521000000003        1.2716989999999999E-002   12.741735052187478        52.432632944573385       0.50000000000000000     
   5950.0051999999996        1.2754946000000000E-002   12.764936036984356        52.383160974798002        3.0000000000000000     
   1750.0052000000001        1.2835806999999999E-002   12.819699195987981        52.292083074434991        3.0000000000000000     
   4350.0051999999996        1.2348839000000000E-002   15.402439597886774        52.213135529343511        2.0000000000000000     
   3700.0052000000001        1.2805639000000001E-002   12.800416479029431        52.201370300314125        3.0000000000000000     
   560.00521000000003        1.2731813999999999E-002   12.756399103849139        52.052372511774891       0.50000000000000000     
   8900.0051999999996        1.0697887000000000E-002   13.385112307565400        51.839630336811574        1.5000000000000000     
   2850.0052000000001        1.2356775000000000E-002   15.394614905233331        51.805977074776898        2.0000000000000000     
   1350.0052000000001        1.3103666000000000E-002   13.076760213005876        51.761259499620266        3.0000000000000000     
   3600.0052000000001        1.3409867000000001E-002   14.279169870142596        51.641521804752060        3.0000000000000000     
   4500.0051999999996        1.2337133000000000E-002   15.396888978358447        51.623935628439753        2.0000000000000000     
   7550.0051999999996        1.2396322000000000E-002   15.378281354851284        51.418264303408201        2.0000000000000000     
   2900.0052000000001        1.2797424000000000E-002   12.808063814196522        51.414922414771119        3.0000000000000000     
   9150.0051999999996        1.3428344000000000E-002   13.970001280001282        51.026665214715763        3.0000000000000000     
   2200.0052000000001        1.1384504000000000E-002   12.724879918218225        50.119162991575180        2.0000000000000000     
   760.00521000000003        1.2934938999999999E-002   12.936800381980163        50.112609298849449        1.5000000000000000     
   4550.0051999999996        1.1306142999999999E-002   12.765899582905867        50.111033871403393        2.0000000000000000     
   4850.0051999999996        1.3399345000000000E-002   14.214882878031837        50.108529446375641        3.0000000000000000     
   660.00521000000003        1.3336871000000000E-002   14.441001764079376        49.542667776606201       0.50000000000000000     
   900.00521000000003        1.2371960000000000E-002   15.356699270821714        49.474677629582018       0.50000000000000000     
   5200.0051999999996        1.2324238000000000E-002   15.368675770199983        49.460089851506268        2.0000000000000000     
   600.00521000000003        1.3397015000000000E-002   13.882403183065438        49.137000494292622       0.50000000000000000     
   4550.0051999999996        1.0670783000000000E-002   13.556568102919726        49.086244096106874        1.5000000000000000     
   1850.0052000000001        1.3073948000000000E-002   14.895781863884055        48.894737218158198        2.5000000000000000     
   540.00521000000003        1.3290767000000000E-002   13.466990187143903        48.754474615012128        2.0000000000000000     
   240.00521000000001        1.1772426000000001E-002   12.628924220176742        48.290966652168578       0.50000000000000000     
   7550.0051999999996        1.3386778000000000E-002   14.087809732975968        48.271596685634890        3.0000000000000000     
   1900.0052000000001        1.2076302000000001E-002   12.613827815998450        48.182381548335329        2.5000000000000000     
   640.00521000000003        1.3357150999999999E-002   14.254632442966079        47.667415223452423       0.50000000000000000     
   3750.0052000000001        1.2806939999999999E-002   12.880289928567816        47.622570080024033        3.0000000000000000     
   3550.0052000000001        1.0665433000000000E-002   13.650201675702245        47.585700787778030        1.5000000000000000     
   5900.0051999999996        1.0682606000000001E-002   13.591093724445772        47.568284403168803        1.5000000000000000     
   620.00521000000003        1.3377198000000000E-002   14.068410141714207        47.533859359548366       0.50000000000000000     
   12000.004999999999        1.2438803000000000E-002   15.307018885272342        47.521159952116115        2.0000000000000000     
   3650.0052000000001        1.3363704000000001E-002   14.183450562170593        47.333570033327796        3.0000000000000000     
   2100.0052000000001        1.2448203000000000E-002   15.300863622556102        47.328301335388289        2.0000000000000000     
   10400.004999999999        1.2434150000000000E-002   15.305285364953587        47.306401630221131        2.0000000000000000     
   1500.0052000000001        1.3208397000000000E-002   13.343625177551228        47.276281952266864        3.0000000000000000     
   8750.0051999999996        1.3356375000000000E-002   13.779835558280274        47.205640338257993        3.0000000000000000     
   1600.0052000000001        1.3111868000000000E-002   14.803171239949750        47.033363333551137        2.5000000000000000     
   1800.0052000000001        1.1323918000000001E-002   12.811231742709035        46.756420531120590        2.0000000000000000     
   2450.0052000000001        1.3040817999999999E-002   14.878219551029082        46.364293017028089        2.5000000000000000     
   820.00521000000003        1.2319932000000000E-002   15.320127540083277        46.127328998605215       0.50000000000000000     
   1450.0052000000001        1.3242853000000001E-002   13.456277290527085        46.007950840973990        3.0000000000000000     
   9750.0051999999996        1.3327372000000001E-002   13.731330942595189        45.852489391476901        3.0000000000000000     
   760.00521000000003        1.2013968000000000E-002   12.647200857153676        45.756514284485142        2.0000000000000000     
   3600.0052000000001        1.2837904000000001E-002   12.939056814729753        45.692088937852397        3.0000000000000000     
   1750.0052000000001        1.2874850000000000E-002   12.971365264114988        45.586298737626890        3.0000000000000000     
   2000.0052000000001        1.3348162000000000E-002   14.001247036834155        45.438560629367672        3.0000000000000000     
   1900.0052000000001        1.3340355000000000E-002   13.996608510810173        44.914077974825062        3.0000000000000000     
   2550.0052000000001        1.2101176999999999E-002   12.667426041292011        44.649752208782886        2.5000000000000000     
   7600.0051999999996        1.2955467000000000E-002   13.068424026274354        44.518775079322040        3.0000000000000000     
   11700.004999999999        1.1346975000000000E-002   15.160380227793155        44.323097627391036        1.5000000000000000     
   9450.0051999999996        1.3089399000000000E-002   14.763250714340380        44.233546918559831        2.5000000000000000     
   760.00521000000003        1.2781727000000000E-002   12.927930289407758        44.010764088018760        1.5000000000000000     
   2000.0052000000001        1.3000889999999999E-002   14.857252056448136        43.416547727440459        2.5000000000000000     
   560.00521000000003        1.3205461999999999E-002   13.470474784953554        43.338391296906110        2.0000000000000000     
   7250.0051999999996        1.2315922999999999E-002   15.277187358953594        43.275371205719360        2.0000000000000000     
   2500.0052000000001        1.3298098000000000E-002   13.790235281136667        43.226493467719692        3.0000000000000000     
   8350.0051999999996        1.1440440000000000E-002   12.832247141121744        41.918852704950453        2.0000000000000000     
   2050.0052000000001        1.2960437999999999E-002   13.137619985781578        41.653511630226184        3.0000000000000000     
   7600.0051999999996        1.0753805999999999E-002   13.672854155378108        41.500599114098364        1.5000000000000000     
   2750.0052000000001        1.2975140000000000E-002   14.832743433841907        41.108991839586338        2.5000000000000000     
   1700.0052000000001        1.3210959000000000E-002   13.578912146009163        41.093418731626699        3.0000000000000000     
   6550.0051999999996        1.2945796000000001E-002   14.861144717142114        40.902508014318016        2.5000000000000000     
   7900.0051999999996        1.1233218999999999E-002   15.022817362259554        40.852711425715619        1.5000000000000000     
   260.00520999999998        1.1722913999999999E-002   12.757924013572854        40.488234133910929       0.50000000000000000     
   1700.0052000000001        1.3243044000000001E-002   13.727659306755228        40.483197874764826        3.0000000000000000     
   780.00521000000003        1.2857610000000000E-002   13.063289291569193        40.323046859997859        1.5000000000000000     
   1950.0052000000001        1.2965051999999999E-002   13.175169923318084        40.291751122044033        3.0000000000000000     
   2100.0052000000001        1.2099370999999999E-002   12.734664192785701        40.273731336070632        2.5000000000000000     
   537.81520999999998        1.0803879000000001E-002   14.423252680921394        40.246208637364902       0.50000000000000000     
   3550.0052000000001        1.3265594000000000E-002   13.935296529401654        40.147869818620499        3.0000000000000000     
   2700.0052000000001        1.1172345000000000E-002   14.955504241953596        39.950029070422573        1.5000000000000000     
   720.00521000000003        1.2356485000000000E-002   12.787949341655853        39.903707906414475        1.0000000000000000     
   580.00521000000003        1.2703460999999999E-002   12.955161931872567        39.663598989919223       0.50000000000000000     
   3650.0052000000001        1.3239989000000001E-002   13.807899154889480        39.361888284952514        3.0000000000000000     
   2850.0052000000001        1.3232022000000000E-002   13.801318848750645        38.933812096475123        3.0000000000000000     
   2400.0052000000001        1.3131867000000000E-002   13.476252576766338        38.885858139639019        3.0000000000000000     
   3700.0052000000001        1.3241150000000000E-002   13.892052029457060        38.802654108182772        3.0000000000000000     
   2700.0052000000001        1.3213905999999999E-002   13.742434253064797        38.497699082602658        3.0000000000000000     
   4550.0051999999996        1.1107979000000000E-002   14.861491545548978        38.446729139431660        1.5000000000000000     
   7300.0051999999996        1.3220412000000001E-002   13.782821987636042        38.414295316094780        3.0000000000000000     
   580.00521000000003        1.3116038000000000E-002   13.463793796024024        38.326449124691649        2.0000000000000000     
   5600.0051999999996        1.2085812000000000E-002   12.765190802306726        38.302935224568728        2.5000000000000000     
   4900.0051999999996        1.3004791000000000E-002   13.291648958277584        37.784154701152936        3.0000000000000000     
   700.00521000000003        1.2688361000000000E-002   12.983315369210622        37.687212448492232       0.50000000000000000     
   5150.0051999999996        1.1124675000000001E-002   14.857734087999411        37.547540953168820        1.5000000000000000     
   3700.0052000000001        1.2960040000000001E-002   13.241349696735252        37.430677841449771        3.0000000000000000     
   3400.0052000000001        1.2107342000000000E-002   12.785113433155312        37.186790796477787        2.5000000000000000     
   5900.0051999999996        1.3199756000000000E-002   13.803724776886838        36.948462358033893        3.0000000000000000     
   1050.0052000000001        1.1214695000000000E-002   13.076381406721739        36.744381365232861        1.5000000000000000     
   3650.0052000000001        1.3017071000000000E-002   13.362512598876918        36.020591144606577        3.0000000000000000     
   6200.0051999999996        1.3099006000000000E-002   13.522457072644057        35.896537243281323        3.0000000000000000     
   880.00521000000003        1.2406341000000000E-002   15.124941909579368        35.765181970915428       0.50000000000000000     
   8500.0051999999996        1.2995542000000001E-002   14.659350180754711        35.646164293592776        2.5000000000000000     
   4750.0051999999996        1.3059355000000000E-002   13.456122419871349        35.450897151899220        3.0000000000000000     
   1000.0051999999999        1.1324674999999999E-002   13.019253176944368        35.448204523380298        1.5000000000000000     
   780.00521000000003        1.2697411000000000E-002   13.036192173721883        35.382690645147598        1.5000000000000000     
   5300.0051999999996        1.2138783000000000E-002   12.818577026999771        35.375523039948447        2.5000000000000000     
   3150.0052000000001        1.2919224000000000E-002   14.753502868424023        35.318484016752130        2.5000000000000000     
   10900.004999999999        1.2267617000000000E-002   12.842450384083396        35.288498392085181        2.5000000000000000     
   800.00521000000003        1.2355400000000001E-002   15.126918944163577        34.906385881226996       0.50000000000000000     
   3050.0052000000001        1.1175658000000000E-002   14.842768074414970        34.744944334575372        1.5000000000000000     
   740.00521000000003        1.2176269999999999E-002   12.840012368432165        34.416059493976299        2.0000000000000000     
   520.00521000000003        1.0882140000000000E-002   14.332378815219705        34.002167906252076       0.50000000000000000     
   6000.0051999999996        1.2261751000000000E-002   15.134289239993569        33.878140777093954        2.0000000000000000     
   600.00521000000003        1.3022051000000000E-002   13.445723871098501        33.795257932303500        2.0000000000000000     
   280.00520999999998        1.1671849999999999E-002   12.886850907616191        33.669582322184716       0.50000000000000000     
   8150.0051999999996        1.2259008000000000E-002   12.881873811882516        32.932282068712908        2.5000000000000000     
   9100.0051999999996        1.1546057000000000E-002   12.950440738195867        32.690971721739885        2.0000000000000000     
   6000.0051999999996        1.0975798000000000E-002   14.491435711331256        32.262471024438710        1.5000000000000000     
   4100.0051999999996        1.0968822000000000E-002   14.475200039291590        32.228579800519270        1.5000000000000000     
   5350.0051999999996        1.1408534000000000E-002   13.034727351666854        32.039582617068397        2.0000000000000000     
   800.00521000000003        1.2776811000000001E-002   13.180510538122549        31.874957958079428        1.5000000000000000     
   4800.0051999999996        1.0964725999999999E-002   14.445811293826569        31.763500325191995        1.5000000000000000     
   1000.0051999999999        1.0894664000000000E-002   14.208780992476353        31.633930903630997        1.0000000000000000     
   1650.0052000000001        1.2168913000000000E-002   12.889603052204146        31.537823698479457        2.5000000000000000     
   1700.0052000000001        1.2315713000000001E-002   15.076606401915884        31.468900337698500        2.0000000000000000     
   7400.0051999999996        1.1031724000000000E-002   14.565168011681704        31.424333286359609        1.5000000000000000     
   9700.0051999999996        1.2311318999999999E-002   12.934753401508154        30.791745160951020        2.5000000000000000     
   8350.0051999999996        1.0891789000000001E-002   13.983849507089396        30.709813024622797        1.5000000000000000     
   2650.0052000000001        1.2936141999999999E-002   14.579213816623049        30.296263095255593        2.5000000000000000     
   620.00521000000003        1.2922982000000000E-002   13.414845408805762        29.857542518914997        2.0000000000000000     
   1500.0052000000001        1.2303244000000000E-002   12.951783335014703        29.767876804735202        2.5000000000000000     
   3900.0052000000001        1.2889077000000001E-002   14.617360595756695        29.289801142516886        2.5000000000000000     
   600.00521000000003        1.2674621000000000E-002   13.154036733196797        29.269183602186750       0.50000000000000000     
   740.00521000000003        1.2285348999999999E-002   12.967959480611704        28.663291445786815        1.0000000000000000     
   1800.0052000000001        1.2939340000000001E-002   14.503150302063128        28.387997477550378        2.5000000000000000     
   1400.0052000000001        1.3021787999999999E-002   14.294852767686676        28.274723042885334        2.5000000000000000     
   800.00521000000003        1.2608909000000000E-002   13.133631545147415        28.034111655202210        1.5000000000000000     
   500.00520999999998        1.0965533000000000E-002   14.225750643692637        28.027134494123171       0.50000000000000000     
   300.00520999999998        1.1619131000000000E-002   13.014375696609601        27.912911024307373       0.50000000000000000     
   720.00521000000003        1.2324671000000001E-002   12.997284939939611        27.771218131859076        2.0000000000000000     
   2200.0052000000001        1.1053159000000000E-002   14.454055123008706        27.566849329065352        1.5000000000000000     
   1550.0052000000001        1.2947388000000001E-002   14.444119016020380        27.369644060109771        2.5000000000000000     
   8300.0051999999996        1.1104095000000000E-002   14.536860161275298        27.271615843825657        1.5000000000000000     
   6050.0051999999996        1.2846582000000000E-002   14.611098880630339        27.253573742825122        2.5000000000000000     
   9550.0051999999996        1.0972088000000000E-002   14.118099872833374        26.763767816891750        1.5000000000000000     
   640.00521000000003        1.2818213000000000E-002   13.369495034528390        26.675226170761082        2.0000000000000000     
   3750.0052000000001        1.1453924000000001E-002   13.135327937950199        26.146419136244926        2.0000000000000000     
   6600.0051999999996        1.2836699000000000E-002   14.584723660596183        26.049175026070102        2.5000000000000000     
   720.00521000000003        1.2659235000000000E-002   13.224512891946967        25.899276100407558       0.50000000000000000     
   5000.0051999999996        1.2836530000000001E-002   14.579013021638310        25.875963637282538        2.5000000000000000     
   780.00521000000003        1.2390152000000000E-002   14.932592940535741        25.548703940296733       0.50000000000000000     
   10900.004999999999        1.1030211999999999E-002   14.224286477344229        24.769830872044690        1.5000000000000000     
   860.00521000000003        1.2440058000000000E-002   14.891532854216527        24.712046490193412       0.50000000000000000     
   820.00521000000003        1.2692202000000000E-002   13.287350627017066        24.675318667241537        1.5000000000000000     
   9200.0051999999996        1.1022774000000001E-002   14.157525064733960        24.494621215127392        1.5000000000000000     
   660.00521000000003        1.2707006999999999E-002   13.307702333303585        24.478374208343929        2.0000000000000000     
   700.00521000000003        1.2461480000000000E-002   13.124817171620805        24.472719035567629        2.0000000000000000     
   6650.0051999999996        1.2831653000000000E-002   14.521568178780322        24.092002609073219        2.5000000000000000     
   4350.0051999999996        1.2825949000000000E-002   14.529333516601287        24.059643712882028        2.5000000000000000     
   980.00521000000003        1.1055395000000001E-002   14.250792672358946        23.879390343529337        1.0000000000000000     
   680.00521000000003        1.2588464000000001E-002   13.227102251288198        23.591520223819224        2.0000000000000000     
   1650.0052000000001        1.1191799000000001E-002   14.536470204934922        23.524729040216954        1.5000000000000000     
   2300.0052000000001        1.2210110999999999E-002   14.943355484266000        23.351654443113638        2.0000000000000000     
   320.00520999999998        1.1564636000000000E-002   13.141374084074970        23.169506589978443       0.50000000000000000     
   480.00520999999998        1.1044628000000001E-002   14.114869689700607        23.148268742948890       0.50000000000000000     
   980.00521000000003        1.1506728000000001E-002   13.178296875461148        22.962832075798111        1.5000000000000000     
   3150.0052000000001        1.2214381000000000E-002   14.930468653870831        22.793277637930927        2.0000000000000000     
   1950.0052000000001        1.2270800000000000E-002   13.089134145258670        22.575230607811008        2.5000000000000000     
   820.00521000000003        1.2515762999999999E-002   13.218844136832935        21.905398749595037        1.5000000000000000     
   620.00521000000003        1.2645274999999999E-002   13.352931403883703        20.876940056600684       0.50000000000000000     
   5500.0051999999996        1.2784349000000000E-002   14.462697518032224        20.732309292413003        2.5000000000000000     
   9650.0051999999996        1.2866999000000000E-002   14.268787835509853        20.598355058609584        2.5000000000000000     
   7050.0051999999996        1.2786909000000001E-002   14.423241810569875        19.958985761069691        2.5000000000000000     
   1700.0052000000001        1.2274998000000001E-002   14.841643930901375        19.599709728426319        2.0000000000000000     
   6900.0051999999996        1.1503914000000001E-002   13.266926260399526        19.587460587655677        2.0000000000000000     
   760.00521000000003        1.2211121000000000E-002   13.141744790920004        19.529351521336704        1.0000000000000000     
   340.00520999999998        1.1508231000000001E-002   13.267810465755677        19.448456491486745       0.50000000000000000     
   460.00520999999998        1.1119868000000000E-002   14.000451319164078        19.365814506267540       0.50000000000000000     
   6100.0051999999996        1.2257262999999999E-002   13.163636181022715        19.142216784008028        2.5000000000000000     
   2350.0052000000001        1.2798472000000000E-002   14.355077176136865        19.090934106299404        2.5000000000000000     
   840.00521000000003        1.2603392000000000E-002   13.382540264937624        18.633460927998364        1.5000000000000000     
   760.00521000000003        1.2424213000000000E-002   14.737285431038718        18.088661727072125       0.50000000000000000     
   1950.0052000000001        1.2288779999999999E-002   13.208872281642217        17.731923517865923        2.5000000000000000     
   2400.0052000000001        1.2322148000000000E-002   13.222626292916646        17.702230040051308        2.5000000000000000     
   960.00521000000003        1.1201312000000000E-002   14.253724409955607        17.556965696557821        1.0000000000000000     
   8100.0051999999996        1.2802851000000001E-002   14.210725139304911        17.224371094477576        2.5000000000000000     
   740.00521000000003        1.2629596999999999E-002   13.465208298637254        17.059863943983977       0.50000000000000000     
   840.00521000000003        1.2417436000000000E-002   13.290197575034416        16.951807259300672        1.5000000000000000     
   1650.0052000000001        1.2794751000000000E-002   14.198855870610924        16.779321000288139        2.5000000000000000     
   7100.0051999999996        1.2305465000000000E-002   13.239981109736831        16.773439182038548        2.5000000000000000     
   360.00520999999998        1.1449768000000001E-002   13.393486048505681        16.765360787866957       0.50000000000000000     
   440.00520999999998        1.1191629999999999E-002   13.883096750384919        16.678211481973982       0.50000000000000000     
   6050.0051999999996        1.2740605000000000E-002   14.342257620979810        16.640901734126125        2.5000000000000000     
   840.00521000000003        1.2473134000000000E-002   14.656637660728927        16.375719947593673       0.50000000000000000     
   960.00521000000003        1.1670692000000000E-002   13.287842029396343        15.390318108063671        1.5000000000000000     
   6850.0051999999996        1.2089766000000000E-002   14.775252667309484        15.226865385547445        2.0000000000000000     
   380.00520999999998        1.1389078000000000E-002   13.518158206392680        15.134930402210429       0.50000000000000000     
   420.00520999999998        1.1260238000000001E-002   13.763315172620128        15.081688753390203       0.50000000000000000     
   1900.0052000000001        1.2733802000000001E-002   14.233909245209169        14.829473394332338        2.5000000000000000     
   400.00520999999998        1.1325973000000000E-002   13.641543367932258        14.570089323170221       0.50000000000000000     
   640.00521000000003        1.2615408999999999E-002   13.551750261389772        14.491401964799532       0.50000000000000000     
   5550.0051999999996        1.2313934000000000E-002   13.313835120149175        14.234419741112406        2.5000000000000000     
   1450.0052000000001        1.2698592999999999E-002   13.721201839109494        14.144015412647519        2.5000000000000000     
   8550.0051999999996        1.2493491000000001E-002   13.433329388510582        14.116223793528551        2.5000000000000000     
   860.00521000000003        1.2509922999999999E-002   13.464621670279120        13.666285661471742        1.5000000000000000     
   1700.0052000000001        1.2405110000000000E-002   13.388157078416247        13.461646748183334        2.5000000000000000     
   1900.0052000000001        1.2719792000000001E-002   14.116275794046246        13.290515232969934        2.5000000000000000     
   9500.0051999999996        1.2604558000000000E-002   13.592630375981019        13.286009986444954        2.5000000000000000     
   860.00521000000003        1.2313285000000000E-002   13.345776684641164        13.153890744682474        1.5000000000000000     
   12000.004999999999        1.2715536000000000E-002   13.949492342776418        12.863570413154706        2.5000000000000000     
   740.00521000000003        1.2457609999999999E-002   14.541126347902098        12.555615958683536       0.50000000000000000     
   780.00521000000003        1.2133510000000000E-002   13.308443658722132        12.401876997731424        1.0000000000000000     
   6700.0051999999996        1.2375659000000001E-002   13.404714376598577        12.387116356962229        2.5000000000000000     
   940.00521000000003        1.1335052000000000E-002   14.224740275463814        12.316601373847078        1.0000000000000000     
   4400.0051999999996        1.2368156999999999E-002   13.412430385307001        12.019440632965470        2.5000000000000000     
   9050.0051999999996        1.2217541000000000E-002   14.650111460427354        11.749224686380035        2.0000000000000000     
   760.00521000000003        1.2599430000000000E-002   13.705277787555044        11.154438074349324       0.50000000000000000     
   940.00521000000003        1.1820017000000000E-002   13.357027676178726        11.145181970128162        1.5000000000000000     
   2700.0052000000001        1.2504431000000000E-002   13.570318435226119        10.976922205529199        2.5000000000000000     
   3700.0052000000001        1.2051272999999999E-002   14.660632780234732        10.976614449392477        2.0000000000000000     
   820.00521000000003        1.2505588000000000E-002   14.420415503119569        10.809210716367847       0.50000000000000000     
   5050.0051999999996        1.2381600000000000E-002   13.467409171469006        10.731788738477029        2.5000000000000000     
   5250.0051999999996        1.2650878000000001E-002   14.064880026811734        10.696290251046131        2.5000000000000000     
   6650.0051999999996        1.2382690000000000E-002   13.473704305758737        10.585969825534789        2.5000000000000000     
   880.00521000000003        1.2202535000000000E-002   13.383306700191211        10.533276074810995        1.5000000000000000     
   1600.0052000000001        1.2602033000000000E-002   13.790682989396259        10.156434025588439        2.5000000000000000     
   3950.0052000000001        1.2448552999999999E-002   13.547993050693362        10.137752002676020        2.5000000000000000     
   1850.0052000000001        1.2562868000000000E-002   13.702814390820368        10.128492127561529        2.5000000000000000     
   2500.0052000000001        1.2630985000000001E-002   13.916536787335756        10.127704950036536        2.5000000000000000     
   660.00521000000003        1.2585003000000001E-002   13.750394574562783        10.113284846269098       0.50000000000000000     
   6100.0051999999996        1.2394588000000000E-002   13.506919978760498        9.9706899427595310        2.5000000000000000     
   3350.0052000000001        1.2626876000000000E-002   14.043271653171951        9.8711493785780977        2.5000000000000000     
   880.00521000000003        1.2411254000000000E-002   13.531904971926418        9.7060702459573047        1.5000000000000000     
   1000.0051999999999        1.1661843999999999E-002   13.481667667781558        9.5754471182372409        1.5000000000000000     
   5550.0051999999996        1.2611735000000001E-002   14.045054940779082        9.4062419190070177        2.5000000000000000     
   2050.0052000000001        1.2609169999999999E-002   13.943385137498243        9.3573337552379012        2.5000000000000000     
   920.00521000000003        1.1957229999999999E-002   13.392676517512562        9.2667768595187336        1.5000000000000000     
   900.00521000000003        1.2084242000000000E-002   13.400053228545596        9.1758208193546551        1.5000000000000000     
   10600.004999999999        1.2173435000000000E-002   14.579258243626029        9.1404950888397938        2.0000000000000000     
   720.00521000000003        1.2490365000000000E-002   14.344241014796729        8.9739929527650659       0.50000000000000000     
   5300.0051999999996        1.2018793000000000E-002   14.597175897609652        8.9243054731165579        2.0000000000000000     
   8300.0051999999996        1.2124742000000001E-002   14.580410517448296        8.8109231518771818        2.0000000000000000     
   2800.0052000000001        1.2556532000000000E-002   13.836244454200985        8.4135940163381697        2.5000000000000000     
   780.00521000000003        1.2568718000000000E-002   13.944592567273148        8.1627540843864868       0.50000000000000000     
   800.00521000000003        1.2537444000000000E-002   14.183018480849070        8.0585457765945048       0.50000000000000000     
   3200.0052000000001        1.2489468000000000E-002   13.712893341464783        8.0502291511797743        2.5000000000000000     
   920.00521000000003        1.1458591000000001E-002   14.169268433954604        8.0443880492602364        1.0000000000000000     
   680.00521000000003        1.2554041000000000E-002   13.948762695238051        7.7396676627756609       0.50000000000000000     
   6600.0051999999996        1.2521947000000000E-002   13.822663768796168        7.5969205633401513        2.5000000000000000     
   700.00521000000003        1.2522501000000000E-002   14.146748041990627        7.3635573995194807       0.50000000000000000     
   800.00521000000003        1.2052182000000000E-002   13.467068744719045        7.1684668913145533        1.0000000000000000     
   2350.0052000000001        1.1665804000000000E-002   13.582511229706025        7.1495960046506077        2.0000000000000000     
   900.00521000000003        1.2306741000000000E-002   13.582413561851613        6.7117118490850700        1.5000000000000000     
   3200.0052000000001        1.1685452000000001E-002   13.597853624904326        6.5165537871449892        2.0000000000000000     
   7950.0051999999996        1.2042710000000000E-002   14.482319396635871        5.8614034407595144        2.0000000000000000     
   980.00521000000003        1.1811725000000000E-002   13.561976115809388        5.6828098704841841        1.5000000000000000     
   8050.0051999999996        1.2047594999999999E-002   14.446818872321526        5.0478095713046072        2.0000000000000000     
   900.00521000000003        1.1573447000000001E-002   14.091541959030591        4.7581850253794027        1.0000000000000000     
   920.00521000000003        1.2195605000000000E-002   13.613806412850202        4.6851700067217710        1.5000000000000000     
   4500.0051999999996        1.1948271000000000E-002   14.404797571876971        4.1634239722562096        2.0000000000000000     
   960.00521000000003        1.1949433000000001E-002   13.607404665415242        3.9172028440611304        1.5000000000000000     
   820.00521000000003        1.1966749000000000E-002   13.616479346329527        3.7048429116280359        1.0000000000000000     
   940.00521000000003        1.2076895000000001E-002   13.623276268767169        3.6958401692039926        1.5000000000000000     
   6450.0051999999996        1.1928062000000000E-002   14.348123388798149        3.1591241580508398        2.0000000000000000     
   880.00521000000003        1.1680816000000000E-002   13.994918838908101        2.5476062300150923        1.0000000000000000     
   6050.0051999999996        1.1746529000000000E-002   13.807080959285861        2.5366326561986865        2.0000000000000000     
   5250.0051999999996        1.1909968000000000E-002   14.304202128724214        2.5161173449001368        2.0000000000000000     
   4550.0051999999996        1.1945315000000000E-002   14.307486907829420        2.4384661261208098        2.0000000000000000     
   840.00521000000003        1.1876754000000000E-002   13.755347173641834        1.8761145236165750        1.0000000000000000     
   860.00521000000003        1.1781658000000000E-002   13.882111412556533        1.5392737501971452        1.0000000000000000     
   2150.0052000000001        1.2000476000000000E-002   14.225480994065759        1.2710475936423524        2.0000000000000000     
   7300.0051999999996        1.1795257999999999E-002   13.923731552802190        1.1934041136637412        2.0000000000000000     
   2900.0052000000001        1.1874674999999999E-002   14.178410513774560        1.1884166723809353        2.0000000000000000     
   4400.0051999999996        1.1863054000000000E-002   14.150363982399028        1.0340883598156829        2.0000000000000000     
   4550.0051999999996        1.1847432000000000E-002   14.133650790796935        1.0284882287088488        2.0000000000000000     
   5250.0051999999996        1.1830270000000000E-002   14.093400893025374       0.93830002283665870        2.0000000000000000     
   1750.0052000000001        1.1843124999999999E-002   13.897556579713756       0.87761052288923025        2.0000000000000000     
   1750.0052000000001        1.1895156000000000E-002   14.150949929923883       0.84445363890821923        2.0000000000000000     
   7600.0051999999996        1.1883912999999999E-002   14.044310380086284       0.38599004936878589        2.0000000000000000     
   9350.0051999999996        1.1972674000000001E-002   14.094708202727684       0.24290884275797173        2.0000000000000000     
