  #time	ai	proti	chi2	massp                                                                                                                                                                              
   580.00521000000003        1.1807517999999999E-002   9.9905898042250243        99.987424319759157        2.0000000000000000     
   240.00521000000001        1.3129827000000000E-002   9.6497026618068045        99.950697642213470       0.50000000000000000     
   540.00521000000003        1.2149380000000000E-002   9.9930691760560819        99.865975192194668        2.0000000000000000     
   6800.0051999999996        1.0770119999999999E-002   9.5737882789718132        99.735359100940371        2.5000000000000000     
   560.00521000000003        1.0352045000000001E-002   9.1256732781709040        99.572402766520696        1.5000000000000000     
   400.00520999999998        1.3317073000000000E-002   9.4990691868251602        99.547243372227314        1.5000000000000000     
   120.00521000000001        1.3296369000000001E-002   6.4869226601803973        99.249390927917801        2.5000000000000000     
   100.00521000000001        1.3823412000000000E-002   8.7905557122469524        98.745245131727387       0.50000000000000000     
   1750.0052000000001        1.0642810000000001E-002   9.4483450545409937        98.491703091520208        2.5000000000000000     
   180.00521000000001        1.3877653000000000E-002   7.3711656405953185        98.025340157985411        1.5000000000000000     
   200.00521000000001        1.1557052000000000E-002   6.0701682897696898        98.011331485903540        3.0000000000000000     
   160.00521000000001        1.2344423000000000E-002   6.0539835514069020        97.640177856416187        2.0000000000000000     
   160.00521000000001        1.2766515000000001E-002   6.1794201426050748        97.551404832057173        1.0000000000000000     
   520.00521000000003        1.2297502000000000E-002   9.9498570707665124        97.261248189680487        2.0000000000000000     
   96.005206999999999        1.0927243999999999E-002   9.6550643117980233        97.251082205785025        1.0000000000000000     
   2250.0052000000001        1.0539081000000000E-002   6.6806217792568008        96.876081747173771        3.5000000000000000     
   600.00521000000003        1.1606141000000000E-002   9.9278253872431925        96.790888316432174        2.0000000000000000     
   160.00521000000001        1.2304630000000000E-002   6.0587565078482317        96.530640627559052        2.5000000000000000     
   560.00521000000003        1.1341673000000000E-002   9.8499318300380487        96.391053365573100        2.5000000000000000     
   2050.0052000000001        1.0684954999999999E-002   9.4557004683816981        96.210180747311327        2.5000000000000000     
   5400.0051999999996        1.0045238000000000E-002   7.9453483673427092        95.602036764125870        2.5000000000000000     
   2650.0052000000001        1.2126286000000000E-002   9.9426615901763569        94.747052401907567        3.5000000000000000     
   380.00520999999998        1.0563311000000001E-002   6.6913126142648176        94.418450238698000        2.5000000000000000     
   500.00520999999998        1.2433848000000001E-002   9.8846949476546300        93.507475911717179        2.0000000000000000     
   88.005206999999999        1.3284822999999999E-002   6.5594545371130248        93.148534838306318       0.50000000000000000     
   140.00521000000001        1.2791100999999999E-002   9.7598750082916688        93.075019408204426        3.0000000000000000     
   420.00520999999998        1.3049708000000000E-002   9.6145660103143822        92.717756622728047       0.50000000000000000     
   400.00520999999998        1.3215495000000001E-002   9.4911813814105308        92.526250391681828        1.0000000000000000     
   480.00520999999998        1.1697112000000001E-002   9.8950352570988613        92.072491595050877       0.50000000000000000     
   900.00521000000003        1.2335053000000000E-002   9.8892793197832471        92.040919006645623        3.5000000000000000     
   98.005207999999996        1.3825239000000000E-002   8.5824434202137976        91.768447577065174       0.50000000000000000     
   88.005207999999996        1.3663267999999999E-002   7.0527110976071086        91.595420436269237        1.5000000000000000     
   620.00521000000003        1.1376503000000000E-002   9.8063278741220774        91.289220506024733        2.0000000000000000     
   140.00521000000001        1.3060159000000000E-002   6.4137212259314529        91.005435903412433        2.5000000000000000     
   660.00521000000003        1.0113759000000000E-002   8.2859389538974639        90.991659319020002        2.0000000000000000     
   10200.004999999999        1.2172362000000001E-002   9.8999635869608777        90.989254618499857        3.5000000000000000     
   500.00520999999998        1.3221233000000001E-002   9.4585939500543432        90.472659084304482        3.5000000000000000     
   160.00521000000001        1.3275303000000000E-002   6.5900789727992235        90.356876692026589        2.0000000000000000     
   2000.0052000000001        1.0102823000000000E-002   8.1215649518999875        90.351469706749569        2.5000000000000000     
   88.005207999999996        1.3834816999999999E-002   7.5069138588205924        90.242188223970786       0.50000000000000000     
   380.00520999999998        1.3376094999999999E-002   9.3099121733564960        90.237684886756099        1.5000000000000000     
   680.00521000000003        1.0753156999999999E-002   6.5667791263176545        90.218488918401633        3.5000000000000000     
   220.00521000000001        1.0973744000000001E-002   6.4015149711880319        90.208893548366902        2.5000000000000000     
   160.00521000000001        1.3054952000000000E-002   6.4206489626871441        90.181835081435480        1.5000000000000000     
   100.00521000000001        1.3341152000000000E-002   6.6728727900316835        88.998883923246311        3.0000000000000000     
   480.00520999999998        1.2560226000000001E-002   9.8016320755300246        88.993280644427927        2.0000000000000000     
   180.00521000000001        1.2474354999999999E-002   9.8244056748066448        88.836716111614166        3.0000000000000000     
   200.00521000000001        1.3833524000000000E-002   7.5680988384968222        88.708725904436406        1.5000000000000000     
   2050.0052000000001        1.0636965999999999E-002   9.2931941195107992        88.255318998011035        2.5000000000000000     
   5650.0051999999996        1.0605534999999999E-002   9.2560071055363409        88.052163415351714        2.5000000000000000     
   94.005207999999996        1.2080776999999999E-002   9.8740039100004573        87.960386852329336       0.50000000000000000     
   7700.0051999999996        1.1545198000000000E-002   9.8125986346052816        87.308964547791845        3.0000000000000000     
   840.00521000000003        1.2494208999999999E-002   9.7975199434483038        86.883009970548471        3.5000000000000000     
   220.00521000000001        1.3151782000000001E-002   9.4650308422405320        86.822928682509627       0.50000000000000000     
   520.00521000000003        1.0162170999999999E-002   7.7100678712994437        86.541906016003225        2.0000000000000000     
   96.005207999999996        1.3827060000000000E-002   8.3495066410873324        86.507582519527318       0.50000000000000000     
   9600.0051999999996        1.0836115000000000E-002   9.4449794044541040        86.064844468422464        2.5000000000000000     
   180.00521000000001        1.3816917999999999E-002   7.6319461106546100        85.916371173483469        2.0000000000000000     
   1800.0052000000001        1.1984404000000001E-002   9.8511852775795727        85.678251625661559        3.5000000000000000     
   3700.0052000000001        1.1456707999999999E-002   9.7681370801694545        85.536871331898936        3.0000000000000000     
   540.00521000000003        1.0673564000000000E-002   9.2881636304504838        85.469951008810838        1.5000000000000000     
   180.00521000000001        1.1847108000000000E-002   6.1579429486009376        85.413751108239808        3.0000000000000000     
   160.00521000000001        1.2653429000000001E-002   9.7276461118846136        85.293261964263138        3.0000000000000000     
   320.00520999999998        1.0390096999999999E-002   7.0972311497949141        85.169484324227653        1.5000000000000000     
   90.005207999999996        1.3832662000000001E-002   7.8224490768992707        84.754362632292569       0.50000000000000000     
   160.00521000000001        1.3486784000000000E-002   9.0825077964934700        84.558746722182548        1.5000000000000000     
   92.005207999999996        1.3830683999999999E-002   7.8327255984278024        84.484620044265426       0.50000000000000000     
   180.00521000000001        1.3625460000000001E-002   7.1418889617965142        84.461871925818414        1.0000000000000000     
   340.00520999999998        1.0225082999999999E-002   7.5255321135695894        84.386257115043406        1.0000000000000000     
   640.00521000000003        1.1108585000000001E-002   9.6040475365245328        84.189729128065068        2.0000000000000000     
   460.00520999999998        1.2678050000000000E-002   9.7038294634653077        84.069664494597887        2.0000000000000000     
   200.00521000000001        1.1400852000000000E-002   6.2674817844511761        84.014940544859172        1.0000000000000000     
   78.005207999999996        1.2509990000000000E-002   6.2401983653712785        83.924787854697485        1.0000000000000000     
   800.00521000000003        1.2053039999999999E-002   9.8311587515392880        83.898887878740808        3.0000000000000000     
   94.005207999999996        1.3828874999999999E-002   8.0965623547174239        83.852705567209512       0.50000000000000000     
   2650.0052000000001        1.1503980000000000E-002   9.7625996070445904        83.819828374898435        3.0000000000000000     
   140.00521000000001        1.3531364000000001E-002   8.9973877467886290        83.496452669411781        1.5000000000000000     
   260.00520999999998        1.1134010000000000E-002   6.3914934950155118        83.430795436504013        2.5000000000000000     
   180.00521000000001        1.3717793000000001E-002   7.3793670764826889        83.399953855270979        2.0000000000000000     
   480.00520999999998        1.1602032999999999E-002   9.7796675105100253        83.139852366636617        1.0000000000000000     
   720.00521000000003        1.2632502000000000E-002   9.7068747459017839        82.837002789680696        3.5000000000000000     
   2500.0052000000001        1.0569481000000000E-002   9.1245592942765352        82.775457035194293        2.5000000000000000     
   360.00520999999998        1.3433207000000001E-002   9.1194754532139726        82.682691540739484        1.5000000000000000     
   7350.0051999999996        1.0632107999999999E-002   6.8084289825268600        82.274251639219273        3.5000000000000000     
   140.00521000000001        1.3213908999999999E-002   6.6530853748459959        82.193852202982001        2.5000000000000000     
   76.005206000000001        1.3268655000000001E-002   6.7060728336414490        82.093326307181457        3.0000000000000000     
   68.005207999999996        1.2157766000000000E-002   6.2020662457156046        81.436395011769250       0.50000000000000000     
   220.00521000000001        1.3788229000000001E-002   7.7623631707119172        81.355859473917505        1.5000000000000000     
   680.00521000000003        1.0375966000000000E-002   8.7817648687540828        81.216071455430992        2.0000000000000000     
   70.005206999999999        1.1211766999999999E-002   6.3845718841240986        80.772980336756888        1.0000000000000000     
   160.00521000000001        1.2966267000000000E-002   6.4849836258024869        80.723662703603523        2.5000000000000000     
   72.005206000000001        1.1299709999999999E-002   6.3485349344795230        80.443572255774612        1.5000000000000000     
   380.00520999999998        1.3257196000000001E-002   9.2762947255975678        80.236751007850486        1.0000000000000000     
   120.00521000000001        1.2167368000000000E-002   6.2176880779409762        80.116193542047426        2.5000000000000000     
   6200.0051999999996        1.0444939000000000E-002   8.8811407439378964        79.865595584703158        2.5000000000000000     
   440.00520999999998        1.2788447999999999E-002   9.5938022658225055        79.046396673733454        2.0000000000000000     
   90.005207999999996        1.3656224000000000E-002   7.3580564625032769        78.879239245512039        1.5000000000000000     
   7200.0051999999996        1.0491834000000000E-002   8.9369616102266605        78.811545783796106        2.5000000000000000     
   320.00520999999998        1.0652093000000000E-002   6.8493132015622313        78.523336027061362        2.0000000000000000     
   94.005206999999999        1.0946762000000001E-002   9.4230827836818101        78.361872238700855        1.0000000000000000     
   660.00521000000003        1.0785614000000001E-002   9.2846737873066107        78.128003052828817        2.0000000000000000     
   200.00521000000001        1.3755656000000000E-002   7.7975542458279854        78.082810705729045        2.0000000000000000     
   92.005207999999996        1.3649745000000000E-002   7.3761613129105239        77.770834961149291        1.5000000000000000     
   340.00520999999998        1.3488529000000001E-002   8.9280498238861998        76.924878643392304        1.5000000000000000     
   520.00521000000003        1.3066886000000000E-002   9.3895556829326843        76.727768323281808        3.5000000000000000     
   120.00521000000001        1.3574856999999999E-002   8.7662198882781190        76.681689886354050        1.5000000000000000     
   360.00520999999998        1.2625457000000000E-002   9.6343918427241579        76.560827364203035        3.5000000000000000     
   400.00520999999998        1.3072643000000000E-002   9.3785224385412675        76.272178012700664       0.50000000000000000     
   1600.0052000000001        1.1967870000000000E-002   9.7429252701783344        75.970518596130702        3.5000000000000000     
   120.00521000000001        1.2919042000000000E-002   9.4809073920778353        75.943121974760317        3.0000000000000000     
   180.00521000000001        1.3304302000000000E-002   6.8448539406693705        75.889154294400726       0.50000000000000000     
   240.00521000000001        1.3741715000000000E-002   7.9561873977210746        75.887270963878862        1.5000000000000000     
   200.00521000000001        1.3173446000000000E-002   9.2819191281150406        75.507304663480781       0.50000000000000000     
   160.00521000000001        1.2231654999999999E-002   9.7211902517759139        75.403995906387820        1.0000000000000000     
   3850.0052000000001        1.1387674000000000E-002   9.6249600306281717        75.385954291648616        3.0000000000000000     
   180.00521000000001        1.1829632000000000E-002   6.2765419533544273        74.983320172894722        1.5000000000000000     
   3200.0052000000001        1.1985859000000000E-002   9.7277767557332808        74.635309914426529        3.5000000000000000     
   180.00521000000001        1.2312066000000000E-002   6.3012841079157447        74.575519732431943       0.50000000000000000     
   940.00521000000003        1.0706962000000000E-002   6.8561031666589782        74.511182006229106        3.5000000000000000     
   420.00520999999998        1.2892331999999999E-002   9.4735846748133561        74.192704189618411        2.0000000000000000     
   560.00521000000003        1.1706182000000001E-002   9.6947408700439901        73.961888812163295        2.0000000000000000     
   520.00521000000003        1.0938382999999999E-002   9.3503452884378468        73.761576382378877        1.5000000000000000     
   300.00520999999998        1.0553307000000000E-002   7.0753605536174797        73.696970557977195        3.0000000000000000     
   200.00521000000001        1.3592135999999999E-002   7.3575419055101383        73.691239036108428        1.0000000000000000     
   540.00521000000003        1.1895993000000001E-002   9.7135631690810911        73.677902587956410        2.0000000000000000     
   90.005206999999999        1.3281981000000000E-002   6.8612981858790745        73.502928755892697       0.50000000000000000     
   200.00521000000001        1.3653462000000000E-002   7.5516465236937469        73.373938932477827        2.0000000000000000     
   320.00520999999998        1.3542168000000000E-002   8.7358256208177387        72.993039712514658        1.5000000000000000     
   3850.0052000000001        1.0385871000000000E-002   7.4495163939453164        72.711118794535494        3.0000000000000000     
   340.00520999999998        1.0748595000000000E-002   6.8417216861092287        72.690579139832664        3.0000000000000000     
   92.005206999999999        1.3279272000000000E-002   6.8735408712891317        72.636176587709457       0.50000000000000000     
   580.00521000000003        1.1491627000000001E-002   9.6268327577483408        72.625696574883591        2.0000000000000000     
   160.00521000000001        1.3127402999999999E-002   6.7262630206597640        72.336085820363593        2.5000000000000000     
   260.00520999999998        1.3693920000000000E-002   8.1521351688121264        72.312755506805843        1.5000000000000000     
   3000.0052000000001        1.1379212000000000E-002   9.5823582095242550        72.230879726074050        3.0000000000000000     
   520.00521000000003        1.2066410000000000E-002   9.6949751928754822        71.933777679144896        2.0000000000000000     
   220.00521000000001        1.3692226000000000E-002   7.9625157252963987        71.625851264172098        2.0000000000000000     
   8650.0051999999996        1.0546979999999999E-002   8.8655883338529105        71.512759211081644        2.5000000000000000     
   160.00521000000001        1.1479947000000001E-002   6.3918979764356623        71.411179439917262        3.5000000000000000     
   220.00521000000001        1.1279591000000000E-002   6.4736042192571892        71.221829088400924        1.0000000000000000     
   1250.0052000000001        1.0659040000000000E-002   6.9762299404175829        71.156972902820058        3.5000000000000000     
   960.00521000000003        1.2247127000000000E-002   9.6683623986703218        71.112619188970640        3.5000000000000000     
   7300.0051999999996        1.1995518000000000E-002   9.6862161516483685        71.083622841679130        3.5000000000000000     
   94.005207999999996        1.3643804000000001E-002   7.6327650079613605        70.923831557389732        1.5000000000000000     
   300.00520999999998        1.3594222000000000E-002   8.5427756480752439        70.903732726429283        1.5000000000000000     
   280.00520999999998        1.3644780000000000E-002   8.3482963418854848        70.665293080970045        1.5000000000000000     
   360.00520999999998        1.3297896000000000E-002   9.0617342752632677        70.295343739977142        1.0000000000000000     
   600.00521000000003        1.1244308000000000E-002   9.4924242317373402        69.960011220352186        2.0000000000000000     
   3800.0052000000001        1.1385307000000001E-002   9.5534150810198977        69.773646134089518        3.0000000000000000     
   460.00520999999998        1.1746743000000000E-002   9.6511257048337953        69.758878080122727       0.50000000000000000     
   400.00520999999998        1.2990455000000000E-002   9.3448445765155483        69.740200941798619        2.0000000000000000     
   980.00521000000003        1.2165297000000000E-002   9.6611203325273092        69.666094412273793        3.5000000000000000     
   640.00521000000003        1.0590071000000000E-002   8.8932493775490578        69.644857804770567        2.0000000000000000     
   500.00520999999998        1.2221190000000000E-002   9.6471836550691563        69.053473280970223        2.0000000000000000     
   140.00521000000001        1.2291168000000000E-002   9.6353404195817181        68.977925418090109        1.0000000000000000     
   100.00521000000001        1.3625773000000001E-002   8.3047696860186893        68.400563495482942        1.5000000000000000     
   320.00520999999998        1.0461651000000001E-002   7.3934689967350584        68.359940308135862        1.0000000000000000     
   100.00521000000001        1.0863861000000001E-002   9.1900860356061660        67.677915561848266        1.5000000000000000     
   1350.0052000000001        1.1343504000000001E-002   9.5078643029547578        67.616042703908548        3.0000000000000000     
   96.005207999999996        1.3637827999999999E-002   7.8782335729002808        67.432693886026740        1.5000000000000000     
   620.00521000000003        1.0951364999999999E-002   9.2638640222252686        67.424690946347084        2.0000000000000000     
   180.00521000000001        1.2134117000000000E-002   6.3703276422609294        66.845482125666521        2.5000000000000000     
   98.005207999999996        1.3631815000000000E-002   8.1037676344368244        66.839701259942714        1.5000000000000000     
   240.00521000000001        1.1447493000000000E-002   6.4627022888943175        66.713704565291195        2.5000000000000000     
   240.00521000000001        1.3626477999999999E-002   8.1266580266168571        66.536826834269561        2.0000000000000000     
   180.00521000000001        1.3194823000000000E-002   9.1024441428213443        66.074628131934304       0.50000000000000000     
   380.00520999999998        1.3083440999999999E-002   9.2089643540121049        65.885980637539888        2.0000000000000000     
   140.00521000000001        1.2008418000000000E-002   6.3819412885978126        65.454619456155299        2.5000000000000000     
   480.00520999999998        1.2363076000000001E-002   9.5761747732181259        65.403775753170478        2.0000000000000000     
   580.00521000000003        1.0990773000000001E-002   9.2637156862258561        65.387911925239521        2.5000000000000000     
   220.00521000000001        1.3558103000000000E-002   7.5688074326964445        65.340302645568485        1.0000000000000000     
   460.00520999999998        1.1705503000000001E-002   9.5889222311734983        65.285056721677918        1.0000000000000000     
   3250.0052000000001        1.0710989000000001E-002   7.0291828207007931        65.100885240093362        3.5000000000000000     
   220.00521000000001        1.3586713000000000E-002   7.7223827937794907        64.868239561614246        2.0000000000000000     
   160.00521000000001        1.1832541000000000E-002   6.4030480776963410        64.457447106091138        2.5000000000000000     
   200.00521000000001        1.1317680000000000E-002   6.5468946988083196        64.426888983635351        2.5000000000000000     
   300.00520999999998        1.0698465000000001E-002   7.0831809746713548        63.363763549168965        1.5000000000000000     
   92.005207999999996        1.2085591999999999E-002   9.5896409517979677        63.357106778951568       0.50000000000000000     
   78.005206000000001        1.3247823000000001E-002   7.0148334343430543        63.190386279049221        3.0000000000000000     
   260.00520999999998        1.3558235000000000E-002   8.2915502249364277        62.827449225749675        2.0000000000000000     
   500.00520999999998        1.1164264000000000E-002   9.3467441801425295        62.804363241990245        1.5000000000000000     
   360.00520999999998        1.3171819000000000E-002   9.0670948700811511        62.796281648918189        2.0000000000000000     
   180.00521000000001        1.2212946000000001E-002   6.4298637778326508        62.766842097413424        2.0000000000000000     
   340.00520999999998        1.3337639000000000E-002   8.8476311446624294        62.693918017808684        1.0000000000000000     
   380.00520999999998        1.3095244000000001E-002   9.1436161705523631        62.685434667862282       0.50000000000000000     
   200.00521000000001        1.3284709000000000E-002   7.0769868914147409        62.560761782504159       0.50000000000000000     
   200.00521000000001        1.1689237000000000E-002   6.4510283140144082        62.397171488206283        1.5000000000000000     
   240.00521000000001        1.1147824000000001E-002   6.6743077019870904        62.091599707531699        1.0000000000000000     
   2850.0052000000001        1.1304763000000001E-002   9.4108756779091305        61.848115744551471        3.0000000000000000     
   540.00521000000003        1.2898420000000001E-002   9.2897407248099757        61.764740621008286        3.5000000000000000     
   200.00521000000001        1.2271232000000000E-002   9.5463572885792196        61.619689855476246        3.0000000000000000     
   200.00521000000001        1.1935441000000000E-002   6.4321078977954524        61.561335889608856        2.5000000000000000     
   400.00520999999998        1.0745045000000000E-002   7.0593759764279849        61.492141473718860        2.5000000000000000     
   2200.0052000000001        1.1918810000000000E-002   9.5654964939677480        61.434275400486143        3.5000000000000000     
   460.00520999999998        1.2494134000000000E-002   9.4864478549474907        61.342389548034532        2.0000000000000000     
   2200.0052000000001        1.0485819000000000E-002   7.6220438759899531        60.889876100489772        3.0000000000000000     
   92.005206999999999        1.0966013000000000E-002   9.1687128745712752        60.875472816697879        1.0000000000000000     
   220.00521000000001        1.1709626000000001E-002   6.4684081307482924        60.752266204612376        2.5000000000000000     
   340.00520999999998        1.3256034999999999E-002   8.9201846243627134        60.609092965300079        2.0000000000000000     
   280.00520999999998        1.3487304000000000E-002   8.4547259588184698        60.471224791008083        2.0000000000000000     
   98.005206000000001        1.0894147000000000E-002   9.0903086940562261        60.292098307551328        1.5000000000000000     
   180.00521000000001        1.3197670999999999E-002   7.0134715881060652        60.191354379574804        2.0000000000000000     
   880.00521000000003        1.0563724000000000E-002   7.4145461355715918        60.141126739028415        3.0000000000000000     
   80.005206000000001        1.3228749999999999E-002   7.0539958539694503        60.118761410475898        3.0000000000000000     
   120.00521000000001        1.2024999000000000E-002   6.4495499384957373        60.113006790237080        3.5000000000000000     
   74.005206000000001        1.1266917000000000E-002   6.6374556873011556        59.848441519510615        1.5000000000000000     
   6050.0051999999996        1.1269879000000000E-002   9.3614958300367483        59.668688538451462        3.0000000000000000     
   320.00520999999998        1.3336473999999999E-002   8.7689694821999780        59.436922246322595        2.0000000000000000     
   300.00520999999998        1.3413467000000000E-002   8.6138827419629518        59.368526766993263        2.0000000000000000     
   180.00521000000001        1.2716066999999999E-002   6.6361201428000687        59.323004595844473        1.0000000000000000     
   72.005206999999999        1.1188725000000000E-002   6.6906483592141468        59.314220675346405        1.0000000000000000     
   240.00521000000001        1.3523340999999999E-002   7.7794953332748333        59.229755653111710        1.0000000000000000     
   300.00520999999998        1.0665084999999999E-002   7.2355020593693711        59.161380776735356        1.0000000000000000     
   1900.0052000000001        1.0490918000000000E-002   7.7091793461168887        59.047631199718438        3.0000000000000000     
   600.00521000000003        1.0538357999999999E-002   8.4587735355552844        58.671764868929650        2.5000000000000000     
   94.005206999999999        1.3276888000000001E-002   7.1606625111138555        58.373261154381225       0.50000000000000000     
   240.00521000000001        1.3517362999999999E-002   7.8919292669038645        57.851746827485478        2.0000000000000000     
   90.005207999999996        1.2090419000000000E-002   9.5137475956331699        57.490182774232032       0.50000000000000000     
   320.00520999999998        1.3376467000000000E-002   8.6340345610901128        57.416532762288782        1.0000000000000000     
   440.00520999999998        1.2615961000000000E-002   9.3814695641497803        57.196651812150058        2.0000000000000000     
   180.00521000000001        1.2989861000000000E-002   6.8629402860947533        56.818240082015777        1.5000000000000000     
   260.00520999999998        1.1003496000000000E-002   6.8705978131440197        56.714238346208603        1.0000000000000000     
   80.005207999999996        1.2499501999999999E-002   6.5810194764596508        56.575198169740283        1.0000000000000000     
   1550.0052000000001        1.0516318000000000E-002   7.7784136844067149        56.260322053463845        3.0000000000000000     
   740.00521000000003        1.2413988000000001E-002   9.4382217291149217        55.996693831397756        3.5000000000000000     
   70.005207999999996        1.2151370000000000E-002   6.5118284291827058        55.939185906115476       0.50000000000000000     
   860.00521000000003        1.2256657000000001E-002   9.4686814049238439        55.572445596547396        3.5000000000000000     
   280.00520999999998        1.0843856000000001E-002   7.0594630077529850        55.531970592295806        1.0000000000000000     
   260.00520999999998        1.3487824000000001E-002   7.9928094736344981        55.341801762134502        1.0000000000000000     
   200.00521000000001        1.2278064000000000E-002   6.5431065088361180        54.996454333540477       0.50000000000000000     
   300.00520999999998        1.3414417000000000E-002   8.4207865046799331        54.440920705262343        1.0000000000000000     
   820.00521000000003        1.1787370000000000E-002   9.4572336320285313        54.218532855330579        3.0000000000000000     
   280.00520999999998        1.3451525000000001E-002   8.2071486303620063        53.745887146445547        1.0000000000000000     
   300.00520999999998        1.0993068999999999E-002   6.9352191032779036        53.691710355593202        2.0000000000000000     
   100.00521000000001        1.3057286000000000E-002   9.0129021750099731        53.595613195958521        3.0000000000000000     
   220.00521000000001        1.1535200000000001E-002   6.6136782757299821        53.448172920537090        1.5000000000000000     
   420.00520999999998        1.2729819999999999E-002   9.2639666919279211        53.256225250044196        2.0000000000000000     
   1050.0052000000001        1.0808863000000000E-002   7.1680184359510228        52.775018168539852        3.5000000000000000     
   98.005206000000001        1.3073671000000000E-002   8.9755960974039102        52.613929784701675        3.0000000000000000     
   920.00521000000003        1.2073209999999999E-002   9.4473326653470835        52.503287153060583        3.5000000000000000     
   260.00520999999998        1.3445205999999999E-002   8.0618120329018286        52.311030381489232        2.0000000000000000     
   480.00520999999998        1.1361641000000000E-002   9.2973948353451501        52.268388552143776        1.5000000000000000     
   4900.0051999999996        1.1861549000000001E-002   9.4376792350843139        52.152255044075972        3.5000000000000000     
   220.00521000000001        1.3264832000000001E-002   7.3031188963728839        52.136083179298709       0.50000000000000000     
   360.00520999999998        1.3117518000000000E-002   8.9099389665738791        51.920886040864488       0.50000000000000000     
   280.00520999999998        1.0954014000000000E-002   7.0100256999231805        51.853396326969083        1.5000000000000000     
   140.00521000000001        1.1774806000000001E-002   6.5791874707244604        51.735513084559152        3.5000000000000000     
   180.00521000000001        1.1600437999999999E-002   6.6223726323005021        51.437672689607119        2.5000000000000000     
   200.00521000000001        1.2063295999999999E-002   6.5676485474234880        51.390925159327630        2.0000000000000000     
   180.00521000000001        1.2850133999999999E-002   6.8537123909270479        50.917577450648778        2.5000000000000000     
   440.00520999999998        1.1794835000000000E-002   9.4074284756955837        50.573688362910502       0.50000000000000000     
   5050.0051999999996        1.0592203000000000E-002   7.8303004484289831        50.267260757194762        3.0000000000000000     
   96.005206000000001        1.0923878999999999E-002   8.9182567996060964        50.030799751089276        1.5000000000000000     
   120.00521000000001        1.2348636000000000E-002   9.3708449515682304        50.019072296804531        1.0000000000000000     
   380.00520999999998        1.2407178000000000E-002   9.3529004944187264        49.903340632766842        3.5000000000000000     
   82.005207999999996        1.2490452000000001E-002   6.6765914822567858        49.798830727411698        1.0000000000000000     
   400.00520999999998        1.2836724000000001E-002   9.1361216988533283        49.771989092143514        2.0000000000000000     
   440.00520999999998        1.1802704000000001E-002   9.3924743254941401        49.447760073920136        1.0000000000000000     
   96.005206999999999        1.3274489000000000E-002   7.4057037864216575        49.437756803409933       0.50000000000000000     
   360.00520999999998        1.1000954000000000E-002   7.0320368981194923        48.376137480566740        2.5000000000000000     
   240.00521000000001        1.1364480999999999E-002   6.7639866430985407        48.290334816897520        1.5000000000000000     
   280.00520999999998        1.3370007999999999E-002   8.2297178953407730        48.242308119029722        2.0000000000000000     
   500.00520999999998        1.0622355000000000E-002   8.1500188678108412        48.010287548594846        2.0000000000000000     
   90.005206999999999        1.0984934000000000E-002   8.9373955623292503        47.726736262526927        1.0000000000000000     
   200.00521000000001        1.3112754000000001E-002   7.1825401901440262        47.661551197271478        2.0000000000000000     
   82.005206000000001        1.3210871000000001E-002   7.3391329154771556        47.573848577744812        3.0000000000000000     
   88.005206999999999        1.1007039999999999E-002   8.9549246728398089        47.446267875935440        1.0000000000000000     
   260.00520999999998        1.1172820999999999E-002   6.8989018391484827        47.416056407717747        1.5000000000000000     
   380.00520999999998        1.2937499999999999E-002   8.9997062147924911        46.957969512899894        2.0000000000000000     
   3800.0052000000001        1.0633161000000000E-002   7.9616265524892915        46.743036693571185        3.0000000000000000     
   1900.0052000000001        1.0642276000000001E-002   8.0546724812509591        46.160090835754737        3.0000000000000000     
   180.00521000000001        1.3020894999999999E-002   7.1044878026607536        46.104218134158657        2.5000000000000000     
   560.00521000000003        1.2712793999999999E-002   9.1524080275177262        45.902988360365406        3.5000000000000000     
   160.00521000000001        1.3215104000000000E-002   8.5906108038272535        45.632472915393180       0.50000000000000000     
   300.00520999999998        1.3291504000000001E-002   8.3932427056191337        45.565562180090097        2.0000000000000000     
   96.005206000000001        1.3090031000000000E-002   8.7946070104947438        45.489198082561920        3.0000000000000000     
   2100.0052000000001        1.0655573000000000E-002   8.0119622399935366        45.190678620804348        3.0000000000000000     
   360.00520999999998        1.3032835000000000E-002   8.8561705586045480        44.994404867423412        2.0000000000000000     
   1650.0052000000001        1.1009684000000000E-002   8.9010743192644473        44.816518351169421        3.0000000000000000     
   88.005207999999996        1.2096153000000000E-002   9.3298245189447684        44.441964958984627       0.50000000000000000     
   240.00521000000001        1.3244671000000000E-002   7.5285419328238667        44.286966974866985       0.50000000000000000     
   320.00520999999998        1.3209387000000000E-002   8.5521969637730439        44.188461684485588        2.0000000000000000     
   140.00521000000001        1.3232294000000000E-002   8.4950331121919138        44.090158850566198       0.50000000000000000     
   340.00520999999998        1.3123302999999999E-002   8.7066953536323410        44.030700038067479        2.0000000000000000     
   340.00520999999998        1.3139471999999999E-002   8.6775559692448105        43.936964554051713       0.50000000000000000     
   98.005206999999999        1.3272079000000001E-002   7.6322061874308575        43.836433713282602       0.50000000000000000     
   200.00521000000001        1.2661469999999999E-002   6.8576903993867164        43.560344194289918        1.0000000000000000     
   76.005206000000001        1.1233290999999999E-002   6.9262095329995041        43.521716325990134        1.5000000000000000     
   200.00521000000001        1.2918962000000001E-002   7.0599283533722037        43.205646864185880        1.5000000000000000     
   7450.0051999999996        1.1144406000000001E-002   8.9961877836915285        43.110780015563449        3.0000000000000000     
   220.00521000000001        1.1898680000000000E-002   6.6927493090388666        42.979251525192801        2.0000000000000000     
   980.00521000000003        1.0899202000000000E-002   7.2968038522624736        42.656027637079454        3.5000000000000000     
   460.00520999999998        1.1537188000000000E-002   9.2148959603509688        42.254177716393599        1.5000000000000000     
   74.005206999999999        1.1165239000000000E-002   7.0080153045613152        42.021489224642544        1.0000000000000000     
   280.00520999999998        1.1272185000000001E-002   6.9376459119515488        41.457771893672657        2.0000000000000000     
   120.00521000000001        1.3249299000000001E-002   8.2971947556266343        41.226819759907968       0.50000000000000000     
   100.00521000000001        1.3269659000000000E-002   7.8369289517438601        40.965655592866405       0.50000000000000000     
   3750.0052000000001        1.1786321000000001E-002   9.2582213982401846        40.719493928916847        3.5000000000000000     
   94.005206000000001        1.0953009000000000E-002   8.7245646479894816        40.529603073381800        1.5000000000000000     
   220.00521000000001        1.2041477000000000E-002   9.2620139973920210        39.859990594094128        3.0000000000000000     
   120.00521000000001        1.3223713000000000E-002   7.6965303639685594        39.739184981904309        3.0000000000000000     
   200.00521000000001        1.2720199000000000E-002   6.9675581419407653        39.615569607817079        2.5000000000000000     
   1700.0052000000001        1.0831376000000000E-002   8.4609738014650109        39.454474042006694        3.0000000000000000     
   94.005206000000001        1.3106222000000001E-002   8.5890368275001112        39.267288723073733        3.0000000000000000     
   84.005206000000001        1.3192749000000000E-002   7.6256698392478457        39.069332848801906        3.0000000000000000     
   9300.0051999999996        1.1227648999999999E-002   8.9828761300672539        39.064288890140446        3.0000000000000000     
   260.00520999999998        1.3224223000000000E-002   7.7567918197545236        38.946806165657677       0.50000000000000000     
   220.00521000000001        1.2243234000000000E-002   6.7774705286806771        38.843526136188864       0.50000000000000000     
   320.00520999999998        1.3161113000000000E-002   8.4464569959174369        38.687682753706653       0.50000000000000000     
   4900.0051999999996        1.0805083000000000E-002   8.3188398719865067        38.237139249189362        3.0000000000000000     
   240.00521000000001        1.1715625000000000E-002   6.8009824740436748        37.962803235404486        2.0000000000000000     
   980.00521000000003        1.1971598999999999E-002   9.2183785244244945        37.131320034515447        3.5000000000000000     
   6350.0051999999996        1.0958604000000000E-002   8.6302930716254007        37.044375697731709        3.0000000000000000     
   260.00520999999998        1.1509215000000000E-002   6.8864930784415250        37.019188895039392        2.0000000000000000     
   220.00521000000001        1.3023471000000000E-002   7.3481487931897096        36.810073098038039        2.0000000000000000     
   1850.0052000000001        1.0892357000000000E-002   7.5201895860797512        36.427277597028251        3.5000000000000000     
   2550.0052000000001        1.0979203999999999E-002   8.6399817091271558        36.290027551862273        3.0000000000000000     
   280.00520999999998        1.3203484000000000E-002   7.9866379876784181        36.213808870048972       0.50000000000000000     
   300.00520999999998        1.3182449000000001E-002   8.2164225945885647        36.125611157395667       0.50000000000000000     
   420.00520999999998        1.1894375000000000E-002   9.1915059216311565        35.771074004021074        1.0000000000000000     
   200.00521000000001        1.2902660000000000E-002   7.2184325971696310        35.641067593231057        2.5000000000000000     
   460.00520999999998        1.1071661999999999E-002   7.2598848425379394        35.239547894165980        3.5000000000000000     
   92.005206000000001        1.3122239000000001E-002   8.3634083626572178        34.787151771640254        3.0000000000000000     
   86.005206000000001        1.3174376999999999E-002   7.9028251859722189        34.715108800250107        3.0000000000000000     
   420.00520999999998        1.1841477000000000E-002   9.1641407082858670        34.508827277454053       0.50000000000000000     
   1200.0052000000001        1.1789792000000000E-002   9.1537367908523812        34.382398709819014        3.5000000000000000     
   72.005207999999996        1.2144916000000000E-002   6.8378431867924716        34.290226658761313       0.50000000000000000     
   86.005206999999999        1.1029183999999999E-002   8.6540734727224997        34.257396211094061        1.0000000000000000     
   88.005206000000001        1.3155762000000000E-002   8.1588371192349562        34.025377445713666        3.0000000000000000     
   4050.0052000000001        1.1698007999999999E-002   9.1223281371008760        33.770489561511980        3.5000000000000000     
   1000.0051999999999        1.1875381000000001E-002   9.1528118920520782        33.612627869894517        3.5000000000000000     
   440.00520999999998        1.1695443999999999E-002   9.1076522689566346        32.991196854571243        1.5000000000000000     
   90.005206000000001        1.3138073000000000E-002   8.0952632323721776        32.607132548501511        3.0000000000000000     
   1050.0052000000001        1.0923019000000001E-002   8.3736781569313514        32.488087344240732        3.0000000000000000     
   92.005206000000001        1.0981566000000000E-002   8.5082363504575405        32.387801124712112        1.5000000000000000     
   9900.0051999999996        1.0900689000000000E-002   8.2801531233130987        32.174262648545259        3.0000000000000000     
   2700.0052000000001        1.0979698000000000E-002   7.5129024856610878        31.957005130117334        3.5000000000000000     
   220.00521000000001        1.2844935000000000E-002   7.2523002039758948        31.824253965209515        1.5000000000000000     
   140.00521000000001        1.3117873000000000E-002   8.1462782880878244        31.775936104858562        3.0000000000000000     
   80.005206000000001        1.1166067000000000E-002   7.2418708427168381        31.755102140487523        1.5000000000000000     
   78.005206000000001        1.1198825000000001E-002   7.2124668888620382        31.552244892764065        1.5000000000000000     
   820.00521000000003        1.1077800000000000E-002   7.3607520645819040        31.477269843160801        3.5000000000000000     
   1650.0052000000001        1.0952719000000000E-002   7.6165106795204798        31.096540072871687        3.5000000000000000     
   760.00521000000003        1.2164777999999999E-002   9.0997749034323956        30.916414820737657        3.5000000000000000     
   7950.0051999999996        1.1755755000000000E-002   9.0828413063941849        30.805022073198717        3.5000000000000000     
   220.00521000000001        1.2604934000000000E-002   7.0732650437998297        30.619570407326972        1.0000000000000000     
   840.00521000000003        1.1472028000000000E-002   8.9713809132459552        30.558382434137595        3.0000000000000000     
   84.005207999999996        1.2481565999999999E-002   7.0052036322342106        30.538140197497665        1.0000000000000000     
   480.00520999999998        1.0974305000000000E-002   8.3915715305766732        30.134463629191774        2.0000000000000000     
   8900.0051999999996        1.0997312000000000E-002   8.4457127527421605        30.101078204417597        3.0000000000000000     
   580.00521000000003        1.2505835999999999E-002   8.9684823666385309        29.845703459002081        3.5000000000000000     
   220.00521000000001        1.2579748999999999E-002   7.0744093342175400        29.820674375851993        2.5000000000000000     
   76.005206999999999        1.1141300000000000E-002   7.3308332056781387        29.628747813320949        1.0000000000000000     
   380.00520999999998        1.1140818000000000E-002   7.3660939103676011        28.500766622951254        2.5000000000000000     
   5500.0051999999996        1.1643789000000000E-002   8.9987483741002077        28.109614199296924        3.5000000000000000     
   880.00521000000003        1.1982021000000001E-002   9.0534109646213903        27.749946794275463        3.5000000000000000     
   240.00521000000001        1.2929352000000000E-002   7.5105172599266581        27.582213230770460        2.0000000000000000     
   160.00521000000001        1.3005243000000000E-002   8.2538248251255677        26.873514500859656        3.0000000000000000     
   180.00521000000001        1.2862864999999999E-002   8.5615811249246629        26.497734907872868        3.0000000000000000     
   220.00521000000001        1.2775902000000000E-002   7.3279995226814716        26.340214301971681        2.5000000000000000     
   340.00520999999998        1.1342240999999999E-002   7.2153021085667266        26.209942160229609        2.5000000000000000     
   90.005206000000001        1.1009466000000001E-002   8.2495851043141286        26.086259429181986        1.5000000000000000     
   7200.0051999999996        1.1629498000000000E-002   8.9490360443231189        25.948528138049625        3.5000000000000000     
   88.005206000000001        1.1041314999999999E-002   8.3407423775489491        25.879558501454415        1.5000000000000000     
   400.00520999999998        1.2158217000000001E-002   9.0050033533352529        25.876608261689174        3.5000000000000000     
   240.00521000000001        1.2207551000000001E-002   7.0109002034527981        25.534894953775272       0.50000000000000000     
   84.005206999999999        1.1050960000000000E-002   8.3463868590021502        25.516520490490134        1.0000000000000000     
   86.005207999999996        1.2101858000000000E-002   8.9959494096948447        25.057256244958111       0.50000000000000000     
   100.00521000000001        1.2414969000000000E-002   8.9043530053288293        24.751340338364145        1.0000000000000000     
   420.00520999999998        1.1839641000000000E-002   8.9815316124589248        24.727982193119093        1.5000000000000000     
   400.00520999999998        1.1981128000000001E-002   8.9869861763924259        24.362445894001265        1.0000000000000000     
   320.00520999999998        1.1211532999999999E-002   7.4169494541543415        24.040704259465286        3.0000000000000000     
   82.005206000000001        1.1135913000000001E-002   7.5369559717528478        24.026403674954683        1.5000000000000000     
   860.00521000000003        1.1081725000000001E-002   8.3229920138445799        23.688821403169925        3.0000000000000000     
   6150.0051999999996        1.1601706999999999E-002   8.8805259242147923        23.349080049295857        3.5000000000000000     
   80.005206999999999        1.1093439000000000E-002   7.6841996069267804        23.039569338437953        1.0000000000000000     
   240.00521000000001        1.1776259000000001E-002   8.9229370717109031        22.546821264063549        3.0000000000000000     
   78.005206999999999        1.1116904000000000E-002   7.6522561588306539        22.519609002127787        1.0000000000000000     
   240.00521000000001        1.2767504000000001E-002   7.4426166748927427        22.493464540667208        1.5000000000000000     
   660.00521000000003        1.1281726000000001E-002   7.3948708366567732        22.052471463944187        3.5000000000000000     
   240.00521000000001        1.2426856999999999E-002   7.1692911268480488        21.807102975558685        2.5000000000000000     
   280.00520999999998        1.1071348000000000E-002   7.9073041143361875        21.774677690969014        3.0000000000000000     
   940.00521000000003        1.1764989999999999E-002   8.9022123163065832        21.730418558175639        3.5000000000000000     
   86.005206000000001        1.1073573000000000E-002   8.0852287034251518        21.638274034083711        1.5000000000000000     
   400.00520999999998        1.1886753000000000E-002   8.9214515154799603        21.547443843323492       0.50000000000000000     
   82.005206999999999        1.1072380999999999E-002   8.0309222292643625        21.535830921753508        1.0000000000000000     
   84.005206000000001        1.1105096000000000E-002   7.8165524734942844        20.862655091415881        1.5000000000000000     
   460.00520999999998        1.1260978000000000E-002   8.5155525148834457        20.298698293983851        2.0000000000000000     
   240.00521000000001        1.2546333999999999E-002   7.2875510650239654        20.151608111445988        1.0000000000000000     
   260.00520999999998        1.2829838000000000E-002   7.6704046429656723        19.931605929440945        2.0000000000000000     
   200.00521000000001        1.2703397999999999E-002   8.5120436020611479        18.923935349993606        3.0000000000000000     
   1100.0052000000001        1.1653046000000000E-002   8.7897101828410378        18.600480962370060        3.5000000000000000     
   8600.0051999999996        1.1682451000000000E-002   8.7983187398507194        18.453754097479301        3.5000000000000000     
   240.00521000000001        1.2639246000000000E-002   7.4286426468829188        18.377117109850296        2.5000000000000000     
   400.00520999999998        1.1972167000000001E-002   8.8407818190744685        17.692218053665790        1.5000000000000000     
   74.005207999999996        1.2138405000000000E-002   7.1778732567751868        17.376207669377877       0.50000000000000000     
   2550.0052000000001        1.1508578000000000E-002   8.6719770382196817        17.326218018063678        3.5000000000000000     
   9900.0051999999996        1.1203750000000000E-002   7.7869885882345695        16.984698868078539        3.5000000000000000     
   1100.0052000000001        1.1653436000000000E-002   8.7462242284894511        16.923929868838314        3.5000000000000000     
   86.005207999999996        1.2472588000000000E-002   7.3315370905902304        16.754551924192036        1.0000000000000000     
   1650.0052000000001        1.1380860000000000E-002   8.5345865432816712        16.727928067713435        3.5000000000000000     
   98.005207999999996        1.2422828000000000E-002   8.6988040308152534        16.677764638681715        1.0000000000000000     
   260.00520999999998        1.2258984000000001E-002   7.2482566272193942        15.804769933063202        2.5000000000000000     
   320.00520999999998        1.1623392999999999E-002   7.3025737886275408        15.705903635709809        2.5000000000000000     
   380.00520999999998        1.2063476000000000E-002   8.7797203386714617        15.299824779969462        1.0000000000000000     
   260.00520999999998        1.2686349000000000E-002   7.6329414988207462        15.145172821858596        1.5000000000000000     
   1250.0052000000001        1.1478865000000000E-002   8.5744350083042189        15.038931771947297        3.5000000000000000     
   600.00521000000003        1.2271578000000000E-002   8.7252976075525535        14.995280441353641        3.5000000000000000     
   260.00520999999998        1.2170983000000000E-002   7.2468322580139679        14.912420460717746       0.50000000000000000     
   920.00521000000003        1.1249324999999999E-002   7.8218240264969596        14.881491517092581        3.5000000000000000     
   2100.0052000000001        1.1270412000000000E-002   8.1986606538337039        14.294118271086131        3.5000000000000000     
   440.00520999999998        1.1503696000000001E-002   8.5628994327753816        14.079335870920591        2.0000000000000000     
   280.00520999999998        1.2724263000000000E-002   7.8251483985596568        13.878250032173680        2.0000000000000000     
   1000.0051999999999        1.1643776000000000E-002   8.6514941521029574        13.783504054055459        3.5000000000000000     
   260.00520999999998        1.1461343000000001E-002   8.4898640418047790        13.252953765260685        3.0000000000000000     
   10300.004999999999        1.1549159999999999E-002   8.5540113161438089        12.754631128440153        3.5000000000000000     
   360.00520999999998        1.1456958000000000E-002   7.5376849189029080        12.715746412583368        2.5000000000000000     
   280.00520999999998        1.2072700000000000E-002   7.3040038705266062        12.242397201810492        2.5000000000000000     
   220.00521000000001        1.2528337000000001E-002   8.4539165741162794        12.129506244733022        3.0000000000000000     
   380.00520999999998        1.2094837000000001E-002   8.6885685710731604        12.078017999076904        1.5000000000000000     
   260.00520999999998        1.2485527000000000E-002   7.5034740943310423        12.056861182309570        1.0000000000000000     
   260.00520999999998        1.2490935000000000E-002   7.5176512177246337        11.841938180773052        2.5000000000000000     
   300.00520999999998        1.1863195000000000E-002   7.3260709023357871        11.822400602836529        2.5000000000000000     
   380.00520999999998        1.1930737000000000E-002   8.6795421044109080        11.664370532913695       0.50000000000000000     
   780.00521000000003        1.1873943000000000E-002   8.6691414831931599        11.591016980944794        3.5000000000000000     
   11300.004999999999        1.1515363000000001E-002   8.4771666245490405        11.564025360841939        3.5000000000000000     
   84.005207999999996        1.2107527999999999E-002   8.6551068471710160        11.018180994710274       0.50000000000000000     
   960.00521000000003        1.1388301999999999E-002   8.2113821987846531        10.471422368506976        3.5000000000000000     
   96.005207999999996        1.2430647000000000E-002   8.4706145363901033        10.173372081004484        1.0000000000000000     
   280.00520999999998        1.2601096000000001E-002   7.8213573020877565        9.8307408009379689        1.5000000000000000     
   420.00520999999998        1.1714664000000000E-002   8.5571190101759971        9.7949554814726376        2.0000000000000000     
   900.00521000000003        1.1655264000000000E-002   8.5215195376119937        9.7706383926440736        3.5000000000000000     
   300.00520999999998        1.2611824000000001E-002   7.9714205735820602        9.3786352369677406        2.0000000000000000     
   360.00520999999998        1.2141852999999999E-002   8.5703785292559669        8.6363482891555883        1.0000000000000000     
   420.00520999999998        1.1867622000000000E-002   8.5684742395239439        8.5171721785175922        3.5000000000000000     
   88.005207999999996        1.2463525000000000E-002   7.6511456038018135        8.4138705650071479        1.0000000000000000     
   360.00520999999998        1.2209065999999999E-002   8.5273036431300699        8.0439429584019493        1.5000000000000000     
   280.00520999999998        1.2133494999999999E-002   7.4845083348806174        7.0888141203380375       0.50000000000000000     
   280.00520999999998        1.2328689000000000E-002   7.5893289225975042        6.9171798242051121        2.5000000000000000     
   400.00520999999998        1.1901551000000000E-002   8.5128970410564548        6.8188893243814732        2.0000000000000000     
   300.00520999999998        1.2511309999999999E-002   8.0053883674875337        6.5366740953067408        1.5000000000000000     
   280.00520999999998        1.2422348999999999E-002   7.7197570076590614        6.4228704807273136        1.0000000000000000     
   320.00520999999998        1.2491533000000001E-002   8.1078806380955637        6.3310733506239085        2.0000000000000000     
   240.00521000000001        1.2334031000000001E-002   8.3693759937240273        6.2003833817938681        3.0000000000000000     
   94.005207999999996        1.2438413000000001E-002   8.2202027031267981        6.0173799324829904        1.0000000000000000     
   800.00521000000003        1.1523159999999999E-002   8.1104865939794752        5.9895921043350633        3.5000000000000000     
   76.005207999999996        1.2131839000000000E-002   7.5293460389287770        5.9724166817388733       0.50000000000000000     
   440.00520999999998        1.1517016000000000E-002   8.0076802712269011        5.8333135651583152        3.5000000000000000     
   340.00520999999998        1.2315975999999999E-002   8.3588415651454557        5.7152025664714881        1.5000000000000000     
   300.00520999999998        1.1570248000000000E-002   7.8012465585057242        5.6047430040925272        3.0000000000000000     
   340.00520999999998        1.1721283000000001E-002   7.6234774004340276        5.4863108443186963        2.5000000000000000     
   320.00520999999998        1.2416475999999999E-002   8.1845731165502915        5.1879875419337367        1.5000000000000000     
   90.005207999999996        1.2454381000000000E-002   7.9794993072347413        5.1720595495918316        1.0000000000000000     
   92.005207999999996        1.2446129000000000E-002   7.9649329250577523        5.0065198601313465        1.0000000000000000     
   380.00520999999998        1.2069506000000001E-002   8.4399845015003905        4.9604360017827762        2.0000000000000000     
   360.00520999999998        1.1973499000000000E-002   8.4385801889066929        4.8263719851340054       0.50000000000000000     
   340.00520999999998        1.2362163000000001E-002   8.2332788872712435        4.6395270705139993        2.0000000000000000     
   340.00520999999998        1.2216629999999999E-002   8.3595046552700136        4.4043038145020459        1.0000000000000000     
   360.00520999999998        1.2222156000000000E-002   8.3451576407918537        4.2121771069018070        2.0000000000000000     
   620.00521000000003        1.2001037000000001E-002   8.4043495896392901        4.0874915284469759        3.5000000000000000     
   300.00520999999998        1.2149458000000000E-002   7.6360943929878431        3.8691245440210218        2.5000000000000000     
   300.00520999999998        1.2356618999999999E-002   7.9344225652240112        3.2869379352541204        1.0000000000000000     
   320.00520999999998        1.1949022000000000E-002   7.6508067208757424        3.1133674791719401        2.5000000000000000     
   82.005207999999996        1.2113162000000000E-002   8.3096203314543882        2.7167596420982094       0.50000000000000000     
   320.00520999999998        1.2288126000000000E-002   8.1474845721056806        2.6192073607823887        1.0000000000000000     
   640.00521000000003        1.1679709000000000E-002   7.9769506702306074        2.5779400362770639        3.5000000000000000     
   300.00520999999998        1.2095048000000001E-002   7.7221639305460279        2.1556750487386913       0.50000000000000000     
   260.00520999999998        1.2115346000000001E-002   8.2456672315663351        1.8414271813759029        3.0000000000000000     
   340.00520999999998        1.2015100000000001E-002   8.1987013238688888       0.99275562355268487       0.50000000000000000     
   78.005207999999996        1.2125217000000001E-002   7.8878859998249231       0.70622116354600606       0.50000000000000000     
   280.00520999999998        1.1864715000000000E-002   8.0648765855966023       0.56277508457331848        3.0000000000000000     
   80.005207999999996        1.2118739999999999E-002   7.9510019391891964       0.41249995510050480       0.50000000000000000     
