  #time	ai	proti	chi2	massp                                                                                                                                                                              
   1000.0051999999999        1.3998910999999999E-002   16.936673547304800        99.991390682235547       0.50000000000000000     
   980.00521000000003        1.3997539999999999E-002   17.078368214265783        99.907695750608113        1.5000000000000000     
   920.00521000000003        1.3909578000000001E-002   17.591089297796966        99.896871746941642        1.0000000000000000     
   900.00521000000003        1.3939879000000001E-002   17.478435319162998        99.800776814279800        1.0000000000000000     
   8350.0051999999996        1.3992203000000000E-002   17.143342921145056        99.735504654084238        2.5000000000000000     
   2150.0052000000001        1.3988975000000001E-002   17.128198070620616        99.311412383027118        2.5000000000000000     
   5450.0051999999996        1.3158239000000000E-002   15.381752339011141        99.006076578799622        2.5000000000000000     
   3450.0052000000001        1.1146362000000000E-002   18.792362358004283        98.531514962743898        1.0000000000000000     
   6600.0051999999996        1.3196324000000001E-002   15.420376561085146        98.160032992299847        2.5000000000000000     
   5850.0051999999996        1.3951590999999999E-002   17.334546845628569        98.015730307439782        2.5000000000000000     
   9150.0051999999996        1.3565330000000000E-002   18.211905395011602        97.974319384614304        2.0000000000000000     
   4300.0051999999996        1.3192124000000000E-002   15.427538830215909        97.344843999188498        2.5000000000000000     
   1150.0052000000001        1.3321214000000000E-002   18.458575846049374        96.826248931683722       0.50000000000000000     
   9400.0051999999996        1.3474534999999999E-002   15.700785796827899        96.555276787414726        2.5000000000000000     
   3850.0052000000001        1.3244560000000001E-002   15.483073215554708        96.249911816222721        2.5000000000000000     
   1000.0051999999999        1.3953429000000000E-002   17.139652763801280        95.884698617295740        1.5000000000000000     
   11700.004999999999        1.1346975000000000E-002   15.160380227793155        95.266061940199108        1.5000000000000000     
   1800.0052000000001        1.3376697999999999E-002   15.616919147645453        95.205251652575583        2.5000000000000000     
   8450.0051999999996        1.3389168999999999E-002   15.631908812125822        95.036601265524567        2.5000000000000000     
   1700.0052000000001        1.2315713000000001E-002   15.076606401915884        94.977938157599141        2.0000000000000000     
   11800.004999999999        1.3542405000000000E-002   18.184509577607216        94.551905046288795        2.0000000000000000     
   1700.0052000000001        1.3834529000000000E-002   16.358487106426278        94.425890055917904        2.5000000000000000     
   9500.0051999999996        1.3938664000000000E-002   16.877581837234388        94.335112522888636        2.5000000000000000     
   4950.0051999999996        1.3200948000000001E-002   15.474857846018621        94.208367302573407        2.5000000000000000     
   1950.0052000000001        1.3319506000000000E-002   15.577584622417605        94.109040452210820        2.5000000000000000     
   6550.0051999999996        1.3200244000000000E-002   15.479473984990033        93.814625643491311        2.5000000000000000     
   7750.0051999999996        1.2577018000000001E-002   18.837130749383846        92.699976972334554        1.5000000000000000     
   6000.0051999999996        1.3209301999999999E-002   15.502841269949917        92.597389931374451        2.5000000000000000     
   2400.0052000000001        1.3376855999999999E-002   15.659556168990896        92.313053776458005        2.5000000000000000     
   1700.0052000000001        1.3842317999999999E-002   16.454282676874655        92.298579312347442        2.5000000000000000     
   7550.0051999999996        1.1050822000000000E-002   18.669760235932007        92.225952090278554        1.0000000000000000     
   3350.0052000000001        1.2550458000000000E-002   18.839564403603728        92.175027980700406        1.5000000000000000     
   920.00522000000001        1.3543863000000000E-002   15.860563721412698        92.045701936557151       0.50000000000000000     
   880.00521000000003        1.2406341000000000E-002   15.124941909579368        92.023893857369956       0.50000000000000000     
   8850.0051999999996        1.1191029999999999E-002   18.736487454625397        91.745527104262962        1.0000000000000000     
   2300.0052000000001        1.3910985000000001E-002   16.875161082509525        91.686215239710322        2.5000000000000000     
   7750.0051999999996        1.1038766000000000E-002   18.652228423537718        91.345738290718401        1.0000000000000000     
   5050.0051999999996        1.3903752000000000E-002   17.154069675678393        91.200233121845699        2.5000000000000000     
   1750.0052000000001        1.3616591000000001E-002   15.983115841568283        91.185498854289378        2.5000000000000000     
   800.00521000000003        1.2355400000000001E-002   15.126918944163577        90.868542588888147       0.50000000000000000     
   6650.0051999999996        1.3421258000000000E-002   18.269186230455389        90.770201104816664        2.0000000000000000     
   10700.004999999999        1.3890836000000000E-002   16.776854413916865        90.626372765944623        2.5000000000000000     
   1350.0052000000001        1.3895098000000000E-002   17.028078625630485        89.804625506260379        2.0000000000000000     
   5350.0051999999996        1.3884096000000000E-002   17.183911461104387        89.591033527135465        2.5000000000000000     
   5700.0051999999996        1.2557023000000000E-002   18.807923817629227        89.471576778622619        1.5000000000000000     
   3100.0052000000001        1.3267584000000001E-002   15.596363222537637        89.424135564132996        2.5000000000000000     
   3150.0052000000001        1.3888242000000000E-002   17.104929807000172        89.411707369376302        2.5000000000000000     
   2700.0052000000001        1.3317585000000000E-002   15.643682546297558        89.390682508255978        2.5000000000000000     
   6000.0051999999996        1.2261751000000000E-002   15.134289239993569        88.734753143204159        2.0000000000000000     
   780.00521000000003        1.3210022000000000E-002   15.558389163133560        88.559876437339312       0.50000000000000000     
   1350.0052000000001        1.3877565999999999E-002   17.004884971848210        88.131953135401673        2.0000000000000000     
   2500.0052000000001        1.3842347000000000E-002   16.653459844573295        87.858317891119015        2.5000000000000000     
   9350.0051999999996        1.3795655000000000E-002   16.487814590215955        87.167773202793029        2.5000000000000000     
   2600.0052000000001        1.3862787000000000E-002   16.919831983532493        86.910062333992656        2.5000000000000000     
   1750.0052000000001        1.3625297999999999E-002   16.089466033312370        86.766645051304337        2.5000000000000000     
   11900.004999999999        1.3536617000000001E-002   15.952099920322313        86.482161706229618        2.5000000000000000     
   1050.0052000000001        1.3838853999999999E-002   17.276227760965433        86.442149445297503        1.5000000000000000     
   1850.0052000000001        1.3820096000000000E-002   16.620799702872098        86.413561941167899        2.5000000000000000     
   960.00521000000003        1.3340665999999999E-002   15.714933066396741        86.219559724814104        1.0000000000000000     
   5950.0051999999996        1.0253385000000000E-002   16.370906906519796        86.160555520687396        1.0000000000000000     
   7950.0051999999996        1.3846959000000001E-002   16.820313155051970        86.088627032934369        2.5000000000000000     
   9550.0051999999996        1.3642539000000000E-002   16.151953231008662        85.427945094885757        2.5000000000000000     
   6400.0051999999996        1.3835623999999999E-002   17.059243491052669        84.325635768643807        2.5000000000000000     
   2550.0052000000001        1.3584126000000000E-002   16.071129778133006        84.306379350553584        2.5000000000000000     
   4350.0051999999996        1.2551853000000000E-002   18.750768508754167        84.243300722281063        1.5000000000000000     
   6500.0051999999996        1.3290411000000000E-002   15.709756655154628        83.247211808925186        2.5000000000000000     
   3000.0052000000001        1.3817305000000000E-002   16.916597862613010        82.738838654992009        2.5000000000000000     
   3500.0052000000001        1.3401793000000000E-002   18.158948416544668        82.704627657810278        2.0000000000000000     
   2950.0052000000001        1.3475180000000000E-002   18.062743082888883        82.639474222934908        2.0000000000000000     
   5100.0051999999996        1.3385194000000000E-002   18.165785165755437        81.945438169311757        2.0000000000000000     
   3750.0052000000001        1.3803206000000000E-002   16.844865905292753        81.890465733540537        2.5000000000000000     
   8000.0051999999996        1.3559414000000001E-002   16.093599230334515        81.333361925629504        2.5000000000000000     
   2250.0052000000001        1.3488068000000001E-002   15.982478991369875        81.242386416251421        2.5000000000000000     
   8400.0051999999996        1.3714380999999999E-002   16.443551089944112        81.218443548286743        2.5000000000000000     
   2200.0052000000001        1.3755514999999999E-002   16.601417689891349        81.017523103230417        2.5000000000000000     
   1900.0052000000001        1.3588070000000001E-002   16.155628676436596        80.873234078218175        2.5000000000000000     
   2350.0052000000001        1.3662423999999999E-002   16.314872995288447        80.826317350084224        2.5000000000000000     
   3250.0052000000001        1.3360456000000000E-002   15.827340736953346        80.649258191884854        2.5000000000000000     
   5150.0051999999996        1.3378185000000001E-002   15.852376649696604        80.410832627530439        2.5000000000000000     
   2100.0052000000001        1.3478380999999999E-002   18.014813712740896        80.386433311561490        2.0000000000000000     
   7050.0051999999996        1.0989153000000000E-002   18.469084690166408        79.500536789923444        1.0000000000000000     
   5900.0051999999996        1.3776650000000000E-002   16.907294413465415        79.126992687441046        2.5000000000000000     
   940.00522000000001        1.3525450000000000E-002   16.092122030868005        78.781005058517849       0.50000000000000000     
   4850.0051999999996        1.3770117000000000E-002   16.882557902711724        78.677674945044245        2.5000000000000000     
   6500.0051999999996        1.3765204000000000E-002   16.830681419533853        78.615352497086761        2.5000000000000000     
   6450.0051999999996        1.3768000000000001E-002   16.884509948254863        78.479052739612825        2.5000000000000000     
   4200.0051999999996        1.3763360000000001E-002   16.835022646115352        78.416404329642205        2.5000000000000000     
   5450.0051999999996        1.3352190000000000E-002   15.865147400052718        77.907706842610480        2.5000000000000000     
   1100.0052000000001        1.3717530000000000E-002   17.387029433713391        77.492530700958113        1.5000000000000000     
   6900.0051999999996        1.3750877999999999E-002   16.823767045129983        77.415799480660823        2.5000000000000000     
   2100.0052000000001        1.2448203000000000E-002   15.300863622556102        77.198757061763985        2.0000000000000000     
   7250.0051999999996        1.2315922999999999E-002   15.277187358953594        76.697266366630217        2.0000000000000000     
   10400.004999999999        1.2434150000000000E-002   15.305285364953587        76.513596016740848        2.0000000000000000     
   12000.004999999999        1.2438803000000000E-002   15.307018885272342        76.468326298572038        2.0000000000000000     
   5350.0051999999996        1.3738438000000000E-002   16.817195521460313        76.389607722873947        2.5000000000000000     
   2650.0052000000001        1.3608733000000000E-002   16.328073456827735        75.987681550274658        2.5000000000000000     
   8150.0051999999996        1.2563283999999999E-002   18.648639166243978        75.882497503934488        1.5000000000000000     
   1400.0052000000001        1.3738291000000000E-002   17.027573465671363        75.560401233358931        2.0000000000000000     
   3800.0052000000001        1.3543896999999999E-002   16.212872558095665        75.079691459343991        2.5000000000000000     
   5900.0051999999996        1.3712332000000001E-002   16.739078328659616        75.004028572782701        2.5000000000000000     
   5900.0051999999996        1.0887091999999999E-002   18.323791851508613        74.774727323395098        1.0000000000000000     
   800.00521000000003        1.3187976000000001E-002   15.743802182870644        74.732998915293336       0.50000000000000000     
   7400.0051999999996        1.3388512000000000E-002   18.021011796580147        74.260768231023931        2.0000000000000000     
   1400.0052000000001        1.3719304999999999E-002   16.951994751173729        73.957858405534168        2.0000000000000000     
   5100.0051999999996        1.3658554999999999E-002   16.545876751743027        73.925818636718475        2.5000000000000000     
   1800.0052000000001        1.1527340000000001E-002   18.652885296183999        73.885930195198284        1.0000000000000000     
   5950.0051999999996        1.3439883999999999E-002   16.063567318523251        73.754304475252511        2.5000000000000000     
   4300.0051999999996        1.3352119000000001E-002   18.058802161799544        73.732196673796977        2.0000000000000000     
   1900.0052000000001        1.3557959000000000E-002   17.720573789065437        73.661573458231402        2.0000000000000000     
   3200.0052000000001        1.3642207000000000E-002   16.510988311961174        73.399409775422384        2.5000000000000000     
   6550.0051999999996        1.3501673000000000E-002   16.176228880774691        73.340518737704684        2.5000000000000000     
   820.00521000000003        1.2319932000000000E-002   15.320127540083277        73.108197182021115       0.50000000000000000     
   3050.0052000000001        1.3561811000000000E-002   16.305321519832273        73.045797484716388        2.5000000000000000     
   6950.0051999999996        1.3481160000000001E-002   16.148472017455415        72.973373497216528        2.5000000000000000     
   4250.0051999999996        1.3498748000000000E-002   16.182262477171410        72.873507932676517        2.5000000000000000     
   980.00521000000003        1.3299502000000000E-002   15.894761256823449        72.756454408448846        1.0000000000000000     
   5400.0051999999996        1.3470073000000001E-002   16.151897267222900        72.009823960638101        2.5000000000000000     
   5400.0051999999996        1.3636202000000000E-002   16.568180132408489        71.590637813872789        2.5000000000000000     
   4900.0051999999996        1.3506379000000001E-002   16.229030125439429        71.589308401377764        2.5000000000000000     
   6250.0051999999996        1.3340215000000001E-002   18.030918204135752        71.474216223006636        2.0000000000000000     
   6500.0051999999996        1.3504904999999999E-002   16.232323693048993        71.351651703496728        2.5000000000000000     
   5950.0051999999996        1.3513650000000000E-002   16.254787208691610        71.161963150927647        2.5000000000000000     
   900.00521000000003        1.2371960000000000E-002   15.356699270821714        70.969786365720722       0.50000000000000000     
   6450.0051999999996        1.3582050000000000E-002   16.430587259269370        70.677829714994616        2.5000000000000000     
   5050.0051999999996        1.3334761000000001E-002   18.019917313200278        70.545457797467790        2.0000000000000000     
   11500.004999999999        1.2570589000000000E-002   18.571689521346386        69.894492531559266        1.5000000000000000     
   7550.0051999999996        1.2396322000000000E-002   15.378281354851284        69.676060531590892        2.0000000000000000     
   5200.0051999999996        1.2324238000000000E-002   15.368675770199983        69.158723734443726        2.0000000000000000     
   7100.0051999999996        1.0390270000000000E-002   16.608993304370109        68.602925882275798        1.0000000000000000     
   1150.0052000000001        1.3588530999999999E-002   17.468898674656064        68.582420649928565        1.5000000000000000     
   4500.0051999999996        1.1373400000000001E-002   15.468997269891910        68.414921739497757        1.5000000000000000     
   960.00522000000001        1.3506862999999999E-002   16.322701828249855        68.234225381899321       0.50000000000000000     
   4350.0051999999996        1.3350545000000000E-002   17.951340419376937        68.225511393688663        2.0000000000000000     
   1100.0052000000001        1.2821832000000000E-002   18.431746549931830        68.132649812461210       0.50000000000000000     
   1200.0052000000001        1.1455625000000001E-002   18.557386711559701        68.044936316404090       0.50000000000000000     
   2850.0052000000001        1.2356775000000000E-002   15.394614905233331        67.613740818669214        2.0000000000000000     
   1100.0052000000001        1.3371722000000001E-002   17.906601157198065        67.588674352227088       0.50000000000000000     
   2150.0052000000001        1.0435219000000001E-002   16.514644473283585        67.102742049131592        1.0000000000000000     
   4500.0051999999996        1.2337133000000000E-002   15.396888978358447        67.090588413730472        2.0000000000000000     
   4350.0051999999996        1.2348839000000000E-002   15.402439597886774        66.847195410198424        2.0000000000000000     
   2200.0052000000001        1.1038991000000000E-002   18.314073039652897        66.258156170559886        1.0000000000000000     
   7800.0051999999996        1.0407937000000001E-002   16.681805805797016        65.897806655952621        1.0000000000000000     
   5850.0051999999996        1.1381583000000001E-002   15.501995595731978        65.661418338523546        1.5000000000000000     
   7100.0051999999996        1.3317917000000000E-002   17.933341848756911        65.200807183104914        2.0000000000000000     
   4350.0051999999996        1.3306471000000000E-002   17.927782426149644        64.191169117450542        2.0000000000000000     
   4200.0051999999996        1.3313320999999999E-002   17.915621198450165        64.079357256300298        2.0000000000000000     
   9300.0051999999996        1.2518283999999999E-002   15.487125958996490        63.935152848970887        2.0000000000000000     
   1650.0052000000001        1.2616502000000000E-002   15.524502634556262        63.929178643899810        2.0000000000000000     
   4400.0051999999996        1.2424770000000000E-002   18.536276135210997        63.514346382428094        1.5000000000000000     
   5050.0051999999996        1.3299015000000001E-002   17.919681791481366        63.331365696419496        2.0000000000000000     
   9400.0051999999996        1.2558025000000000E-002   18.489781498015880        63.271019051088793        1.5000000000000000     
   7250.0051999999996        1.2433744000000000E-002   18.523048248292241        62.695244113391432        1.5000000000000000     
   820.00521000000003        1.3165659999999999E-002   15.928779655516827        62.656907412164713       0.50000000000000000     
   9050.0051999999996        1.2579819000000001E-002   18.466753307417950        62.188882261314170        1.5000000000000000     
   5000.0051999999996        1.2432464000000001E-002   18.514924098118513        62.050501885232855        1.5000000000000000     
   8900.0051999999996        1.3398347000000000E-002   17.720895059132868        61.876602549926126        2.0000000000000000     
   7600.0051999999996        1.0443895999999999E-002   16.772187632492347        61.833956360029660        1.0000000000000000     
   8950.0051999999996        1.0966121000000001E-002   18.179689082366114        61.514303255639504        1.0000000000000000     
   1450.0052000000001        1.3567341000000000E-002   16.959797659631874        61.454354062991285        2.0000000000000000     
   1000.0051999999999        1.3257443000000001E-002   16.070815465752297        61.113671277258746        1.0000000000000000     
   3500.0052000000001        1.1370679999999999E-002   15.571220551059065        60.936358382174824        1.5000000000000000     
   2000.0052000000001        1.2663183999999999E-002   18.408779188853178        60.611794596889965        1.5000000000000000     
   1450.0052000000001        1.3546624000000000E-002   16.840483723051243        60.437284002139570        2.0000000000000000     
   980.00522000000001        1.3488099000000000E-002   16.552237903574564        60.373240867601517       0.50000000000000000     
   4500.0051999999996        1.2411415000000000E-002   15.508353135033873        59.856815355741254        2.0000000000000000     
   2250.0052000000001        1.0474737000000000E-002   16.746999568039360        59.760913834366079        1.0000000000000000     
   2700.0052000000001        1.3320222000000000E-002   17.799043512211686        59.536418318168757        2.0000000000000000     
   1200.0052000000001        1.1755040000000000E-002   18.520939538134417        59.331560358795777       0.50000000000000000     
   1200.0052000000001        1.3450679000000000E-002   17.517802741453419        59.314733460845922        1.5000000000000000     
   4400.0051999999996        1.0460605000000000E-002   17.012984216821021        59.247641890890492        1.0000000000000000     
   5400.0051999999996        1.0749447000000001E-002   17.897627634683797        59.240455783956278        1.0000000000000000     
   5200.0051999999996        1.2384552000000000E-002   15.531231904479736        57.628997557545468        2.0000000000000000     
   8200.0051999999996        1.2482544999999999E-002   18.438525684433589        57.555144297326585        1.5000000000000000     
   1600.0052000000001        1.1653804000000000E-002   15.524557317861856        57.419567996720396        1.5000000000000000     
   840.00521000000003        1.2283718000000001E-002   15.512075992517143        57.360342341373688       0.50000000000000000     
   10000.004999999999        1.0946674999999999E-002   18.087952497270287        57.328355318068681        1.0000000000000000     
   8850.0051999999996        1.1506024000000000E-002   15.576531256294805        56.756887620570872        1.5000000000000000     
   1650.0052000000001        1.0585012000000000E-002   16.484043256691251        56.710062358381492        1.0000000000000000     
   5200.0051999999996        1.0813936000000000E-002   17.925894996002967        56.600735031130867        1.0000000000000000     
   6400.0051999999996        1.2397015000000001E-002   15.560783802150564        55.724103015250726        2.0000000000000000     
   10000.004999999999        1.2576821000000000E-002   15.629051531811783        55.305553231642961        2.0000000000000000     
   1000.0051999999999        1.3469158000000000E-002   16.780717180346038        55.162757289479202       0.50000000000000000     
   8150.0051999999996        1.3308218000000000E-002   17.697396687277259        54.944913673087804        2.0000000000000000     
   2550.0052000000001        1.2465950000000000E-002   18.400969118531943        54.495595651400293        1.5000000000000000     
   5850.0051999999996        1.3263051999999999E-002   17.755500960729943        54.152052998965026        2.0000000000000000     
   3200.0052000000001        1.0691246000000000E-002   17.662247514308405        53.785221904825349        1.0000000000000000     
   1050.0052000000001        1.3421018000000000E-002   17.347181745887234        53.495685485807591       0.50000000000000000     
   7550.0051999999996        1.1468511000000001E-002   15.639663838242017        53.324874730748320        1.5000000000000000     
   6750.0051999999996        1.0608800000000000E-002   17.432218917561439        53.056268122926106        1.0000000000000000     
   920.00521000000003        1.2336892000000000E-002   15.586632017070325        52.777630525890515       0.50000000000000000     
   4450.0051999999996        1.2413766000000000E-002   15.607509634266016        52.755791807006347        2.0000000000000000     
   8900.0051999999996        1.0562334000000000E-002   16.795620464673888        52.716365629974753        1.0000000000000000     
   4000.0052000000001        1.0709600999999999E-002   17.662764436986166        52.609658729328714        1.0000000000000000     
   840.00521000000003        1.3143067000000000E-002   16.113242028824537        52.323547712814239       0.50000000000000000     
   2100.0052000000001        1.1001977000000000E-002   18.041168944301887        52.002067428142269        1.0000000000000000     
   5850.0051999999996        1.2366670999999999E-002   18.376450148677080        50.726564609077329        1.5000000000000000     
   1650.0052000000001        1.2650233000000000E-002   15.744904543177077        49.951688361045072        2.0000000000000000     
   1250.0052000000001        1.3302454999999999E-002   17.528593959814103        49.395016968965592        1.5000000000000000     
   9900.0051999999996        1.3307430000000000E-002   17.514797484635068        49.359743338832232        2.0000000000000000     
   1500.0052000000001        1.3356079999999999E-002   16.659684550510747        48.869191525531207        2.0000000000000000     
   3500.0052000000001        1.0630606000000001E-002   17.254858462102810        48.504821393768907        1.0000000000000000     
   3950.0052000000001        1.2363308999999999E-002   18.344413540842343        48.486028777099364        1.5000000000000000     
   1500.0052000000001        1.3378910000000001E-002   16.814453037496069        48.395513960871497        2.0000000000000000     
   4650.0051999999996        1.2361179999999999E-002   18.336425880227598        47.912126977627082        1.5000000000000000     
   7900.0051999999996        1.3244323000000001E-002   17.602027688515935        47.769428337401820        2.0000000000000000     
   7800.0051999999996        1.3231652999999999E-002   17.617540148825569        47.458125327473589        2.0000000000000000     
   8000.0051999999996        1.2542072000000000E-002   15.736058654020921        47.284743662373103        2.0000000000000000     
   1950.0052000000001        1.3341664000000000E-002   17.300526509552068        47.259464002367878        2.0000000000000000     
   11000.004999999999        1.0838075000000001E-002   17.728222227818758        47.009434278029438        1.0000000000000000     
   9200.0051999999996        1.3276593000000000E-002   17.453183052466429        45.876616072749805        2.0000000000000000     
   7900.0051999999996        1.2533470999999999E-002   15.762646007075146        45.390904509953721        2.0000000000000000     
   1050.0052000000001        1.2887888000000000E-002   17.999671270501715        44.692193991458176       0.50000000000000000     
   12200.004999999999        1.0709227000000000E-002   17.332128731369028        44.410112815513045        1.0000000000000000     
   1400.0052000000001        1.2124967000000000E-002   18.326284012394915        44.366149524730560        1.0000000000000000     
   1600.0052000000001        1.2899911999999999E-002   16.026941576910815        43.917107879683506        2.0000000000000000     
   5250.0051999999996        1.2468139000000000E-002   15.761201607605352        43.844388641446962        2.0000000000000000     
   860.00521000000003        1.3120194000000000E-002   16.297109420007835        43.722245343832718       0.50000000000000000     
   1450.0052000000001        1.1914604000000001E-002   18.317948068558099        43.606988420855558        1.0000000000000000     
   860.00521000000003        1.2246729000000000E-002   15.702615156966509        43.602064582155521       0.50000000000000000     
   2150.0052000000001        1.3236839000000000E-002   17.460300525073318        43.541183906996977        2.0000000000000000     
   3000.0052000000001        1.3230801000000000E-002   17.469117303825627        43.373555408218159        2.0000000000000000     
   6700.0051999999996        1.3168027000000001E-002   17.599285214025013        43.085747467607533        2.0000000000000000     
   8750.0051999999996        1.2452467000000000E-002   18.230281291472068        42.957960186756708        1.5000000000000000     
   9000.0051999999996        1.2700981000000000E-002   15.894671278226102        42.828148348865156        2.0000000000000000     
   8250.0051999999996        1.2611885999999999E-002   15.848952205238776        42.482887056293933        2.0000000000000000     
   3650.0052000000001        1.2493949000000001E-002   15.801935332957141        41.983613264191945        2.0000000000000000     
   2900.0052000000001        1.2451468000000000E-002   18.214270952930249        41.956931712750183        1.5000000000000000     
   1550.0052000000001        1.3142852000000000E-002   16.395247593313830        41.795905559687796        2.0000000000000000     
   1350.0052000000001        1.2311966000000001E-002   18.239428714436972        40.837657061555248        1.0000000000000000     
   1900.0052000000001        1.0734034999999999E-002   16.923814834841128        40.211791035396963        1.0000000000000000     
   1150.0052000000001        1.1597290999999999E-002   18.202200544793453        40.186516342588476       0.50000000000000000     
   1850.0052000000001        1.1183010000000000E-002   17.958576931321090        39.658559992501594        1.0000000000000000     
   11900.004999999999        1.3214848000000000E-002   17.321882888781182        39.486608216821089        2.0000000000000000     
   1050.0052000000001        1.3148112000000000E-002   16.493110673651170        39.377450316304092        1.0000000000000000     
   3550.0052000000001        1.3145435000000000E-002   17.492326858000986        38.860178334984049        2.0000000000000000     
   1300.0052000000001        1.3141870999999999E-002   17.494627006068573        38.713132858976735        1.5000000000000000     
   1550.0052000000001        1.3168342000000000E-002   16.577855074090063        38.580735777282705        2.0000000000000000     
   10300.004999999999        1.3206261000000000E-002   17.292663587545750        38.517941163990550        2.0000000000000000     
   1500.0052000000001        1.1673233999999999E-002   18.187592142720675        37.928776989255255        1.0000000000000000     
   5150.0051999999996        1.3126644999999999E-002   17.484236121408749        37.595340861142404        2.0000000000000000     
   940.00521000000003        1.2301108999999999E-002   15.814559564888588        37.398390444467907       0.50000000000000000     
   3100.0052000000001        1.2619613000000000E-002   15.950289636149810        37.145302607546178        2.0000000000000000     
   880.00521000000003        1.3097035000000000E-002   16.480299417927164        36.839363474694821       0.50000000000000000     
   6800.0051999999996        1.2525455000000000E-002   15.909991337734482        36.605545484501441        2.0000000000000000     
   1600.0052000000001        1.2928878000000000E-002   16.230857506405510        36.359863507483368        2.0000000000000000     
   2250.0052000000001        1.2622800999999999E-002   15.970397591778726        36.199054815514231        2.0000000000000000     
   2050.0052000000001        1.2801323999999999E-002   16.125115099668847        35.188593785867269        2.0000000000000000     
   1300.0052000000001        1.2480722000000000E-002   18.076082571654293        34.726182986706029        1.0000000000000000     
   7450.0051999999996        1.2342008999999999E-002   18.120590545957182        34.317332406399430        1.5000000000000000     
   7450.0051999999996        1.3114387000000000E-002   17.283232416982759        33.051976203802504        2.0000000000000000     
   4350.0051999999996        1.3088759000000000E-002   17.367894853627728        33.018570981609443        2.0000000000000000     
   880.00521000000003        1.2208932000000000E-002   15.891588302931131        31.805725910354290       0.50000000000000000     
   6300.0051999999996        1.3075656999999999E-002   17.334133656840034        31.717083435337013        2.0000000000000000     
   900.00521000000003        1.3073585000000000E-002   16.662728780681949        31.658417061217435       0.50000000000000000     
   8300.0051999999996        1.1605251000000000E-002   15.947019640630547        31.614859626200097        1.5000000000000000     
   2150.0052000000001        1.1628806000000000E-002   15.938782219105457        31.599203438033701        1.5000000000000000     
   4400.0051999999996        1.3087015000000000E-002   17.263796789555371        31.279760350758803        2.0000000000000000     
   2000.0052000000001        1.3093120000000000E-002   16.777386996778741        31.111698562457196        2.0000000000000000     
   5100.0051999999996        1.3068725999999999E-002   17.319290529048285        31.103043992131028        2.0000000000000000     
   1000.0051999999999        1.2951786999999999E-002   17.560654855645627        30.505809923249529       0.50000000000000000     
   8950.0051999999996        1.3082142000000000E-002   16.888089086702049        29.588885486785376        2.0000000000000000     
   1550.0052000000001        1.1388709000000000E-002   17.894283265108118        29.335480999474676        1.0000000000000000     
   12200.004999999999        1.3042264000000000E-002   16.777918452190477        28.390862824720742        2.0000000000000000     
   4250.0051999999996        1.3044103000000000E-002   17.211466175181108        28.371726790027367        2.0000000000000000     
   920.00521000000003        1.3049839000000001E-002   16.844312643120453        28.160013349417031       0.50000000000000000     
   1250.0052000000001        1.2634827000000000E-002   17.849899891970225        28.133378628360873        1.0000000000000000     
   5950.0051999999996        1.2659594999999999E-002   16.169631346383674        28.114441659147207        2.0000000000000000     
   7150.0051999999996        1.3041581000000000E-002   17.194670764824995        28.069693498061071        2.0000000000000000     
   4400.0051999999996        1.3036196999999999E-002   17.218840363934579        28.039884512921326        2.0000000000000000     
   2750.0052000000001        1.3050348999999999E-002   17.132191647650423        28.017692718219241        2.0000000000000000     
   10500.004999999999        1.3036895000000000E-002   16.796235705420820        27.916779546354316        2.0000000000000000     
   1150.0052000000001        1.1874068999999999E-002   18.046645758879102        27.783148237359629       0.50000000000000000     
   980.00521000000003        1.2976771000000000E-002   17.383160502086987        27.522340015736798       0.50000000000000000     
   1350.0052000000001        1.2966270000000000E-002   17.407180338874952        27.486839587464683        1.5000000000000000     
   5100.0051999999996        1.3027518000000000E-002   17.205094294168177        27.446424047847763        2.0000000000000000     
   1100.0052000000001        1.3032218000000000E-002   16.886981226710176        26.956182402288494        1.0000000000000000     
   9950.0051999999996        1.2977580000000001E-002   16.660220407030632        26.777821826047191        2.0000000000000000     
   9250.0051999999996        1.2935973999999999E-002   16.565544294841541        26.619978176428191        2.0000000000000000     
   1600.0052000000001        1.1039933000000000E-002   17.369766587715262        26.461400409361172        1.0000000000000000     
   940.00521000000003        1.3025791000000000E-002   17.024964414953946        26.321761271010502       0.50000000000000000     
   960.00521000000003        1.3001436999999999E-002   17.204597300188620        26.118404240887656       0.50000000000000000     
   11900.004999999999        1.2918417999999999E-002   16.551456948330358        26.117063213648525        2.0000000000000000     
   9500.0051999999996        1.1678348999999999E-002   16.038513373841628        25.697896893966643        1.5000000000000000     
   3400.0052000000001        1.2239307000000000E-002   17.975816600806368        25.237146329335030        1.5000000000000000     
   9150.0051999999996        1.1712978000000001E-002   16.037875638369691        25.201622307532208        1.5000000000000000     
   8200.0051999999996        1.2993345000000000E-002   16.856229860196503        25.185104784052957        2.0000000000000000     
   11600.004999999999        1.2348776000000001E-002   17.938410447329289        25.056471143360444        1.5000000000000000     
   960.00521000000003        1.2264588000000000E-002   16.040293854483490        24.776066789354747       0.50000000000000000     
   4750.0051999999996        1.1569015000000000E-002   16.112555854213763        24.332629200725389        1.5000000000000000     
   5900.0051999999996        1.2985683000000000E-002   17.024384513068394        24.304140750918926        2.0000000000000000     
   2800.0052000000001        1.2735886000000000E-002   16.347501556679639        24.182060955083436        2.0000000000000000     
   7200.0051999999996        1.2715526000000000E-002   16.328899103304924        24.058847066648745        2.0000000000000000     
   7500.0051999999996        1.2791334999999999E-002   16.421182772180043        24.031012177509290        2.0000000000000000     
   2200.0052000000001        1.2956494000000001E-002   16.789525577703120        23.979507484516127        2.0000000000000000     
   3050.0052000000001        1.2950280000000000E-002   16.776509956090766        23.824498056575244        2.0000000000000000     
   4050.0052000000001        1.1571902000000000E-002   16.134292608442994        23.317929308114497        1.5000000000000000     
   1200.0052000000001        1.2776891000000000E-002   17.571217887681442        23.246238046461279        1.0000000000000000     
   7950.0051999999996        1.2927317000000001E-002   16.754503301642504        23.004637226098513        2.0000000000000000     
   5750.0051999999996        1.2246419000000000E-002   17.925012181037935        22.909245904930621        1.5000000000000000     
   4300.0051999999996        1.2729436000000000E-002   16.390691663680972        22.583338565558449        2.0000000000000000     
   5150.0051999999996        1.2709655000000000E-002   16.372329577317235        22.439509805976634        2.0000000000000000     
   5950.0051999999996        1.1576891000000001E-002   16.152336736872400        22.438855529202325        1.5000000000000000     
   4450.0051999999996        1.2780237999999999E-002   16.464999576082867        22.374920311576084        2.0000000000000000     
   7850.0051999999996        1.2916342000000001E-002   16.774893902398031        22.258886426394017        2.0000000000000000     
   1150.0052000000001        1.2908859999999999E-002   17.248098504350047        22.189485184017023        1.0000000000000000     
   4450.0051999999996        1.2720024000000000E-002   16.392459931326560        22.188487770326560        2.0000000000000000     
   900.00521000000003        1.2170294999999999E-002   16.078830541054490        21.938838382383285       0.50000000000000000     
   4400.0051999999996        1.2240686000000001E-002   17.878609937694176        20.747128828293924        1.5000000000000000     
   5150.0051999999996        1.2758494000000000E-002   16.505935494105806        20.485322645325041        2.0000000000000000     
   6350.0051999999996        1.2767603000000001E-002   16.526628421013378        20.332376012319497        2.0000000000000000     
   4400.0051999999996        1.2782224000000000E-002   16.566362431855559        19.997898799816127        2.0000000000000000     
   3600.0052000000001        1.2848432999999999E-002   16.720584819354659        19.947785817665476        2.0000000000000000     
   6750.0051999999996        1.2874920999999999E-002   16.826685045111983        19.888121690231870        2.0000000000000000     
   7800.0051999999996        1.2236205000000000E-002   17.851887044030804        19.537607975088520        1.5000000000000000     
   2050.0052000000001        1.2385774000000000E-002   17.794166558043564        19.488052242838016        1.5000000000000000     
   5200.0051999999996        1.2826760000000000E-002   16.697195131893857        19.380572938778176        2.0000000000000000     
   1100.0052000000001        1.1728028999999999E-002   17.818222709100958        18.586415257859795       0.50000000000000000     
   11600.004999999999        1.1728851000000000E-002   16.219476855234916        17.068453631838668        1.5000000000000000     
   7350.0051999999996        1.1640751000000000E-002   16.261667881149446        16.854853800043323        1.5000000000000000     
   1400.0052000000001        1.2772011999999999E-002   17.254546089185855        16.519906696134754        1.5000000000000000     
   1550.0052000000001        1.2011219000000000E-002   16.202804349955489        15.891168786931281        1.5000000000000000     
   3000.0052000000001        1.1714633000000000E-002   16.278955201487197        15.033497869284588        1.5000000000000000     
   980.00521000000003        1.2227297000000000E-002   16.263671385754645        14.846093520438718       0.50000000000000000     
   920.00521000000003        1.2130779000000000E-002   16.264169338144622        13.963747362381897       0.50000000000000000     
   8250.0051999999996        1.1742646000000001E-002   16.306721478719041        13.671654460193670        1.5000000000000000     
   5100.0051999999996        1.1680816000000000E-002   16.398285794036042        11.598460146798494        1.5000000000000000     
   4500.0051999999996        1.1668985000000000E-002   16.413669301316794        11.333865343344343        1.5000000000000000     
   2650.0052000000001        1.1719241000000000E-002   16.419790526485180        10.386716079680157        1.5000000000000000     
   8200.0051999999996        1.2201847000000000E-002   17.607850291958908        10.255604497264457        1.5000000000000000     
   4450.0051999999996        1.2087890000000000E-002   17.586438749542040        8.7908762301346375        1.5000000000000000     
   5050.0051999999996        1.2097159999999999E-002   17.566455207116917        8.2577889546026384        1.5000000000000000     
   940.00521000000003        1.2090347000000000E-002   16.447421835480856        7.8376299906208668       0.50000000000000000     
   1450.0052000000001        1.2553929000000000E-002   17.020531062391591        7.6814719263522910        1.5000000000000000     
   1000.0051999999999        1.2189208000000000E-002   16.484571610345462        7.5366521504286306       0.50000000000000000     
   1100.0052000000001        1.1985475000000001E-002   17.546782905638675        7.4795628156071468       0.50000000000000000     
   2600.0052000000001        1.2131939000000000E-002   17.520066119319100        7.1969165250888079        1.5000000000000000     
   7300.0051999999996        1.2083363999999999E-002   17.517122534085171        6.8591316034045233        1.5000000000000000     
   9450.0051999999996        1.2173064000000001E-002   17.409370624491451        4.9383863202844749        1.5000000000000000     
   9100.0051999999996        1.2199831000000000E-002   17.392983528279522        4.8592119868756258        1.5000000000000000     
   1500.0052000000001        1.2304357000000000E-002   16.681805805797016        4.8470182584074211        1.5000000000000000     
   1050.0052000000001        1.1849538999999999E-002   17.410512658634467        4.7789787885406509       0.50000000000000000     
   7850.0051999999996        1.1809658000000001E-002   16.635729550817821        4.2230758746831363        1.5000000000000000     
   10800.004999999999        1.2176681000000000E-002   17.367591647445259        4.1584948145673986        1.5000000000000000     
   5900.0051999999996        1.2016763000000000E-002   17.385763290167141        3.7273577447198147        1.5000000000000000     
   2950.0052000000001        1.2121767000000000E-002   17.355824149585533        3.5359506173276207        1.5000000000000000     
   960.00521000000003        1.2048957000000001E-002   16.628396822848604        3.5121426280934345       0.50000000000000000     
   4000.0052000000001        1.2012769000000000E-002   17.361930563439483        3.2789194054235469        1.5000000000000000     
   8250.0051999999996        1.2100039999999999E-002   17.341829224126496        3.1713804272562571        1.5000000000000000     
   4700.0051999999996        1.2010407000000001E-002   17.347086572131985        3.0144347654636352        1.5000000000000000     
   4450.0051999999996        1.1861943000000000E-002   16.821385047786876        1.2740759103820773        1.5000000000000000     
   980.00521000000003        1.2006564000000001E-002   16.806926983922974       0.93300686310774095       0.50000000000000000     
   5800.0051999999996        1.1868551000000000E-002   16.859416704530648       0.92606257125051328        1.5000000000000000     
   3450.0052000000001        1.1860219999999999E-002   16.923417056079831       0.63508491279640966        1.5000000000000000     
   1050.0052000000001        1.2090260000000000E-002   17.025080400071861       0.21939736151581352       0.50000000000000000     
   8800.0051999999996        1.2043999999999999E-002   17.073718603545636       0.18426081111437048        1.5000000000000000     
   11300.004999999999        1.2000650000000000E-002   16.941802533980852        8.4684186253311436E-002   1.5000000000000000     
   2100.0052000000001        1.2051086000000001E-002   16.996612288970468        6.5531402838369751E-002   1.5000000000000000     
   7500.0051999999996        1.1961678999999999E-002   17.030602880914468        6.0125885188726649E-002   1.5000000000000000     
