  #time	ai	proti	chi2	massp                                                                                                                                                                              
   520.00521000000003        1.3372332000000001E-002   13.454404391510300        99.964682109497673        2.0000000000000000     
   660.00521000000003        1.3870053000000000E-002   12.705551747092086        99.872541312156798        1.0000000000000000     
   1000.0051999999999        1.1828757000000001E-002   10.010637471626112        99.672182947103934        3.0000000000000000     
   580.00521000000003        1.3988825999999999E-002   11.850944394604550        99.441165773968706        1.0000000000000000     
   7450.0051999999996        1.0013657000000000E-002   11.827481760690508        99.383031375071099        1.5000000000000000     
   560.00521000000003        1.1987115000000000E-002   10.009026680841124        99.103516567506190        2.0000000000000000     
   1700.0052000000001        1.3210959000000000E-002   13.578912146009163        98.984631607250378        3.0000000000000000     
   1050.0052000000001        1.2373294000000000E-002   10.051645046101193        98.385883268157244        3.5000000000000000     
   1200.0052000000001        1.2255612000000001E-002   10.034583520170067        98.204983047749025        3.5000000000000000     
   2800.0052000000001        1.1082882000000000E-002   10.244032789554288        98.113155517190449        2.5000000000000000     
   980.00521000000003        1.3948021999999999E-002   12.313776299556965        97.331136686059097        3.5000000000000000     
   760.00521000000003        1.3847809000000001E-002   11.311216567509756        97.220521893126431        3.5000000000000000     
   720.00521000000003        1.3497133999999999E-002   10.718879721013533        97.066986187957554        3.5000000000000000     
   540.00521000000003        1.3455131000000000E-002   13.326333296932004        96.914157406620831       0.50000000000000000     
   840.00521000000003        1.3952677000000000E-002   11.753793137509955        96.839136907648921        3.5000000000000000     
   960.00521000000003        1.2414157000000000E-002   10.076035857644598        96.829098501679340        3.5000000000000000     
   280.00520999999998        1.3686233000000001E-002   10.985743720870703        96.802441076095562       0.50000000000000000     
   12100.004999999999        1.1148576000000000E-002   10.227532370333080        96.664106724776062        2.5000000000000000     
   520.00521000000003        1.1372457000000001E-002   10.137811477282076        96.538905688536090        1.0000000000000000     
   840.00521000000003        1.3953056000000000E-002   11.798701564673902        96.373724767855478        3.5000000000000000     
   640.00521000000003        1.3900490000000000E-002   12.492710415269782        96.365649216675934        1.0000000000000000     
   520.00521000000003        1.3671267000000001E-002   10.969712570426191        96.365642057821262        1.5000000000000000     
   600.00521000000003        1.3959862999999999E-002   12.065276328381898        96.133104293896565        1.0000000000000000     
   540.00522000000001        1.3862085999999999E-002   11.393974435530373        95.865785510682556       0.50000000000000000     
   3600.0052000000001        1.3557533000000000E-002   13.185027588450108        95.754987804825078        3.5000000000000000     
   540.00521000000003        1.3290767000000000E-002   13.466990187143903        95.453491937663259        2.0000000000000000     
   620.00521000000003        1.3930422000000000E-002   12.279240962872935        95.112619984661094        1.0000000000000000     
   800.00521000000003        1.2891965000000000E-002   10.267264917234055        94.949309474811415        3.5000000000000000     
   480.00520999999998        1.3037656999999999E-002   10.350425719883679        94.945683214409982        1.0000000000000000     
   180.00521000000001        1.3938343000000001E-002   11.827335375294957        94.674671180335480        2.5000000000000000     
   3800.0052000000001        1.0501437000000001E-002   10.758688160982674        94.663655354859429        2.0000000000000000     
   420.00520999999998        1.3829107000000000E-002   11.342440044042313        94.450441731939236        2.0000000000000000     
   660.00522000000001        1.3767827999999999E-002   12.803135431782517        94.256062451109727       0.50000000000000000     
   1500.0052000000001        1.1609629999999999E-002   10.100292253161760        94.031954011081623        3.0000000000000000     
   500.00520999999998        1.3622166999999999E-002   10.938252846107853        93.968322351038083        1.5000000000000000     
   7050.0051999999996        1.3529945999999999E-002   13.190163272309919        93.930586343016842        3.5000000000000000     
   480.00520999999998        1.2978814000000000E-002   10.328524413604288        93.797686191409099       0.50000000000000000     
   7300.0051999999996        1.1795257999999999E-002   13.923731552802190        93.566556640948249        2.0000000000000000     
   3300.0052000000001        1.1064295000000000E-002   10.306797691659444        93.561946569742361        2.5000000000000000     
   760.00521000000003        1.3922402000000000E-002   11.789295856180427        93.500646780563528        3.5000000000000000     
   3900.0052000000001        1.3524042000000000E-002   13.177343137437244        92.721023926933967        3.5000000000000000     
   300.00520999999998        1.3058421000000001E-002   10.393473304333702        92.529575420296879        1.5000000000000000     
   720.00521000000003        1.3910723999999999E-002   11.784940659124453        92.427922683818267        3.0000000000000000     
   600.00521000000003        1.3602199000000001E-002   10.940862822680128        92.220332306214189        3.0000000000000000     
   2800.0052000000001        1.2556532000000000E-002   13.836244454200985        92.038036944234065        2.5000000000000000     
   740.00521000000003        1.3363088000000000E-002   10.651831334109456        91.889192178503180        3.5000000000000000     
   1450.0052000000001        1.3242853000000001E-002   13.456277290527085        91.635678533870248        3.0000000000000000     
   420.00520999999998        1.1260238000000001E-002   13.763315172620128        91.413203740546592       0.50000000000000000     
   140.00521000000001        1.0550383000000000E-002   10.760909951826644        90.918341364638977        1.0000000000000000     
   700.00521000000003        1.3888315000000000E-002   11.738135241066173        90.857671732721229        3.5000000000000000     
   1750.0052000000001        1.1843124999999999E-002   13.897556579713756        90.633265819337836        2.0000000000000000     
   560.00521000000003        1.3205461999999999E-002   13.470474784953554        90.385868390137418        2.0000000000000000     
   8900.0051999999996        1.0697887000000000E-002   13.385112307565400        90.350859945627491        1.5000000000000000     
   320.00520999999998        1.3038944000000000E-002   10.410271182667007        90.166058175337938       0.50000000000000000     
   780.00521000000003        1.2283216000000000E-002   10.122953345114801        90.087883658042131        3.0000000000000000     
   6600.0051999999996        1.2521947000000000E-002   13.822663768796168        89.863294991227974        2.5000000000000000     
   780.00521000000003        1.3062562000000000E-002   10.430896735390160        89.778076063030142        3.5000000000000000     
   860.00521000000003        1.1781658000000000E-002   13.882111412556533        89.750412376953633        1.0000000000000000     
   500.00520999999998        1.1645841000000001E-002   10.138951117572784        89.723286079533636       0.50000000000000000     
   960.00521000000003        1.3884143000000000E-002   12.180216955703726        89.561829349125645        3.5000000000000000     
   1600.0052000000001        1.2602033000000000E-002   13.790682989396259        89.224730608795511        2.5000000000000000     
   760.00521000000003        1.3218828000000000E-002   10.557271274154344        89.175197074689692        3.5000000000000000     
   560.00522000000001        1.3846753000000000E-002   11.627608734690751        88.729301641689176       0.50000000000000000     
   620.00521000000003        1.0584807000000000E-002   10.756518677314620        88.725427055579644        1.0000000000000000     
   5350.0051999999996        1.3503839000000000E-002   13.133985922424809        88.686397152933040        3.5000000000000000     
   780.00521000000003        1.3736415000000000E-002   11.278609949733164        88.388519841932350        3.5000000000000000     
   9750.0051999999996        1.3602645000000000E-002   12.981249704111400        88.283051972964756        3.5000000000000000     
   6200.0051999999996        1.3099006000000000E-002   13.522457072644057        88.142242950643663        3.0000000000000000     
   2250.0052000000001        1.0123485000000000E-002   12.048798690766777        88.092250882151603        1.5000000000000000     
   200.00521000000001        1.3863326000000000E-002   11.815144448932500        87.653888285936503        2.5000000000000000     
   640.00522000000001        1.3783920000000000E-002   12.567290426662227        87.604728644464132       0.50000000000000000     
   500.00520999999998        1.2988141000000000E-002   10.411782809679785        87.471411341706883        1.5000000000000000     
   860.00521000000003        1.3847109999999999E-002   11.707604860592269        87.432760987018327        3.5000000000000000     
   300.00520999999998        1.3669535000000000E-002   11.160869918516324        87.287163242986026       0.50000000000000000     
   520.00521000000003        1.3474072000000000E-002   13.141843586280119        86.917377691003196       0.50000000000000000     
   860.00521000000003        1.3847478999999999E-002   11.757154896387620        86.803814262006156        3.5000000000000000     
   96.005207999999996        1.2075941000000000E-002   10.138182471821299        86.803286017502813       0.50000000000000000     
   2400.0052000000001        1.3131867000000000E-002   13.476252576766338        86.511114396929599        3.0000000000000000     
   540.00521000000003        1.1243814000000000E-002   10.300984338292766        86.461785704602832        1.0000000000000000     
   1000.0051999999999        1.3842469000000000E-002   12.238986795134251        86.295171850541522        3.5000000000000000     
   1450.0052000000001        1.2698592999999999E-002   13.721201839109494        86.264197174247940        2.5000000000000000     
   11400.004999999999        1.0654189999999999E-002   13.274282087953857        85.874985972423559        1.5000000000000000     
   680.00521000000003        1.0538782999999999E-002   10.863849441201598        85.649832068851651        1.5000000000000000     
   440.00520999999998        1.3765964000000000E-002   11.462386332749890        85.191436336569552        2.0000000000000000     
   660.00521000000003        1.2585003000000001E-002   13.750394574562783        85.152740066197339       0.50000000000000000     
   580.00521000000003        1.3116038000000000E-002   13.463793796024024        84.705827344880888        2.0000000000000000     
   4600.0051999999996        1.0229927000000000E-002   12.490170394506046        84.335639802979600        1.5000000000000000     
   580.00522000000001        1.3831272000000000E-002   11.861829478275142        84.316209998118126       0.50000000000000000     
   880.00521000000003        1.2563263999999999E-002   10.253848595271096        84.157774677343895        3.5000000000000000     
   780.00521000000003        1.3814997000000001E-002   11.734949471211525        84.111651429102210        3.5000000000000000     
   6000.0051999999996        1.3488238000000000E-002   13.068228873437780        83.899133714652237        3.5000000000000000     
   620.00522000000001        1.3799857000000000E-002   12.331742450735426        83.738460861541924       0.50000000000000000     
   620.00521000000003        1.3494226000000000E-002   10.944109257773462        83.690416954375294        3.0000000000000000     
   540.00521000000003        1.3620106999999999E-002   11.153380017904915        83.537804919594208        1.5000000000000000     
   740.00521000000003        1.3818510000000001E-002   11.820272596082361        83.482018148473088        3.0000000000000000     
   6050.0051999999996        1.1746529000000000E-002   13.807080959285861        83.244726179496098        2.0000000000000000     
   2750.0052000000001        1.0335647999999999E-002   12.734096454833786        82.724132719968168        1.5000000000000000     
   600.00522000000001        1.3815640000000001E-002   12.096564639347189        82.646837636250154       0.50000000000000000     
   5200.0051999999996        1.0259617000000000E-002   12.520631674098048        82.499761792989247        1.5000000000000000     
   920.00521000000003        1.2695944000000001E-002   10.327727783414970        82.020808965675116        3.5000000000000000     
   720.00521000000003        1.3778989000000000E-002   11.672343291915329        81.804023429339580        3.5000000000000000     
   760.00521000000003        1.2599430000000000E-002   13.705277787555044        81.682214727962190       0.50000000000000000     
   1500.0052000000001        1.3208397000000000E-002   13.343625177551228        81.638798683306874        3.0000000000000000     
   520.00521000000003        1.3569690000000001E-002   11.114039111964580        81.221337308098143        1.5000000000000000     
   4750.0051999999996        1.3059355000000000E-002   13.456122419871349        81.063137779683402        3.0000000000000000     
   600.00521000000003        1.0778116000000001E-002   10.684675440992303        80.576980721429095        1.0000000000000000     
   1650.0052000000001        1.3480705000000001E-002   13.013749442660057        80.504382741621768        3.5000000000000000     
   220.00521000000001        1.3785310000000000E-002   11.823861276709072        80.458920151387488        2.5000000000000000     
   800.00521000000003        1.3618256000000000E-002   11.226396409463195        80.430377782559347        3.5000000000000000     
   1850.0052000000001        1.2562868000000000E-002   13.702814390820368        80.409929115048271        2.5000000000000000     
   560.00521000000003        1.1103635000000001E-002   10.449630188228470        80.177918385949283        1.0000000000000000     
   180.00521000000001        1.2159101000000000E-002   10.218754963696588        79.953672856941338        1.0000000000000000     
   3200.0052000000001        1.2489468000000000E-002   13.712893341464783        79.339561173070393        2.5000000000000000     
   320.00520999999998        1.3652671000000000E-002   11.336498880062358        79.288882381937185       0.50000000000000000     
   980.00521000000003        1.3774935000000000E-002   12.101759193950567        79.018733666029490        3.5000000000000000     
   2400.0052000000001        1.3479804999999999E-002   12.985219385307399        79.012003923045185        3.5000000000000000     
   3100.0052000000001        1.0354290000000000E-002   12.670393862899866        78.944736473943507        1.5000000000000000     
   400.00520999999998        1.1325973000000000E-002   13.641543367932258        78.724424204447800       0.50000000000000000     
   500.00520999999998        1.3492804000000001E-002   12.957893462096090        78.650593809712092       0.50000000000000000     
   320.00520999999998        1.2987599000000001E-002   10.527535500573725        78.587586788365897        1.5000000000000000     
   880.00521000000003        1.3735588999999999E-002   11.644163471628955        78.472224006581044        3.5000000000000000     
   1700.0052000000001        1.0527477000000000E-002   12.984989844452215        78.463226496039610        1.5000000000000000     
   600.00521000000003        1.3022051000000000E-002   13.445723871098501        78.367643713792972        2.0000000000000000     
   6950.0051999999996        1.0579532000000001E-002   10.943686982162919        78.338164984174909        2.0000000000000000     
   7950.0051999999996        1.0315014000000001E-002   12.534356029690016        78.117858039994104        1.5000000000000000     
   580.00521000000003        1.0949501000000000E-002   10.579504653840893        78.033879327032309        1.0000000000000000     
   880.00521000000003        1.3735944000000000E-002   11.697606329107783        77.623591321534988        3.5000000000000000     
   840.00521000000003        1.1876754000000000E-002   13.755347173641834        77.410829636689996        1.0000000000000000     
   460.00520999999998        1.0400591000000001E-002   11.272159360028049        77.196531498362233        1.0000000000000000     
   460.00520999999998        1.3700624999999999E-002   11.578381711862203        76.747187808549839        2.0000000000000000     
   6700.0051999999996        1.1133229999999999E-002   10.480941261046151        76.470741362010045        2.5000000000000000     
   640.00521000000003        1.3379713000000000E-002   10.931466651263625        76.134288547048357        3.0000000000000000     
   500.00520999999998        1.2990148000000000E-002   10.564145914049218        76.051750153410495        1.0000000000000000     
   540.00521000000003        1.1629944999999999E-002   10.296249478906127        75.992661539057778        2.5000000000000000     
   1450.0052000000001        1.3539519999999999E-002   12.806608310979446        75.518472452496155        3.5000000000000000     
   9850.0051999999996        1.2387182000000000E-002   10.306114681568985        75.478932379599712        3.5000000000000000     
   1600.0052000000001        1.2215156000000000E-002   10.278490871030392        75.247142486964961        3.5000000000000000     
   800.00521000000003        1.3701372999999999E-002   11.662705810592996        75.210939954930808        3.5000000000000000     
   1850.0052000000001        1.1678778000000001E-002   10.299421564856893        74.878762659593036        3.0000000000000000     
   760.00521000000003        1.3721690999999999E-002   11.841308124034873        74.735078999820118        3.0000000000000000     
   860.00521000000003        1.0822218000000000E-002   10.734290338691606        74.729785214880394        2.0000000000000000     
   340.00520999999998        1.3015418000000001E-002   10.601467747482086        74.674154246523045       0.50000000000000000     
   500.00520999999998        1.2954459000000000E-002   10.568121938966902        74.031668731828560       0.50000000000000000     
   760.00521000000003        1.2486676000000000E-002   10.351722116924085        73.841835995313090        3.0000000000000000     
   820.00521000000003        1.3492410999999999E-002   11.152231985524786        73.650032260029747        3.5000000000000000     
   740.00521000000003        1.3663178999999999E-002   11.588815404830326        73.380932301636733        3.5000000000000000     
   240.00521000000001        1.3704021000000000E-002   11.836921549408286        73.257057385061387        2.5000000000000000     
   340.00520999999998        1.3635637000000001E-002   11.513015669253749        72.811556556539941       0.50000000000000000     
   9500.0051999999996        1.2604558000000000E-002   13.592630375981019        72.549045818370701        2.5000000000000000     
   860.00521000000003        1.0526587000000000E-002   11.146034266462056        72.505085764446179        1.5000000000000000     
   560.00521000000003        1.3567464000000000E-002   11.334843762286729        72.484408070364310        1.5000000000000000     
   940.00521000000003        1.2632680000000000E-002   10.419547728882305        72.452832736600328        3.5000000000000000     
   3650.0052000000001        1.3017071000000000E-002   13.362512598876918        72.271849951926725        3.0000000000000000     
   480.00520999999998        1.3511331999999999E-002   12.774545957111913        72.101148785675775       0.50000000000000000     
   1150.0052000000001        1.2461686000000000E-002   10.366931371572853        72.001675975954043        3.5000000000000000     
   2050.0052000000001        1.2252782000000000E-002   10.324724840227150        71.761138001569293        3.5000000000000000     
   620.00521000000003        1.2922982000000000E-002   13.414845408805762        71.342082163155595        2.0000000000000000     
   520.00521000000003        1.2914286000000001E-002   10.584216834796349        71.009021079180528        1.5000000000000000     
   900.00521000000003        1.2884672000000000E-002   10.569625529699225        70.715391286001548        3.5000000000000000     
   10100.004999999999        1.3485512999999999E-002   12.782651749884174        70.482318200121640        3.5000000000000000     
   900.00521000000003        1.3617363000000000E-002   11.561587274592723        70.201722950109612        3.5000000000000000     
   200.00521000000001        1.2080604000000000E-002   10.326774071722690        70.154548219165179        1.0000000000000000     
   540.00521000000003        1.3515650000000001E-002   11.287648247667940        70.116001062289286        1.5000000000000000     
   1800.0052000000001        1.1151482000000001E-002   10.558983499259087        69.912783155570111        2.5000000000000000     
   660.00521000000003        1.3257771000000000E-002   10.900661195388004        69.763343491950351        3.0000000000000000     
   640.00521000000003        1.2615408999999999E-002   13.551750261389772        69.666426459432870       0.50000000000000000     
   520.00521000000003        1.1592819000000001E-002   10.382654971559335        69.540030955060331       0.50000000000000000     
   900.00521000000003        1.3617700000000000E-002   11.618156134442447        69.068953888455496        3.5000000000000000     
   480.00520999999998        1.3632925000000001E-002   11.689904359465181        69.065087343950509        2.0000000000000000     
   1000.0051999999999        1.3659401999999999E-002   12.004260050434180        68.840832118937371        3.5000000000000000     
   3800.0052000000001        1.1713832000000000E-002   10.366753439853657        68.734659377346929        3.0000000000000000     
   840.00521000000003        1.3357747999999999E-002   11.053316534015497        68.492232067593250        3.5000000000000000     
   2700.0052000000001        1.2504431000000000E-002   13.570318435226119        68.008764028459709        2.5000000000000000     
   360.00520999999998        1.3618430000000001E-002   11.690509657163963        67.877501667328474       0.50000000000000000     
   460.00520999999998        1.3529660000000001E-002   12.591862847163570        67.254036330810692       0.50000000000000000     
   820.00521000000003        1.3580722999999999E-002   11.570555876383622        67.077689469640617        3.5000000000000000     
   380.00520999999998        1.1389078000000000E-002   13.518158206392680        66.950749497246704       0.50000000000000000     
   4900.0051999999996        1.3004791000000000E-002   13.291648958277584        66.949049659729724        3.0000000000000000     
   860.00521000000003        1.2765894000000000E-002   10.557899996326510        66.656150187245316        3.5000000000000000     
   3200.0052000000001        1.1685452000000001E-002   13.597853624904326        66.301914495835007        2.0000000000000000     
   780.00521000000003        1.3619765000000001E-002   11.846555117543572        66.179602975818540        3.0000000000000000     
   260.00520999999998        1.3619147999999999E-002   11.851713277446050        66.090733244771968        2.5000000000000000     
   920.00521000000003        1.2195605000000000E-002   13.613806412850202        66.065809462456386        1.5000000000000000     
   940.00521000000003        1.2076895000000001E-002   13.623276268767169        66.023465188412928        1.5000000000000000     
   760.00521000000003        1.3540020999999999E-002   11.485431210618520        65.911145784550314        3.5000000000000000     
   880.00521000000003        1.3055940000000000E-002   10.766802711842724        65.894621153270691        3.5000000000000000     
   340.00520999999998        1.2913847000000001E-002   10.658215940709345        65.887519742837497        1.5000000000000000     
   860.00521000000003        1.3212856000000000E-002   10.926247051075517        65.599127800543542        3.5000000000000000     
   98.005207999999996        1.2071083000000000E-002   10.383007782832728        65.492913640019182       0.50000000000000000     
   2350.0052000000001        1.1665804000000000E-002   13.582511229706025        65.400717239234396        2.0000000000000000     
   1150.0052000000001        1.3320767000000001E-002   12.932815625864979        65.364263058758098        3.0000000000000000     
   820.00521000000003        1.1966749000000000E-002   13.616479346329527        65.352775707329130        1.0000000000000000     
   2150.0052000000001        1.1754476000000000E-002   10.403516854883035        65.226009857633542        3.0000000000000000     
   740.00521000000003        1.2669254000000000E-002   10.530500379027568        65.183250270699403        3.0000000000000000     
   900.00521000000003        1.2306741000000000E-002   13.582413561851613        64.953066298518749        1.5000000000000000     
   3950.0052000000001        1.2448552999999999E-002   13.547993050693362        64.937055438865741        2.5000000000000000     
   680.00521000000003        1.3127309000000000E-002   10.848954299046651        64.893295297160392        3.0000000000000000     
   960.00521000000003        1.1949433000000001E-002   13.607404665415242        64.657667575378397        1.5000000000000000     
   380.00520999999998        1.3601045000000001E-002   11.868985219442456        64.512752343727058       0.50000000000000000     
   440.00520999999998        1.3547791000000000E-002   12.409905916579740        64.091998903984532       0.50000000000000000     
   749.16521000000000        1.0803864999999999E-002   13.058719011157669        63.790623042342105       0.50000000000000000     
   640.00521000000003        1.2818213000000000E-002   13.369495034528390        63.624728522419055        2.0000000000000000     
   740.00521000000003        1.2629596999999999E-002   13.465208298637254        63.580692421280645       0.50000000000000000     
   580.00521000000003        1.3513249000000000E-002   11.513766482973109        63.158641943300132        1.5000000000000000     
   920.00521000000003        1.3491525000000001E-002   11.457652588985855        62.969691087282179        3.5000000000000000     
   880.00521000000003        1.2411254000000000E-002   13.531904971926418        62.896565853398748        1.5000000000000000     
   400.00520999999998        1.3583480000000000E-002   12.048410027645829        62.743814194794645       0.50000000000000000     
   420.00520999999998        1.3565730000000000E-002   12.228735324612197        62.595760098173066       0.50000000000000000     
   500.00520999999998        1.3562680000000001E-002   11.796376572354916        62.085785120722498        2.0000000000000000     
   700.00521000000003        1.2986968999999999E-002   10.772996525177980        61.991133463346586        3.0000000000000000     
   980.00521000000003        1.2087845000000000E-002   10.428619333601786        61.923846738899449        3.0000000000000000     
   980.00521000000003        1.1811725000000000E-002   13.561976115809388        61.880419776603723        1.5000000000000000     
   1450.0052000000001        1.3423731000000000E-002   12.669073212525010        61.866725328785499        3.5000000000000000     
   720.00521000000003        1.2835028000000000E-002   10.668614994168850        61.746444423449134        3.0000000000000000     
   2900.0052000000001        1.1210921000000000E-002   10.642295151637061        61.650202500786406        2.5000000000000000     
   3700.0052000000001        1.2960040000000001E-002   13.241349696735252        61.565646795696864        3.0000000000000000     
   920.00521000000003        1.3491839000000000E-002   11.516566264499390        61.482297100549324        3.5000000000000000     
   360.00520999999998        1.2991552999999999E-002   10.793595557550873        60.964725921741021       0.50000000000000000     
   6100.0051999999996        1.2394588000000000E-002   13.506919978760498        60.662686308070136        2.5000000000000000     
   560.00521000000003        1.3459952000000001E-002   11.458737977709674        60.610612950930083        1.5000000000000000     
   220.00521000000001        1.1998251000000000E-002   10.444772576102899        60.468383173973201        1.0000000000000000     
   1050.0052000000001        1.3551326000000001E-002   11.970574593806123        60.186958359303993        3.5000000000000000     
   860.00521000000003        1.2509922999999999E-002   13.464621670279120        60.128451304703326        1.5000000000000000     
   840.00521000000003        1.3452066000000000E-002   11.456113321707187        60.107712122366252        3.5000000000000000     
   780.00521000000003        1.3408455999999999E-002   11.359652359311189        59.844837321970630        3.5000000000000000     
   520.00521000000003        1.2941284000000001E-002   10.776977703259458        59.544977679199043        1.0000000000000000     
   1350.0052000000001        1.3103666000000000E-002   13.076760213005876        59.437280571444624        3.0000000000000000     
   440.00520999999998        1.0617468999999999E-002   11.322967857963983        59.244114255549100        1.0000000000000000     
   280.00520999999998        1.3530337999999999E-002   11.860242183034176        59.036668984735662        2.5000000000000000     
   920.00521000000003        1.2827807000000000E-002   10.706324039669239        58.971547608302458        3.5000000000000000     
   880.00521000000003        1.1017020000000001E-002   10.836871026159633        57.977967467183717        2.0000000000000000     
   6650.0051999999996        1.2382690000000000E-002   13.473704305758737        57.956398989659689        2.5000000000000000     
   800.00521000000003        1.3512135000000000E-002   11.834309151576562        57.850145754611049        3.0000000000000000     
   1950.0052000000001        1.2965051999999999E-002   13.175169923318084        57.808742931805355        3.0000000000000000     
   1000.0051999999999        1.1661843999999999E-002   13.481667667781558        57.742212460911553        1.5000000000000000     
   1000.0051999999999        1.2885025000000000E-002   10.764837263494590        57.722405759584973        3.5000000000000000     
   840.00521000000003        1.2948369000000000E-002   10.813085217759806        57.704261597961732        3.5000000000000000     
   1850.0052000000001        1.1752952000000001E-002   10.503759317116183        57.494220794618194        3.0000000000000000     
   5050.0051999999996        1.2381600000000000E-002   13.467409171469006        57.472704492389788        2.5000000000000000     
   8550.0051999999996        1.2493491000000001E-002   13.433329388510582        57.449161353164605        2.5000000000000000     
   940.00521000000003        1.3356961000000001E-002   11.329690673128761        57.266445721336019        3.5000000000000000     
   520.00521000000003        1.2929725000000000E-002   10.808362427349699        57.109717038254622       0.50000000000000000     
   840.00521000000003        1.2603392000000000E-002   13.382540264937624        56.887486281701996        1.5000000000000000     
   540.00521000000003        1.2837187999999999E-002   10.751813048973819        56.471360025912901        1.5000000000000000     
   740.00521000000003        1.0844513000000000E-002   12.960538832260415        56.444627385250158       0.50000000000000000     
   620.00521000000003        1.2645274999999999E-002   13.352931403883703        56.170079393153486       0.50000000000000000     
   360.00520999999998        1.1449768000000001E-002   13.393486048505681        56.113964465755238       0.50000000000000000     
   800.00521000000003        1.3267175000000001E-002   11.208390722364483        55.809444787914401        3.5000000000000000     
   520.00521000000003        1.3489685000000000E-002   11.897155760278292        55.743461216879645        2.0000000000000000     
   5000.0051999999996        1.1805876999999999E-002   10.519815967305309        55.715711159550509        3.0000000000000000     
   1950.0052000000001        1.3326765000000001E-002   12.678750601366303        55.525195482205760        3.5000000000000000     
   600.00521000000003        1.3457367000000000E-002   11.689782969211452        55.503832083041075        1.5000000000000000     
   2050.0052000000001        1.2960437999999999E-002   13.137619985781578        55.415509798244479        3.0000000000000000     
   940.00521000000003        1.3357246000000000E-002   11.390156658820693        55.350642182113944        3.5000000000000000     
   660.00521000000003        1.2707006999999999E-002   13.307702333303585        55.248606621678000        2.0000000000000000     
   860.00521000000003        1.3314192000000001E-002   11.316497789370317        54.856898953430587        3.5000000000000000     
   820.00521000000003        1.3114522999999999E-002   11.027817579371135        54.682505277518814        3.5000000000000000     
   360.00520999999998        1.2836899000000001E-002   10.785101003089547        54.409487507364730        1.5000000000000000     
   1000.0051999999999        1.2885182000000000E-002   10.825133201604055        54.096479138719232        3.5000000000000000     
   800.00521000000003        1.2052182000000000E-002   13.467068744719045        53.875339971245751        1.0000000000000000     
   960.00521000000003        1.3212285000000001E-002   11.174443604394300        53.779458437277640        3.5000000000000000     
   980.00521000000003        1.3055733999999999E-002   10.987873846497605        53.474341378577606        3.5000000000000000     
   820.00521000000003        1.2692202000000000E-002   13.287350627017066        53.410380512576538        1.5000000000000000     
   1650.0052000000001        1.1801570000000001E-002   10.552758842712075        53.347034295407170        3.0000000000000000     
   4400.0051999999996        1.2368156999999999E-002   13.412430385307001        53.262477934527261        2.5000000000000000     
   900.00521000000003        1.3004302000000001E-002   10.946680835609417        52.952594679281418        3.5000000000000000     
   6700.0051999999996        1.2375659000000001E-002   13.404714376598577        52.858552810677075        2.5000000000000000     
   580.00521000000003        1.3402489000000000E-002   11.626936504478763        52.653796551092597        1.5000000000000000     
   540.00521000000003        1.1537923000000000E-002   10.625913501620628        52.540720336875111       0.50000000000000000     
   1700.0052000000001        1.2405110000000000E-002   13.388157078416247        52.277353433009857        2.5000000000000000     
   300.00520999999998        1.3437184000000000E-002   11.859185962739213        52.133163667811885        2.5000000000000000     
   880.00521000000003        1.3165583999999999E-002   11.148168222400500        52.105087135019573        3.5000000000000000     
   240.00521000000001        1.1911618000000001E-002   10.563837002779490        51.759386785871563        1.0000000000000000     
   2050.0052000000001        1.1813514000000001E-002   10.574613681020860        51.662578193395696        3.0000000000000000     
   660.00521000000003        1.0828907000000000E-002   11.169667066388371        51.522791100843264        1.5000000000000000     
   960.00521000000003        1.3212534999999999E-002   11.235660864152678        51.361387442117959        3.5000000000000000     
   7600.0051999999996        1.2955467000000000E-002   13.068424026274354        51.361177502837911        3.0000000000000000     
   980.00521000000003        1.3055943000000000E-002   11.049035607743919        50.483723099301898        3.5000000000000000     
   1100.0052000000001        1.0592958000000000E-002   12.193127098092230        50.426634117405357        1.5000000000000000     
   2550.0052000000001        1.3312598000000000E-002   12.525797760976355        49.984421846535383        3.5000000000000000     
   540.00521000000003        1.3413705999999999E-002   11.991525678333563        49.965914238438657        2.0000000000000000     
   800.00521000000003        1.2776811000000001E-002   13.180510538122549        49.926011232371032        1.5000000000000000     
   820.00521000000003        1.3398092000000000E-002   11.802601447806222        49.840688161717836        3.0000000000000000     
   2500.0052000000001        1.2422895000000000E-002   10.655435541208755        49.667343000678137        3.5000000000000000     
   620.00521000000003        1.3399713000000001E-002   11.862496443130528        49.452595223605350        1.5000000000000000     
   900.00521000000003        1.2084242000000000E-002   13.400053228545596        49.181142481662796        1.5000000000000000     
   380.00520999999998        1.2967337000000001E-002   10.986666513447465        49.064641080324144       0.50000000000000000     
   880.00521000000003        1.2202535000000000E-002   13.383306700191211        48.863944951589126        1.5000000000000000     
   3750.0052000000001        1.1826891000000001E-002   10.613457130037308        48.811695008610727        3.0000000000000000     
   920.00521000000003        1.1957229999999999E-002   13.392676517512562        48.534427440507777        1.5000000000000000     
   720.00521000000003        1.2659235000000000E-002   13.224512891946967        48.350564626003688       0.50000000000000000     
   860.00521000000003        1.2313285000000000E-002   13.345776684641164        47.731558178304077        1.5000000000000000     
   100.00521000000001        1.2066207000000001E-002   10.620407178789527        47.691491567097081       0.50000000000000000     
   1050.0052000000001        1.3336977999999999E-002   11.663207658245000        47.523483522024449        3.5000000000000000     
   7200.0051999999996        1.3267868000000000E-002   12.533205496255073        47.294935985119238        3.5000000000000000     
   940.00521000000003        1.1820017000000000E-002   13.357027676178726        46.847948523975376        1.5000000000000000     
   420.00520999999998        1.0806888000000001E-002   11.329456625334313        46.828618009354230        1.0000000000000000     
   780.00521000000003        1.2857610000000000E-002   13.063289291569193        46.651975828300365        1.5000000000000000     
   680.00521000000003        1.2588464000000001E-002   13.227102251288198        46.301744675821567        2.0000000000000000     
   6900.0051999999996        1.1503914000000001E-002   13.266926260399526        46.280085832106025        2.0000000000000000     
   520.00521000000003        1.1875464000000001E-002   10.645139908308474        46.278875735786322        2.5000000000000000     
   340.00520999999998        1.1508231000000001E-002   13.267810465755677        46.229502268917031       0.50000000000000000     
   600.00521000000003        1.3343146000000000E-002   11.791837747190263        46.184319766681874        1.5000000000000000     
   840.00521000000003        1.2417436000000000E-002   13.290197575034416        45.971563897886099        1.5000000000000000     
   5550.0051999999996        1.2313934000000000E-002   13.313835120149175        45.617930820728404        2.5000000000000000     
   540.00521000000003        1.2890987000000000E-002   10.988667314860491        45.416291095698284        1.0000000000000000     
   320.00520999999998        1.3339205999999999E-002   11.847903061069653        45.415156979810355        2.5000000000000000     
   640.00521000000003        1.3340170000000000E-002   12.031474567740633        44.926159200732549        1.5000000000000000     
   560.00521000000003        1.3334478000000000E-002   12.078681870111501        44.675561473973062        2.0000000000000000     
   600.00521000000003        1.2674621000000000E-002   13.154036733196797        44.672856462801235       0.50000000000000000     
   1050.0052000000001        1.1214695000000000E-002   13.076381406721739        44.382521809772392        1.5000000000000000     
   960.00521000000003        1.1670692000000000E-002   13.287842029396343        44.174520189861852        1.5000000000000000     
   380.00520999999998        1.2756449000000000E-002   10.907579656034736        44.139932271384083        1.5000000000000000     
   260.00520999999998        1.1820204000000001E-002   10.684755189674961        44.054886569552870        1.0000000000000000     
   560.00521000000003        1.2756541000000000E-002   10.913766694187023        43.806426827307902        1.5000000000000000     
   760.00521000000003        1.2934938999999999E-002   12.936800381980163        43.792647685215272        1.5000000000000000     
   820.00521000000003        1.2515762999999999E-002   13.218844136832935        43.789811780682207        1.5000000000000000     
   1150.0052000000001        1.2793323000000001E-002   10.947490778618235        43.428426055159406        3.5000000000000000     
   780.00521000000003        1.2133510000000000E-002   13.308443658722132        43.246241950710861        1.0000000000000000     
   540.00521000000003        1.2904604000000000E-002   11.049149259402295        43.060638552770840       0.50000000000000000     
   3100.0052000000001        1.3223880000000000E-002   12.471353723563542        43.001416404382134        3.5000000000000000     
   2600.0052000000001        1.1335945000000000E-002   10.869954297428258        42.949307928695760        2.5000000000000000     
   6100.0051999999996        1.2465484000000001E-002   10.777082473013673        42.805064961088249        3.5000000000000000     
   1750.0052000000001        1.2874850000000000E-002   12.971365264114988        42.722825234463855        3.0000000000000000     
   720.00521000000003        1.0929746000000001E-002   12.742222871627716        42.408461428450750       0.50000000000000000     
   840.00521000000003        1.3276781000000000E-002   11.749129082561085        42.327650491627523        3.0000000000000000     
   840.00521000000003        1.0818934000000001E-002   11.468594956148884        41.932706976190524        1.5000000000000000     
   660.00521000000003        1.3278610000000000E-002   12.196244160916132        41.833884606129523        1.5000000000000000     
   8550.0051999999996        1.2639427000000000E-002   10.880528929498070        41.552058733217507        3.5000000000000000     
   740.00521000000003        1.3009089000000000E-002   12.802027428971879        41.537715975520328        1.5000000000000000     
   1100.0052000000001        1.3209538000000000E-002   11.558214796148011        41.453910197149462        3.5000000000000000     
   8500.0051999999996        1.3260440000000000E-002   12.262408188379762        41.439178228623774        3.5000000000000000     
   800.00521000000003        1.2608909000000000E-002   13.133631545147415        41.397265771690634        1.5000000000000000     
   1050.0052000000001        1.0752032999999999E-002   12.305700155687980        41.271857354477895        1.5000000000000000     
   620.00521000000003        1.3281794000000000E-002   11.952997488191944        41.130129437439010        1.5000000000000000     
   1100.0052000000001        1.2949894000000000E-002   11.144628137308690        40.848991462569160        3.5000000000000000     
   980.00521000000003        1.1506728000000001E-002   13.178296875461148        40.792519090546875        1.5000000000000000     
   7100.0051999999996        1.2305465000000000E-002   13.239981109736831        40.771549440522264        2.5000000000000000     
   960.00521000000003        1.2313380000000001E-002   10.764081206481746        40.642556200263677        3.0000000000000000     
   7850.0051999999996        1.3225669000000001E-002   12.343583170154176        40.507849118920944        3.5000000000000000     
   9200.0051999999996        1.2944486999999999E-002   12.852458842964056        40.468544888253241        3.0000000000000000     
   680.00521000000003        1.3214890000000000E-002   12.356286381145708        40.072444206961414        1.5000000000000000     
   720.00521000000003        1.3080319000000000E-002   12.659843856080721        40.062077553975769        1.5000000000000000     
   2400.0052000000001        1.2322148000000000E-002   13.222626292916646        39.964858668237831        2.5000000000000000     
   580.00521000000003        1.3251697999999999E-002   12.157717510879326        39.790569371485127        2.0000000000000000     
   3750.0052000000001        1.1453924000000001E-002   13.135327937950199        39.679212527956196        2.0000000000000000     
   3600.0052000000001        1.2837904000000001E-002   12.939056814729753        39.597770592452534        3.0000000000000000     
   700.00521000000003        1.3148852000000001E-002   12.511030053213950        39.525317302347794        1.5000000000000000     
   5650.0051999999996        1.1325903000000000E-002   10.942206475177821        39.333347404416621        2.5000000000000000     
   400.00520999999998        1.2942761000000001E-002   11.180640649751156        39.003701821482395       0.50000000000000000     
   780.00521000000003        1.2697411000000000E-002   13.036192173721883        39.001907909474802        1.5000000000000000     
   340.00520999999998        1.3235836000000001E-002   11.825085227999544        38.947146815334520        2.5000000000000000     
   560.00521000000003        1.1481015000000001E-002   10.868473530050441        38.742438946812996       0.50000000000000000     
   1950.0052000000001        1.2288779999999999E-002   13.208872281642217        38.619151059599695        2.5000000000000000     
   2100.0052000000001        1.3187228000000000E-002   12.364204146770813        38.553876294259801        3.5000000000000000     
   400.00520999999998        1.0975332000000001E-002   11.303985333951896        38.359524104709571        1.0000000000000000     
   5450.0051999999996        1.2492023999999999E-002   10.865299403351292        38.240825861759610        3.5000000000000000     
   2400.0052000000001        1.0848791000000000E-002   11.555726528462346        38.066528506741463        2.0000000000000000     
   1500.0052000000001        1.2896515000000001E-002   12.845716353580691        37.974382880786067        3.0000000000000000     
   7150.0051999999996        1.2504131000000000E-002   10.877571308856149        37.849855178954940        3.5000000000000000     
   280.00520999999998        1.1723419000000001E-002   10.801423381805327        37.827073007383504        1.0000000000000000     
   640.00521000000003        1.3218292000000000E-002   12.109927714686762        37.407989358750022        1.5000000000000000     
   1000.0051999999999        1.1324674999999999E-002   13.019253176944368        37.373522160438121        1.5000000000000000     
   320.00520999999998        1.1564636000000000E-002   13.141374084074970        37.306914576147847       0.50000000000000000     
   10200.004999999999        1.3206699000000001E-002   12.156925280439307        37.018702326938893        3.5000000000000000     
   700.00521000000003        1.2461480000000000E-002   13.124817171620805        36.954435825663964        2.0000000000000000     
   4800.0051999999996        1.3166838000000000E-002   12.337050998774604        36.877858985565844        3.5000000000000000     
   1500.0052000000001        1.3195830000000000E-002   12.208722831514780        36.839367006183934        3.5000000000000000     
   760.00521000000003        1.2781727000000000E-002   12.927930289407758        36.803793243579051        1.5000000000000000     
   4850.0051999999996        1.1910611999999999E-002   10.794332373862757        36.540614908535879        3.0000000000000000     
   2550.0052000000001        1.2870937000000001E-002   12.831996032067099        36.268716825973428        3.0000000000000000     
   700.00521000000003        1.2688361000000000E-002   12.983315369210622        36.018749419278535       0.50000000000000000     
   2150.0052000000001        1.1361123000000001E-002   10.984490398600441        35.985589038798196        2.5000000000000000     
   3750.0052000000001        1.2806939999999999E-002   12.880289928567816        35.651563293569424        3.0000000000000000     
   860.00521000000003        1.3147153999999999E-002   11.671156747750663        35.602506188279229        3.0000000000000000     
   5350.0051999999996        1.1408534000000000E-002   13.034727351666854        35.512317680258228        2.0000000000000000     
   6100.0051999999996        1.2257262999999999E-002   13.163636181022715        35.505834398605757        2.5000000000000000     
   1600.0052000000001        1.1893614000000000E-002   10.813351155107155        35.486335517191257        3.0000000000000000     
   3450.0052000000001        1.1360772000000000E-002   10.998392161300924        35.295767231850988        2.5000000000000000     
   600.00521000000003        1.3165018000000001E-002   12.227602175267696        35.226743938541055        2.0000000000000000     
   580.00521000000003        1.2703460999999999E-002   12.955161931872567        35.179792310803776       0.50000000000000000     
   11200.004999999999        1.3180712000000001E-002   12.102469728145328        35.114523556303574        3.5000000000000000     
   400.00520999999998        1.2672146000000000E-002   11.024889999978363        35.065493798670765        1.5000000000000000     
   740.00521000000003        1.2862247000000000E-002   12.810064797013098        34.991872059392485        1.5000000000000000     
   660.00521000000003        1.3152481000000001E-002   12.262089772384503        34.922589230233726        1.5000000000000000     
   4000.0052000000001        1.2525680000000001E-002   10.943532013211756        34.811601255178623        3.5000000000000000     
   1750.0052000000001        1.2835806999999999E-002   12.819699195987981        34.262003210571379        3.0000000000000000     
   7900.0051999999996        1.2637864000000000E-002   11.023775952121850        33.997096657660371        3.5000000000000000     
   1950.0052000000001        1.1381364999999999E-002   11.014814109445677        33.832512314563573        2.5000000000000000     
   720.00521000000003        1.2939307000000001E-002   12.683661318102475        33.742261719166279        1.5000000000000000     
   8200.0051999999996        1.1460833000000000E-002   10.971507572896503        33.712442741522480        2.5000000000000000     
   760.00521000000003        1.2211121000000000E-002   13.141744790920004        33.703830190904746        1.0000000000000000     
   560.00521000000003        1.2839173000000001E-002   11.198941272671965        33.647660625328982        1.0000000000000000     
   680.00521000000003        1.3084184000000000E-002   12.408887794864421        33.566105726286096        1.5000000000000000     
   3650.0052000000001        1.3132089000000000E-002   12.233540845343008        33.404172337305909        3.5000000000000000     
   300.00520999999998        1.1620550000000000E-002   10.911018033993955        33.246599917974024        1.0000000000000000     
   700.00521000000003        1.3013201000000000E-002   12.549658355212607        33.217515417975505        1.5000000000000000     
   3700.0052000000001        1.2581788999999999E-002   11.007736996721244        33.076607398880036        3.5000000000000000     
   3250.0052000000001        1.0905497000000000E-002   11.652102857090966        32.974232399277071        2.0000000000000000     
   580.00521000000003        1.2671994000000001E-002   11.069152210567406        32.951338503000976        1.5000000000000000     
   380.00520999999998        1.1127196000000001E-002   11.254709475900846        32.931120241569083        1.0000000000000000     
   360.00520999999998        1.3126400999999999E-002   11.789063265859374        32.831839534724942        2.5000000000000000     
   1700.0052000000001        1.3108852000000001E-002   12.262039323575575        32.455435626995353        3.5000000000000000     
   3700.0052000000001        1.2805639000000001E-002   12.800416479029431        32.243018798062501        3.0000000000000000     
   2900.0052000000001        1.2797424000000000E-002   12.808063814196522        32.221304406437760        3.0000000000000000     
   560.00521000000003        1.2879085000000000E-002   11.290386454159377        31.908546142579013       0.50000000000000000     
   1950.0052000000001        1.2270800000000000E-002   13.089134145258670        31.488644868037607        2.5000000000000000     
   1550.0052000000001        1.2595080000000000E-002   11.049423241697209        31.442909269695921        3.5000000000000000     
   640.00521000000003        1.1072871000000000E-002   11.372338930245737        31.338165820355748        1.5000000000000000     
   700.00521000000003        1.1010463000000000E-002   12.518812104785164        31.208737897283836       0.50000000000000000     
   1200.0052000000001        1.2991264000000001E-002   12.509985803003770        31.067246971389920        3.0000000000000000     
   9750.0051999999996        1.1495705000000000E-002   11.006048884089255        31.056306281283533        2.5000000000000000     
   620.00521000000003        1.3074036000000001E-002   12.287159084432602        30.900343122327001        2.0000000000000000     
   420.00520999999998        1.2917814999999999E-002   11.375456637519019        30.810970419509037       0.50000000000000000     
   3950.0052000000001        1.3090307000000001E-002   12.204016453403170        30.759803158235933        3.5000000000000000     
   1550.0052000000001        1.2852578999999999E-002   12.702061791371904        30.494543304541434        3.0000000000000000     
   5350.0051999999996        1.1409236000000000E-002   11.067739302781479        30.452802575148421        2.5000000000000000     
   7100.0051999999996        1.3087230000000000E-002   12.187552343225940        30.431125325609322        3.5000000000000000     
   320.00520999999998        1.1510726000000001E-002   11.012880993174761        30.344824094177461        1.0000000000000000     
   9800.0051999999996        1.3091144000000001E-002   11.849877278710187        30.328302991643575        3.5000000000000000     
   840.00521000000003        1.1140603000000001E-002   11.312615424652181        30.276519531723238        2.0000000000000000     
   880.00521000000003        1.3007911000000000E-002   11.565381068039098        30.119456140929383        3.0000000000000000     
   360.00520999999998        1.1265605000000000E-002   11.187263104594544        29.996932118554621        1.0000000000000000     
   940.00521000000003        1.2513464000000000E-002   11.034822757417892        29.880309361300476        3.0000000000000000     
   300.00520999999998        1.1619131000000000E-002   13.014375696609601        29.350480642424593       0.50000000000000000     
   500.00520999999998        1.2089821000000001E-002   10.922215212636752        29.242195642532174        2.5000000000000000     
   340.00520999999998        1.1392865000000000E-002   11.105673781299231        29.210807211700804        1.0000000000000000     
   5400.0051999999996        1.3065342000000001E-002   12.147344384392163        28.916600031789173        3.5000000000000000     
   5950.0051999999996        1.2754946000000000E-002   12.764936036984356        28.876765373778756        3.0000000000000000     
   4850.0051999999996        1.2629223000000000E-002   11.133904761399545        28.651063592591846        3.5000000000000000     
   2750.0052000000001        1.2770472999999999E-002   12.731541591692208        28.219543953710147        3.0000000000000000     
   580.00521000000003        1.1421941999999999E-002   11.110058123607320        28.153689700018020       0.50000000000000000     
   1500.0052000000001        1.3056178999999999E-002   11.972949448749832        27.906146717566067        3.5000000000000000     
   8800.0051999999996        1.2855976000000000E-002   12.618474660112822        27.880146084920483        3.0000000000000000     
   1800.0052000000001        1.1323918000000001E-002   12.811231742709035        27.879595364597321        2.0000000000000000     
   2500.0052000000001        1.2015600000000000E-002   10.944710447369033        27.846984167885552        3.0000000000000000     
   9100.0051999999996        1.1546057000000000E-002   12.950440738195867        27.735045689024741        2.0000000000000000     
   560.00521000000003        1.2731813999999999E-002   12.756399103849139        27.692283622676030       0.50000000000000000     
   6300.0051999999996        1.1988519000000000E-002   10.948046190293732        27.668464953593439        3.0000000000000000     
   9850.0051999999996        1.2112345000000000E-002   10.955350561968233        27.597845387993114        3.0000000000000000     
   720.00521000000003        1.2324671000000001E-002   12.997284939939611        27.499712133911689        2.0000000000000000     
   6050.0051999999996        1.3045685000000000E-002   12.073035268665160        27.469783119528085        3.5000000000000000     
   380.00520999999998        1.3010088000000000E-002   11.737828503044248        27.225292776508976        2.5000000000000000     
   420.00520999999998        1.2583581000000000E-002   11.136120362627508        27.171370159839828        1.5000000000000000     
   12100.004999999999        1.1005263000000000E-002   11.688215269637579        27.167786608823153        2.0000000000000000     
   1300.0052000000001        1.2077612999999999E-002   10.963923942838809        26.986933557615412        3.0000000000000000     
   2150.0052000000001        1.2664942000000000E-002   11.207331168270683        26.761793594320007        3.5000000000000000     
   640.00521000000003        1.2978277999999999E-002   12.335031643020345        26.731852302920718        2.0000000000000000     
   4550.0051999999996        1.1306142999999999E-002   12.765899582905867        26.700992859663664        2.0000000000000000     
   680.00521000000003        1.2716989999999999E-002   12.741735052187478        26.606138933010662       0.50000000000000000     
   900.00521000000003        1.2857410000000000E-002   11.427734278084897        26.565999799052726        3.0000000000000000     
   7350.0051999999996        1.2758355000000001E-002   12.694621582657234        26.440036594881509        3.0000000000000000     
   2450.0052000000001        1.3024907000000000E-002   11.981012848987174        26.269873090356249        3.5000000000000000     
   920.00521000000003        1.2693530000000000E-002   11.253091212455669        25.971415137159731        3.0000000000000000     
   860.00521000000003        1.1301210000000001E-002   11.266609596383109        25.654223921479847        2.0000000000000000     
   740.00521000000003        1.2285348999999999E-002   12.967959480611704        25.459239602445379        1.0000000000000000     
   6100.0051999999996        1.0999347000000000E-002   11.915878475220369        25.209572692990381        2.0000000000000000     
   8350.0051999999996        1.1440440000000000E-002   12.832247141121744        25.143567317067347        2.0000000000000000     
   1500.0052000000001        1.2303244000000000E-002   12.951783335014703        24.946210449902349        2.5000000000000000     
   6500.0051999999996        1.1278895000000001E-002   12.690808295533596        24.930213356327805        2.0000000000000000     
   10500.004999999999        1.1030307000000000E-002   11.775332065883857        24.769506021822654        2.0000000000000000     
   9800.0051999999996        1.2818178000000000E-002   12.561485750984556        24.617037816718177        3.0000000000000000     
   440.00520999999998        1.2892486000000000E-002   11.571043933207374        24.513365054865478       0.50000000000000000     
   820.00521000000003        1.1064568000000000E-002   11.678898920139760        24.453474281225141        1.5000000000000000     
   7250.0051999999996        1.2741674000000000E-002   11.345827069653298        24.450564002827868        3.5000000000000000     
   2600.0052000000001        1.2812594000000000E-002   11.436501553077393        24.445988310466543        3.5000000000000000     
   9700.0051999999996        1.2311318999999999E-002   12.934753401508154        24.267085506216393        2.5000000000000000     
   580.00521000000003        1.2785748000000000E-002   11.407503653162248        24.211296531289680        1.0000000000000000     
   3150.0052000000001        1.2708090999999999E-002   11.323218387036674        23.985655690207064        3.5000000000000000     
   8850.0051999999996        1.2165127000000000E-002   11.036129630192518        23.907824740293080        3.0000000000000000     
   600.00521000000003        1.2583136000000000E-002   11.216896864596585        23.832452851975503        1.5000000000000000     
   1550.0052000000001        1.2772463000000000E-002   11.405305044366481        23.759029905819396        3.5000000000000000     
   1750.0052000000001        1.2636873999999999E-002   11.263981134409750        23.683306668229910        3.5000000000000000     
   580.00521000000003        1.2853158000000000E-002   11.531976908145456        23.673105443013466       0.50000000000000000     
   5300.0051999999996        1.1249453000000000E-002   12.619143153978392        23.666476534107602        2.0000000000000000     
   4600.0051999999996        1.1301980000000000E-002   12.670370021208383        23.415697423972833        2.0000000000000000     
   7350.0051999999996        1.1032560000000000E-002   11.981292554452184        23.407254234904261        2.0000000000000000     
   8000.0051999999996        1.1348428000000001E-002   12.705000141714287        23.039281940963281        2.0000000000000000     
   680.00521000000003        1.1087135000000000E-002   12.291138698847439        22.952107244212002       0.50000000000000000     
   660.00521000000003        1.2877190000000000E-002   12.369643150297641        22.652459736659974        2.0000000000000000     
   2200.0052000000001        1.1384504000000000E-002   12.724879918218225        22.607155633319373        2.0000000000000000     
   400.00520999999998        1.2885906000000001E-002   11.668944844874121        22.360674823952017        2.5000000000000000     
   280.00520999999998        1.1671849999999999E-002   12.886850907616191        22.354673421014379       0.50000000000000000     
   540.00521000000003        1.2759693000000001E-002   12.557838106666587        22.207920684590313       0.50000000000000000     
   2950.0052000000001        1.1199812000000000E-002   12.482390690698448        21.825040980805589        2.0000000000000000     
   2000.0052000000001        1.2870993000000001E-002   11.684449173942561        21.455029130904986        3.5000000000000000     
   8100.0051999999996        1.1346108000000001E-002   12.653396345278919        21.362538514183321        2.0000000000000000     
   5300.0051999999996        1.1129210000000000E-002   12.310026854155677        21.359797746111337        2.0000000000000000     
   4600.0051999999996        1.1155411000000000E-002   12.373450690271287        21.319900721730022        2.0000000000000000     
   8150.0051999999996        1.2259008000000000E-002   12.881873811882516        21.119663609007926        2.5000000000000000     
   4450.0051999999996        1.1179306999999999E-002   12.411888429816992        21.079727696000887        2.0000000000000000     
   1800.0052000000001        1.1250091000000000E-002   12.520590716115651        20.834455558073358        2.0000000000000000     
   600.00521000000003        1.1360528999999999E-002   11.350360069752378        20.773880172403445       0.50000000000000000     
   1650.0052000000001        1.2168913000000000E-002   12.889603052204146        20.498129247902597        2.5000000000000000     
   440.00520999999998        1.2490273000000000E-002   11.240189635940217        20.441984970020542        1.5000000000000000     
   480.00520999999998        1.2280391999999999E-002   11.144165312837464        20.276816688949900        2.5000000000000000     
   460.00520999999998        1.2866763999999999E-002   11.767327122924467        20.135413394176432       0.50000000000000000     
   660.00521000000003        1.2745136000000001E-002   12.499886541828873        20.127855845072322       0.50000000000000000     
   10900.004999999999        1.2267617000000000E-002   12.842450384083396        19.533537269959179        2.5000000000000000     
   7650.0051999999996        1.1140840000000001E-002   12.151140536071642        19.024985096450219        2.0000000000000000     
   620.00521000000003        1.1283961000000000E-002   11.502497083673576        19.005525495058283        1.5000000000000000     
   120.00521000000001        1.2026009000000001E-002   11.134770437367688        18.732466046434997       0.50000000000000000     
   520.00521000000003        1.2787114000000000E-002   12.359566414959302        18.720912080295598       0.50000000000000000     
   720.00521000000003        1.2356485000000000E-002   12.787949341655853        18.698642703959987        1.0000000000000000     
   680.00521000000003        1.2770109000000000E-002   12.389143319159921        18.612510504476724        2.0000000000000000     
   420.00520999999998        1.2752629000000000E-002   11.579421322486045        18.583421474206091        2.5000000000000000     
   740.00521000000003        1.2176269999999999E-002   12.840012368432165        18.417296813993037        2.0000000000000000     
   600.00521000000003        1.2826812000000000E-002   11.773822923058239        18.369354662316034       0.50000000000000000     
   660.00521000000003        1.1160158999999999E-002   12.059902440120718        17.723031078572376       0.50000000000000000     
   480.00520999999998        1.2840636000000001E-002   11.964228601136668        17.698712828460557       0.50000000000000000     
   9400.0051999999996        1.1166630000000000E-002   12.075469202892748        17.505029810122448        2.0000000000000000     
   5300.0051999999996        1.2138783000000000E-002   12.818577026999771        17.233226280608108        2.5000000000000000     
   500.00520999999998        1.2814090000000000E-002   12.161668822797548        17.221984226759439       0.50000000000000000     
   1400.0052000000001        1.2730356000000000E-002   12.389903411251728        17.136114481542158        3.0000000000000000     
   600.00521000000003        1.2730609000000000E-002   11.614031979523924        17.069021156021133        1.0000000000000000     
   10100.004999999999        1.1322926000000001E-002   12.460594167714746        16.764405141203959        2.0000000000000000     
   640.00521000000003        1.2772812999999999E-002   12.257880585708804        16.593558941192228       0.50000000000000000     
   620.00521000000003        1.1296581999999999E-002   11.589036097628453        16.592205793558499       0.50000000000000000     
   460.00520999999998        1.2452173000000000E-002   11.322502619096856        16.586577992762102        2.5000000000000000     
   440.00520999999998        1.2608713000000001E-002   11.465524511315456        16.404889364523953        2.5000000000000000     
   620.00521000000003        1.2489485000000000E-002   11.355746184729373        16.366463586282620        1.5000000000000000     
   260.00520999999998        1.1722913999999999E-002   12.757924013572854        16.280636212638974       0.50000000000000000     
   620.00521000000003        1.2800034000000000E-002   12.015824598614239        16.007621285202699       0.50000000000000000     
   3400.0052000000001        1.2107342000000000E-002   12.785113433155312        15.698134752420801        2.5000000000000000     
   640.00521000000003        1.1229876999999999E-002   11.825697875583840        15.586767369123919       0.50000000000000000     
   460.00520999999998        1.2391657000000000E-002   11.335809880996409        14.863592860848300        1.5000000000000000     
   2450.0052000000001        1.2658126000000000E-002   12.400939571705109        14.847059728195958        3.0000000000000000     
   5600.0051999999996        1.2085812000000000E-002   12.765190802306726        14.822016155027301        2.5000000000000000     
   7400.0051999999996        1.2134729000000000E-002   11.242860887237912        14.785288083695132        3.0000000000000000     
   700.00521000000003        1.2656238000000000E-002   12.391335195915730        14.594789135014054        2.0000000000000000     
   6250.0051999999996        1.2627467999999999E-002   12.423519847074276        14.327129160910340        3.0000000000000000     
   800.00521000000003        1.1276991000000000E-002   11.809385178076480        13.976901243656162        1.5000000000000000     
   2100.0052000000001        1.2099370999999999E-002   12.734664192785701        13.740151405403012        2.5000000000000000     
   700.00521000000003        1.2424780000000000E-002   12.602470810324583        13.585228099806891        1.0000000000000000     
   9250.0051999999996        1.2288075000000001E-002   11.351325646100404        12.594140367118769        3.0000000000000000     
   620.00521000000003        1.2673643000000000E-002   11.818173594841724        12.171393875103467        1.0000000000000000     
   600.00521000000003        1.1470365999999999E-002   11.579182558719829        11.439987543416143        1.5000000000000000     
   2550.0052000000001        1.2101176999999999E-002   12.667426041292011        11.392357329131549        2.5000000000000000     
   240.00521000000001        1.1772426000000001E-002   12.628924220176742        11.183389775734772       0.50000000000000000     
   4800.0051999999996        1.2574991000000001E-002   12.327443523677625        10.945848119702358        3.0000000000000000     
   720.00521000000003        1.2534602000000001E-002   12.373577010017051        10.633977277446762        2.0000000000000000     
   760.00521000000003        1.2013968000000000E-002   12.647200857153676        10.476601051276075        2.0000000000000000     
   640.00521000000003        1.2390474000000000E-002   11.484220517724976        10.462460469676378        1.5000000000000000     
   480.00520999999998        1.2287054000000000E-002   11.421434550059399        10.428449324204999        1.5000000000000000     
   680.00521000000003        1.2490459000000001E-002   12.412191581415149        10.261298439016521        1.0000000000000000     
   820.00521000000003        1.1405909000000001E-002   11.762734515323929        10.230976066352218        2.0000000000000000     
   2800.0052000000001        1.2186328999999999E-002   11.399285886076354        9.8893983476951650        3.0000000000000000     
   6000.0051999999996        1.2166095000000000E-002   11.400384728811781        9.6781503286469963        3.0000000000000000     
   1900.0052000000001        1.2076302000000001E-002   12.613827815998450        9.5651642990630812        2.5000000000000000     
   640.00521000000003        1.2614725000000000E-002   12.019540569832360        9.4567169643860698        1.0000000000000000     
   840.00521000000003        1.1542838999999999E-002   11.591173097141029        9.4033905500122970        2.0000000000000000     
   6150.0051999999996        1.1588200999999999E-002   11.550855947389504        9.2827199738042374        2.5000000000000000     
   1250.0052000000001        1.2591410000000001E-002   11.886954369905498        9.0636279968566296        3.0000000000000000     
   1450.0052000000001        1.2259110000000000E-002   11.457164122837833        9.0452194061160611        3.0000000000000000     
   660.00521000000003        1.2553715000000000E-002   12.217704946799168        8.8498939791021236        1.0000000000000000     
   1700.0052000000001        1.1581615999999999E-002   11.587038164680996        8.6395663161913667        2.5000000000000000     
   3750.0052000000001        1.2235637000000001E-002   11.485226417809409        8.0129157899577415        3.0000000000000000     
   3700.0052000000001        1.2518924000000001E-002   12.205355407210721        7.7863243348792492        3.0000000000000000     
   11700.004999999999        1.2554678999999999E-002   11.967149761641609        7.7186986678444125        3.0000000000000000     
   10200.004999999999        1.2421962999999999E-002   11.642392141791964        7.6484039701474886        3.0000000000000000     
   780.00521000000003        1.1464507000000001E-002   11.880331813801966        7.5268310474527960        1.5000000000000000     
   2950.0052000000001        1.2227873000000000E-002   11.504615934336005        7.4332867988166687        3.0000000000000000     
   220.00521000000001        1.1820483000000000E-002   12.506496405482290        7.2191239009561636       0.50000000000000000     
   2850.0052000000001        1.2011656000000001E-002   12.537056270601717        7.2141322884905481        2.5000000000000000     
   500.00520999999998        1.2175643000000000E-002   11.495184459738352        7.1422296775642469        1.5000000000000000     
   580.00521000000003        1.1637511999999999E-002   11.615046093864349        6.9896765553867004        1.5000000000000000     
   7150.0051999999996        1.1637244999999999E-002   11.619962243721663        6.9004972141577428        2.5000000000000000     
   2600.0052000000001        1.2315740000000000E-002   11.581518441632307        6.8704640527879608        3.0000000000000000     
   740.00521000000003        1.2403994000000000E-002   12.332643588137406        6.8465728428342514        2.0000000000000000     
   4950.0051999999996        1.2503775000000000E-002   12.125854262735862        6.7407139606062794        3.0000000000000000     
   3800.0052000000001        1.2237242000000001E-002   11.561207168286606        6.2205728208160256        3.0000000000000000     
   2000.0052000000001        1.2484944000000000E-002   12.096692813964671        6.1130048752897927        3.0000000000000000     
   2000.0052000000001        1.1653375000000001E-002   11.647870989681447        6.1035933227005481        2.5000000000000000     
   660.00521000000003        1.2285420999999999E-002   11.600555731228896        6.0255217613979006        1.5000000000000000     
   6650.0051999999996        1.1965286000000000E-002   12.469586292860299        5.5429085431853808        2.5000000000000000     
   2450.0052000000001        1.1666754000000000E-002   11.668733268272021        5.5197636601541236        2.5000000000000000     
   1550.0052000000001        1.2466744000000000E-002   12.009558075767158        5.4485332338088543        3.0000000000000000     
   7650.0051999999996        1.2388929000000000E-002   11.744603585197209        5.4123275358445646        3.0000000000000000     
   2100.0052000000001        1.2461313000000000E-002   12.007347105744081        5.3215918670563935        3.0000000000000000     
   140.00521000000001        1.1991183000000001E-002   11.539806294313689        5.2963994983685936       0.50000000000000000     
   3650.0052000000001        1.2279633999999999E-002   11.646195329628853        5.0843229738150217        3.0000000000000000     
   520.00521000000003        1.2056420000000000E-002   11.554744776695001        5.0358856133209455        1.5000000000000000     
   3750.0052000000001        1.2443658999999999E-002   12.042448878770177        4.9658806370249726        3.0000000000000000     
   1600.0052000000001        1.2406588000000000E-002   11.823109458661255        4.9151018194736809        3.0000000000000000     
   780.00521000000003        1.1834669000000001E-002   12.411161646569544        4.9097058878406781        2.0000000000000000     
   560.00521000000003        1.1789183000000000E-002   11.618921095841300        4.7416234150339829        1.5000000000000000     
   1800.0052000000001        1.2355043000000000E-002   11.791528004910091        4.2379027414850450        3.0000000000000000     
   540.00521000000003        1.1928131000000000E-002   11.597220035718696        4.1849212053383260        1.5000000000000000     
   5600.0051999999996        1.1670185000000000E-002   11.758370969380085        4.1790631604811939        2.5000000000000000     
   200.00521000000001        1.1867173999999999E-002   12.386371177228440        4.1731357327826748       0.50000000000000000     
   1800.0052000000001        1.2405683000000001E-002   11.956537676132376        4.1616919585973564        3.0000000000000000     
   2000.0052000000001        1.1679063000000000E-002   11.775517208450250        3.8348271343295179        2.5000000000000000     
   800.00521000000003        1.1634065000000001E-002   12.121357012887943        3.7158988782198117        2.0000000000000000     
   760.00521000000003        1.1632602000000001E-002   11.905301539295960        3.5987273854070434        1.5000000000000000     
   760.00521000000003        1.2262891000000000E-002   12.264529591747081        3.4771896049312128        2.0000000000000000     
   3250.0052000000001        1.1922119000000000E-002   12.344545759936427        3.1194306904933877        2.5000000000000000     
   680.00521000000003        1.2173503000000000E-002   11.702623138784144        2.9634071870258012        1.5000000000000000     
   160.00521000000001        1.1955601000000000E-002   11.666267000980708        2.8337245653923269       0.50000000000000000     
   8600.0051999999996        1.1789684999999999E-002   11.742113867000164        2.7684414267851825        2.5000000000000000     
   820.00521000000003        1.1753553999999999E-002   11.838014853255363        2.1743705242128923        2.0000000000000000     
   180.00521000000001        1.1912578000000000E-002   12.275432533266850        2.0876421147758828       0.50000000000000000     
   1750.0052000000001        1.1896268000000000E-002   12.262564714512582        1.9925138905038073        2.5000000000000000     
   4450.0051999999996        1.1749033000000001E-002   11.916275817629760        1.7498544193974974        2.5000000000000000     
   6750.0051999999996        1.1758840000000000E-002   11.909863586961396        1.6570680312932926        2.5000000000000000     
   1550.0052000000001        1.1788658000000000E-002   11.874585033342814        1.5098589153388176        2.5000000000000000     
   2750.0052000000001        1.1936636000000000E-002   12.236700639463560        1.5010546937893143        2.5000000000000000     
   740.00521000000003        1.1785099000000000E-002   11.893837192014358        1.4363245899460308        1.5000000000000000     
   5100.0051999999996        1.1768012000000000E-002   11.982723855948594        1.3529225001881575        2.5000000000000000     
   6700.0051999999996        1.1769913999999999E-002   11.988567506964412        1.3267567990961493        2.5000000000000000     
   700.00521000000003        1.2053707000000000E-002   11.787821346847609        1.1976055376650687        1.5000000000000000     
   6150.0051999999996        1.1786927000000001E-002   12.036790869953631        1.1688418423602869        2.5000000000000000     
   780.00521000000003        1.2109330999999999E-002   12.164156330824632       0.97251420779108821        2.0000000000000000     
   4000.0052000000001        1.1862252000000000E-002   12.134935525402504       0.92955269839235555        2.5000000000000000     
   720.00521000000003        1.1924773000000000E-002   11.852920012395222       0.68229059810110637        1.5000000000000000     
   800.00521000000003        1.1940726000000000E-002   12.024927056065662       0.10336913397737481        2.0000000000000000     
