  #time	ai	proti	chi2	massp                                                                                                                                                                              
   1800.0052000000001        1.3349781999999999E-002   20.524240915501348        99.994408753739464        2.5000000000000000     
   6300.0051999999996        1.3029888000000000E-002   20.286714919668260        99.900375628518503        2.5000000000000000     
   9200.0051999999996        1.3308298000000000E-002   23.506660767052345        99.541758565155234        2.0000000000000000     
   4700.0051999999996        1.0160852000000000E-002   21.227913403399608        99.464580792120444        1.0000000000000000     
   540.00521000000003        1.3541778000000001E-002   20.752105270922566        98.358018245849891       0.50000000000000000     
   920.00521000000003        1.3448780000000000E-002   23.352304406809985        98.192268715648709       0.50000000000000000     
   6000.0047000000004        1.0760967999999999E-002   23.546095824780689        98.140315068832308        1.0000000000000000     
   2400.0052000000001        1.3337809000000001E-002   23.460668829326661        98.082159407189749        2.0000000000000000     
   2150.0052000000001        1.1106295000000000E-002   23.766434775444658        97.975009757185873        1.0000000000000000     
   3800.0052000000001        1.3265096000000001E-002   23.522605185539437        97.969861300462810        2.0000000000000000     
   2100.0052000000001        1.3975865000000001E-002   21.911472213048857        97.796996607568204        2.5000000000000000     
   10200.004999999999        1.3930938000000000E-002   22.421093100829758        97.646028562666302        2.5000000000000000     
   6500.0051999999996        1.3037452999999999E-002   20.318343790705850        97.606907589156521        2.5000000000000000     
   2750.0052000000001        1.0267261999999999E-002   21.053607445343303        97.450999228849270        1.0000000000000000     
   1650.0052000000001        1.3579443000000000E-002   20.821137288557679        97.108939182529156        2.5000000000000000     
   1750.0052000000001        1.3429600999999999E-002   20.650769033805304        96.604581708654948        2.5000000000000000     
   10300.004999999999        1.3919796999999999E-002   22.419143890026614        96.532557568328457        2.5000000000000000     
   11500.004999999999        1.3294120000000000E-002   20.523690640144800        96.355898001438618        2.5000000000000000     
   4100.0051999999996        1.2332431000000000E-002   23.933613039514590        96.234241262465375        1.5000000000000000     
   1700.0052000000001        1.3506086000000000E-002   20.750269656355389        95.753025981998718        2.5000000000000000     
   1000.0051999999999        1.2689094999999999E-002   20.168649386466079        95.717422818880877        1.0000000000000000     
   11500.004999999999        1.3362025000000000E-002   23.393345504850902        94.913095809569725        2.0000000000000000     
   1250.0052000000001        1.3881246000000000E-002   21.503955475279255        94.628671362448998        2.0000000000000000     
   1250.0041000000001        1.3043712000000001E-002   23.637200730625466        94.244023661486438       0.50000000000000000     
   1200.0047000000000        1.2579118000000000E-002   20.152175305672827        93.745841851882375        1.5000000000000000     
   8650.0051999999996        1.2277480000000000E-002   23.914514422478533        93.559012973300767        1.5000000000000000     
   10900.004999999999        1.3345908000000000E-002   23.388794391516509        93.505456010339202        2.0000000000000000     
   6000.0051999999996        1.3801961000000000E-002   22.691384020029659        93.126886462073941        2.5000000000000000     
   2450.0052000000001        1.1155429999999999E-002   23.734061933437779        93.006730508053295        1.0000000000000000     
   2800.0052000000001        1.3907276000000000E-002   22.279143887095366        92.890580783715734        2.5000000000000000     
   3300.0052000000001        1.2435694000000001E-002   23.875566584248357        92.689479458472874        1.5000000000000000     
   1150.0052000000001        1.3175862000000000E-002   20.475696458479280        92.653818258707588        1.5000000000000000     
   2150.0052000000001        1.3916258000000001E-002   21.828750076664804        92.534286086490638        2.5000000000000000     
   3300.0052000000001        1.3195890000000000E-002   20.496335755007500        92.278976466075875        2.5000000000000000     
   760.00521000000003        1.3118641000000000E-002   20.441981494950177        91.969483495994865        1.0000000000000000     
   12000.004999999999        1.0974187000000000E-002   23.614465060135075        91.469742921313923        1.0000000000000000     
   2600.0052000000001        1.3287237000000000E-002   20.585176217861026        91.467636318414208        2.5000000000000000     
   5800.0051999999996        1.3795551000000000E-002   22.655550308954265        91.343743781348820        2.5000000000000000     
   6150.0051999999996        1.3801525000000000E-002   22.636950054233541        91.279946227455468        2.5000000000000000     
   9650.0051999999996        1.2361514000000001E-002   20.130760072890915        90.618754494171839        2.0000000000000000     
   4700.0047000000004        1.0735453000000001E-002   23.420395256716873        90.415045529455142        1.0000000000000000     
   560.00521000000003        1.3537162000000000E-002   20.885430777921400        90.128291185215389       0.50000000000000000     
   1450.0052000000001        1.2253755999999999E-002   23.880378133150593        90.005348226114236        1.0000000000000000     
   900.00521000000003        1.3454010000000001E-002   23.211027030974602        89.518290323976927       0.50000000000000000     
   7250.0051999999996        1.3201328000000000E-002   23.459473053901611        89.331264202103895        2.0000000000000000     
   1350.0052000000001        1.3369015000000000E-002   20.700260129685887        89.088146126400829        2.0000000000000000     
   5250.0051999999996        1.1242751000000000E-002   20.272985870265540        88.900094809691325        1.5000000000000000     
   4850.0047000000004        1.0210090999999999E-002   21.417628806946890        88.573264663493944        1.0000000000000000     
   4800.0051999999996        1.2277524999999999E-002   23.860628414929906        88.473953119679095        1.5000000000000000     
   2200.0052000000001        1.3854966000000000E-002   21.735664899276106        87.769301959929237        2.5000000000000000     
   1300.0052000000001        1.3834449000000000E-002   21.626503577672118        87.617571923992159        2.0000000000000000     
   2300.0052000000001        1.2409620999999999E-002   20.191921324127705        85.923444320858195        2.0000000000000000     
   2850.0052000000001        1.3846873000000001E-002   22.149286024281739        85.830659171146280        2.5000000000000000     
   1200.0047000000000        1.2770915000000001E-002   20.320474551071069        85.377890419635847        1.5000000000000000     
   11900.004999999999        1.0930722000000000E-002   23.505088786309326        85.216192155357220        1.0000000000000000     
   12200.004999999999        1.0926282000000001E-002   23.499679254299554        85.047705013045686        1.0000000000000000     
   4600.0051999999996        1.3222856000000000E-002   23.376854355196237        84.777618280363583        2.0000000000000000     
   2250.0052000000001        1.1317473999999999E-002   20.290635825980353        84.694188913850070        1.5000000000000000     
   6600.0051999999996        1.3127366000000000E-002   20.547581192631785        84.511862282457628        2.5000000000000000     
   1350.0052000000001        1.3686621000000000E-002   21.271601913055616        84.381357465476455        2.0000000000000000     
   2550.0052000000001        1.3367527000000001E-002   20.773639939419144        84.352228589558337        2.5000000000000000     
   11200.004999999999        1.3828930000000000E-002   22.168266262140921        84.332466200848160        2.5000000000000000     
   2250.0052000000001        1.3791884000000001E-002   21.632126739023562        83.654479094749405        2.5000000000000000     
   4400.0051999999996        1.2209279999999999E-002   20.184727428411399        83.475313289242877        2.0000000000000000     
   6350.0051999999996        1.2229698000000001E-002   23.811964346961613        83.399396767057979        1.5000000000000000     
   4550.0051999999996        1.0701387999999999E-002   23.284292974737980        83.395040188822037        1.0000000000000000     
   2450.0052000000001        1.3272262000000000E-002   23.310066556236713        83.373125226151700        2.0000000000000000     
   1300.0052000000001        1.2732457000000001E-002   23.671816011096691        83.286549390440371        1.0000000000000000     
   1950.0052000000001        1.2382476999999999E-002   20.216911078443204        83.142366758625485        2.0000000000000000     
   580.00521000000003        1.3532522000000000E-002   21.018623840661260        82.793073414057957       0.50000000000000000     
   6250.0051999999996        1.3122043999999999E-002   20.570928064189125        82.530733460092719        2.5000000000000000     
   880.00521000000003        1.3459198000000000E-002   23.070112312674357        81.859980959815687       0.50000000000000000     
   6050.0051999999996        1.3737899000000000E-002   22.491863992621834        81.555581670671188        2.5000000000000000     
   1350.0052000000001        1.3785911000000000E-002   21.730615689754977        81.551154137762168        2.0000000000000000     
   6150.0047000000004        1.0246274999999999E-002   21.568895619468627        81.535062809737084        1.0000000000000000     
   5300.0051999999996        1.2226449000000000E-002   23.791580331210973        81.525978492888953        1.5000000000000000     
   3250.0052000000001        1.3280336000000000E-002   20.728486783042381        81.400154210838252        2.5000000000000000     
   780.00521000000003        1.3106596999999999E-002   20.574805935041088        81.393376113477601        1.0000000000000000     
   10500.004999999999        1.3426634999999999E-002   20.906654151917312        80.767315848754350        2.5000000000000000     
   6450.0051999999996        1.3129511000000000E-002   20.603011125470463        80.684325524433547        2.5000000000000000     
   2300.0052000000001        1.3726893000000000E-002   21.517957614888370        80.363110955986755        2.5000000000000000     
   6200.0051999999996        1.3737361999999999E-002   22.438250397450769        80.262256917239256        2.5000000000000000     
   10600.004999999999        1.3414013000000001E-002   20.900592624079771        80.203235184867125        2.5000000000000000     
   5850.0051999999996        1.3731360000000000E-002   22.456536515009624        80.150829609435931        2.5000000000000000     
   2500.0052000000001        1.3444670000000001E-002   20.947769616847015        79.856506514530068        2.5000000000000000     
   2900.0052000000001        1.3784553000000000E-002   22.009615822009593        79.618050868504511        2.5000000000000000     
   10300.004999999999        1.3776158000000000E-002   21.953669604393841        78.922097646194757        2.5000000000000000     
   3850.0052000000001        1.3196775000000001E-002   23.311880832444476        78.832543505846871        2.0000000000000000     
   6450.0051999999996        1.2230451000000000E-002   23.760064309532531        78.773348686300778        1.5000000000000000     
   2350.0052000000001        1.3659852000000000E-002   21.392886762879172        78.092381820160000        2.5000000000000000     
   2200.0052000000001        1.0983257999999999E-002   23.444832423869229        78.032625441111051        1.0000000000000000     
   10400.004999999999        1.3764790000000001E-002   21.952749749312598        77.917912189511185        2.5000000000000000     
   2450.0052000000001        1.3518944000000000E-002   21.108426675306386        77.552349033008980        2.5000000000000000     
   2250.0052000000001        1.2311097000000000E-002   20.270019793695720        77.240319332751881        2.0000000000000000     
   2400.0052000000001        1.3590599000000000E-002   21.256540263817822        77.068441736974577        2.5000000000000000     
   600.00521000000003        1.3527857000000001E-002   21.151909704819417        76.340106443352326       0.50000000000000000     
   1400.0052000000001        1.3735564000000000E-002   21.815701832382519        76.153709096479076        2.0000000000000000     
   11000.004999999999        1.3279315999999999E-002   23.177444657093687        75.575634743693371        2.0000000000000000     
   860.00521000000003        1.3464343000000000E-002   22.929603330663522        75.211571415371054       0.50000000000000000     
   11400.004999999999        1.3489434000000000E-002   21.121763703311501        74.742818056857899        2.5000000000000000     
   2950.0052000000001        1.3720171000000000E-002   21.859852077164689        74.465746460783947        2.5000000000000000     
   3200.0052000000001        1.3361128000000000E-002   20.947120372340493        74.030625082290769        2.5000000000000000     
   1400.0052000000001        1.3306396000000000E-002   20.881282049089005        73.955010285906212        2.0000000000000000     
   2500.0052000000001        1.1038159000000001E-002   23.425794001122508        73.950665726876053        1.0000000000000000     
   3050.0052000000001        1.2231568000000000E-002   20.303668849777427        73.279075669784561        2.0000000000000000     
   9250.0051999999996        1.3226171000000000E-002   23.191961708559454        73.106701738340547        2.0000000000000000     
   1400.0052000000001        1.3633658000000000E-002   21.502492430329770        72.908809257693946        2.0000000000000000     
   6750.0051999999996        1.0693434999999999E-002   23.086976645621331        72.215759459744419        1.0000000000000000     
   10400.004999999999        1.3608944000000000E-002   21.452432950987316        72.213264753925174        2.5000000000000000     
   11300.004999999999        1.3666639000000000E-002   21.667098835791908        72.212721962244913        2.5000000000000000     
   5150.0051999999996        1.2259542999999999E-002   20.322036711249702        72.073082168397804        2.0000000000000000     
   6100.0051999999996        1.3671651999999999E-002   22.285631312255518        71.900144859984408        2.5000000000000000     
   6550.0051999999996        1.3215350000000001E-002   20.820031521520736        71.735031645956866        2.5000000000000000     
   800.00521000000003        1.3094414000000000E-002   20.707332137064117        71.718305449471316        1.0000000000000000     
   2400.0052000000001        1.0366131000000001E-002   21.559244650557751        71.594832907732524        1.0000000000000000     
   7800.0051999999996        1.2231047000000000E-002   20.325314564275565        71.448848598773125        2.0000000000000000     
   10500.004999999999        1.3597107000000001E-002   21.450008220843106        71.331046161225203        2.5000000000000000     
   6050.0047000000004        1.0608203000000000E-002   22.955759503512120        71.264379710237336        1.0000000000000000     
   1450.0052000000001        1.3683341000000000E-002   21.881333897870270        71.192967720584548        2.0000000000000000     
   6250.0051999999996        1.3670995999999999E-002   22.232618689675743        71.158480656625542        2.5000000000000000     
   5900.0051999999996        1.3664984999999999E-002   22.250774608101150        70.876577312028658        2.5000000000000000     
   620.00521000000003        1.3523165000000000E-002   21.285456884541205        70.765089576904884       0.50000000000000000     
   3000.0052000000001        1.3653570000000000E-002   21.699681959167457        70.612120150243598        2.5000000000000000     
   1750.0047000000000        1.1523682000000000E-002   20.389965232095243        70.477268129876848        1.5000000000000000     
   3350.0052000000001        1.2354812000000000E-002   23.640604751750335        70.436885823872544        1.5000000000000000     
   6200.0051999999996        1.3209838000000000E-002   20.841984028519143        70.117725260914000        2.5000000000000000     
   3150.0052000000001        1.3438584000000000E-002   21.152974095392533        69.674422282787049        2.5000000000000000     
   840.00521000000003        1.3469448000000000E-002   22.789541371569360        69.566327316036549       0.50000000000000000     
   7300.0051999999996        1.3130641000000000E-002   23.224969802691451        69.472502706366441        2.0000000000000000     
   1050.0041000000001        1.3111713000000001E-002   20.757970755194428        69.463561394759040       0.50000000000000000     
   6850.0051999999996        1.0350603999999999E-002   21.761643601527545        69.433026831679229        1.0000000000000000     
   4150.0051999999996        1.2246336000000000E-002   23.644776974991988        69.149316120042911        1.5000000000000000     
   2500.0052000000001        1.3204498000000000E-002   23.146214890814107        69.115601051870357        2.0000000000000000     
   6850.0051999999996        1.1304120000000001E-002   20.490190519073099        69.094339990698657        1.5000000000000000     
   6400.0051999999996        1.3217204999999999E-002   20.874495194511198        68.708727907677201        2.5000000000000000     
   3050.0052000000001        1.3584572000000000E-002   21.528756398284060        68.323476889593508        2.5000000000000000     
   3100.0052000000001        1.3512982999999999E-002   21.346673768861095        67.898820637960895        2.5000000000000000     
   4750.0047000000004        1.0579833000000000E-002   22.824085483194366        67.399781829062434        1.0000000000000000     
   2250.0052000000001        1.2513878000000001E-002   20.443847452700695        67.142032263061608        2.0000000000000000     
   4650.0051999999996        1.0363565999999999E-002   21.995382512626204        66.948442321118193        1.0000000000000000     
   4650.0051999999996        1.3153247999999999E-002   23.159736172163093        66.874224141000724        2.0000000000000000     
   1250.0052000000001        1.2490213000000000E-002   23.558274285535692        66.713186852640902       0.50000000000000000     
   1500.0052000000001        1.3629179999999999E-002   21.927258451128651        66.487973481934063        2.0000000000000000     
   1250.0047000000000        1.2509398000000000E-002   20.451530947777808        66.431066743638425        1.5000000000000000     
   640.00521000000003        1.3518445000000000E-002   21.419389453603372        66.069598276447167       0.50000000000000000     
   1250.0041000000001        1.2535480000000000E-002   23.533632931413358        65.969218577671001       0.50000000000000000     
   1400.0052000000001        1.2310483000000001E-002   23.593388830466377        65.882189688744418        1.0000000000000000     
   1250.0052000000001        1.2774545999999999E-002   23.425492161026543        65.798734425388986        1.0000000000000000     
   1900.0052000000001        1.2489915000000001E-002   20.458342485780424        65.418113491748358        2.0000000000000000     
   820.00521000000003        1.3474511999999999E-002   22.649963849270751        64.915968519046771       0.50000000000000000     
   1450.0052000000001        1.3578618000000001E-002   21.693903901683466        64.643243361111900        2.0000000000000000     
   4600.0051999999996        1.0541899000000000E-002   22.674357190933712        64.520406025742233        1.0000000000000000     
   6150.0051999999996        1.3603051999999999E-002   22.072188918275675        64.374677107662393        2.5000000000000000     
   1900.0047000000000        1.1483706000000000E-002   20.481429207254781        64.315417293917577        1.5000000000000000     
   6300.0051999999996        1.3602257000000000E-002   22.019557634086159        64.190253119897349        2.5000000000000000     
   4800.0047000000004        1.0406396000000000E-002   22.162424439722685        64.148888373976348        1.0000000000000000     
   6750.0051999999996        1.1304375000000000E-002   20.557928691879553        64.086594020040053        1.5000000000000000     
   3800.0052000000001        1.1376206000000000E-002   20.526449843939663        64.011724295252918        1.5000000000000000     
   5950.0051999999996        1.3596258999999999E-002   22.037769791783269        63.736737023694744        2.5000000000000000     
   4550.0051999999996        1.1337453000000001E-002   20.548584468227467        63.639388311907950        1.5000000000000000     
   6500.0051999999996        1.3299363000000000E-002   21.080400583334743        63.350183824992094        2.5000000000000000     
   6100.0047000000004        1.0438230000000000E-002   22.302319192201985        63.263063684620363        1.0000000000000000     
   820.00521000000003        1.3082088000000000E-002   20.839483321219515        62.942835512338213        1.0000000000000000     
   1450.0052000000001        1.3240933000000000E-002   21.019007176770554        62.556541970988604        2.0000000000000000     
   2700.0052000000001        1.0455805000000000E-002   21.673649358294547        62.276076416736998        1.0000000000000000     
   660.00521000000003        1.3513696000000000E-002   21.553797935148985        62.259299323119052       0.50000000000000000     
   6150.0051999999996        1.3293691999999999E-002   21.101120344829155        62.040592145589841        2.5000000000000000     
   1550.0052000000001        1.3573020999999999E-002   21.953528440069530        61.913869931899150        2.0000000000000000     
   1200.0052000000001        1.3126532000000000E-002   20.902666415016981        61.830384299712946        1.5000000000000000     
   2250.0052000000001        1.0850113999999999E-002   23.070903490123687        61.726803269546181        1.0000000000000000     
   5700.0051999999996        1.1309138999999999E-002   20.589764817023603        61.651303936759383        1.5000000000000000     
   3900.0052000000001        1.3125892000000000E-002   23.091724136721790        61.487360372272349        2.0000000000000000     
   800.00521000000003        1.3479536000000000E-002   22.510906561647598        61.251309821258609       0.50000000000000000     
   4850.0051999999996        1.2188996000000001E-002   23.553085877811856        61.194879044846694        1.5000000000000000     
   6350.0051999999996        1.3300954000000000E-002   21.134012622496449        61.060387781826250        2.5000000000000000     
   8700.0051999999996        1.2181888000000000E-002   23.548135368936713        60.745157383510097        1.5000000000000000     
   6350.0051999999996        1.3530954000000000E-002   21.798505492908948        59.610507592841188        2.5000000000000000     
   680.00521000000003        1.3508917000000000E-002   21.688744056128026        59.342772190813371       0.50000000000000000     
   6200.0051999999996        1.3531909000000000E-002   21.850978323898477        59.223819053370420        2.5000000000000000     
   6800.0051999999996        1.0531788000000000E-002   22.459987686626917        59.180881284974348        1.0000000000000000     
   11400.004999999999        1.2458754000000001E-002   20.532094532034673        59.130041045378789        2.0000000000000000     
   6000.0051999999996        1.3524993000000001E-002   21.816969563441980        58.977597681415574        2.5000000000000000     
   6450.0051999999996        1.3379766000000000E-002   21.329693740435463        58.826619479066494        2.5000000000000000     
   780.00521000000003        1.3484523000000000E-002   22.372398219425477        58.562226964326086       0.50000000000000000     
   1500.0052000000001        1.3521422000000000E-002   21.845853091124340        58.462157196038063        2.0000000000000000     
   2550.0052000000001        1.0911654000000000E-002   23.073269295336850        58.410100538629550        1.0000000000000000     
   6100.0051999999996        1.3373965999999999E-002   21.349401105151873        57.776539347442707        2.5000000000000000     
   6400.0051999999996        1.3456871000000000E-002   21.568796463373815        57.710242558373920        2.5000000000000000     
   1600.0052000000001        1.3514804000000000E-002   21.960833591626756        57.404132046241600        2.0000000000000000     
   700.00521000000003        1.3504106000000000E-002   21.824267935626846        57.330418276681939       0.50000000000000000     
   1250.0047000000000        1.2708377000000000E-002   20.661629903001970        57.325811565938416        1.5000000000000000     
   6300.0051999999996        1.3381117999999999E-002   21.382651969023687        57.215140157261452        2.5000000000000000     
   6050.0051999999996        1.3450976000000000E-002   21.587748630204292        56.882066144494686        2.5000000000000000     
   760.00521000000003        1.3489472000000001E-002   22.234464219284487        56.837510483993896       0.50000000000000000     
   6250.0051999999996        1.3458011000000001E-002   21.621369955020459        56.728922255349609        2.5000000000000000     
   9600.0051999999996        1.2496515999999999E-002   20.582274211328624        56.411862566861366        2.0000000000000000     
   720.00521000000003        1.3499262000000000E-002   21.960391922510887        56.233886449184027       0.50000000000000000     
   740.00521000000003        1.3494384000000000E-002   22.097125455586855        56.065425153193615       0.50000000000000000     
   2200.0052000000001        1.2421500000000000E-002   20.566064605249377        55.845822850405426        2.0000000000000000     
   6400.0051999999996        1.2138286999999999E-002   23.487270745941832        55.777437528689823        1.5000000000000000     
   2550.0052000000001        1.3134320000000000E-002   22.968678979733387        55.625521630531793        2.0000000000000000     
   840.00521000000003        1.3069615000000000E-002   20.971179533661996        55.063695660990838        1.0000000000000000     
   9000.0051999999996        1.1416411000000000E-002   20.636017124561917        55.025634179274675        1.5000000000000000     
   4350.0051999999996        1.2324893000000000E-002   20.553554681558399        54.943986591779897        2.0000000000000000     
   5350.0051999999996        1.2135399000000000E-002   23.470881780304435        54.545650932041951        1.5000000000000000     
   1500.0052000000001        1.3172466000000001E-002   21.113504702444068        54.013761994460424        2.0000000000000000     
   1050.0052000000001        1.2648075000000000E-002   20.683703032587793        53.815972040679796        1.0000000000000000     
   11600.004999999999        1.3195533000000001E-002   22.845514192315321        53.604836360109786        2.0000000000000000     
   1550.0052000000001        1.3461990000000000E-002   21.958939049312004        53.477521742810900        2.0000000000000000     
   2200.0052000000001        1.2612650000000000E-002   20.672727863046603        53.424782862382742        2.0000000000000000     
   2350.0052000000001        1.0544787000000000E-002   22.138773157809528        53.422574277897965        1.0000000000000000     
   1850.0052000000001        1.2591300000000000E-002   20.665745241892317        53.246785353572832        2.0000000000000000     
   1650.0052000000001        1.3454457000000000E-002   21.949832304068710        52.949051734258241        2.0000000000000000     
   11000.004999999999        1.3179079000000000E-002   22.849085966842200        52.779357902091284        2.0000000000000000     
   2300.0052000000001        1.0704857999999999E-002   22.638465140098415        52.125765197133887        1.0000000000000000     
   7350.0051999999996        1.3057327000000001E-002   22.982807773746469        52.096288319054949        2.0000000000000000     
   12000.004999999999        1.0562531999999999E-002   22.095005260072568        51.883508864886096        1.0000000000000000     
   6500.0051999999996        1.2138942000000000E-002   23.433736699274348        51.872643548094686        1.5000000000000000     
   1050.0041000000001        1.2624860999999999E-002   20.712160002726588        51.224577454933488       0.50000000000000000     
   9300.0051999999996        1.3139536000000000E-002   22.864451006310048        51.145447023594670        2.0000000000000000     
   4700.0051999999996        1.3080988999999999E-002   22.933294743651263        50.989408243213930        2.0000000000000000     
   1200.0052000000001        1.2815152000000000E-002   23.164252434043714        50.498912661403509        1.0000000000000000     
   1200.0041000000001        1.3061326000000000E-002   22.935471100971665        50.037977246502734       0.50000000000000000     
   3400.0052000000001        1.2269990000000000E-002   23.388093335918196        49.992441389506105        1.5000000000000000     
   12100.004999999999        1.0617671000000000E-002   22.245313151671432        49.275302534348526        1.0000000000000000     
   1600.0052000000001        1.3400244000000000E-002   22.034657452434878        49.047112439288348        2.0000000000000000     
   2600.0052000000001        1.0774136000000000E-002   22.669873737210221        48.786835821292755        1.0000000000000000     
   1700.0052000000001        1.3391899000000001E-002   21.921011004947029        48.590554630983789        2.0000000000000000     
   2650.0052000000001        1.0623252999999999E-002   22.207117886534743        48.458255385461641        1.0000000000000000     
   860.00521000000003        1.3056991000000000E-002   21.102340062626588        48.075584241973331        1.0000000000000000     
   3000.0052000000001        1.2345235000000000E-002   20.659063123437143        47.932471614627289        2.0000000000000000     
   1050.0052000000001        1.2581841999999999E-002   20.745575513367147        47.803021895905538       0.50000000000000000     
   1700.0047000000000        1.1655753000000000E-002   20.661172613852301        47.774117986901850        1.5000000000000000     
   1550.0052000000001        1.3100825999999999E-002   21.165428036358009        47.708207131045334        2.0000000000000000     
   2200.0052000000001        1.1465077000000001E-002   20.730232859109531        47.461279360518944        1.5000000000000000     
   5100.0051999999996        1.2371538000000000E-002   20.679745195622910        47.027829723789111        2.0000000000000000     
   1300.0047000000000        1.2435841000000000E-002   20.700280163555295        46.980724744552184        1.5000000000000000     
   7750.0051999999996        1.2342985000000001E-002   20.680940209809304        46.438934860322853        2.0000000000000000     
   3950.0052000000001        1.3052235000000001E-002   22.861591665549014        46.238468179635959        2.0000000000000000     
   1800.0052000000001        1.2687254000000000E-002   20.839061121048946        45.502428121817523        2.0000000000000000     
   4200.0051999999996        1.2155813000000000E-002   23.339476463676370        45.461870886683073        1.5000000000000000     
   5200.0051999999996        1.1394823000000000E-002   20.797315697892515        45.317217681529414        1.5000000000000000     
   1650.0052000000001        1.3336090000000000E-002   22.074709455333810        44.767952021065433        2.0000000000000000     
   1750.0052000000001        1.3327033000000000E-002   21.874723711149663        44.417770503585899        2.0000000000000000     
   2150.0052000000001        1.2706535000000000E-002   20.880216047629801        43.827694851562470        2.0000000000000000     
   1350.0052000000001        1.2364860000000000E-002   23.269917768871100        43.645347948963554        1.0000000000000000     
   1600.0052000000001        1.3025825000000000E-002   21.176267358555872        43.271310703777786        2.0000000000000000     
   2600.0052000000001        1.3061506000000001E-002   22.777045866910210        43.264882656351610        2.0000000000000000     
   880.00521000000003        1.3044211999999999E-002   21.232880463960779        41.971278026743818        1.0000000000000000     
   1250.0052000000001        1.3075134000000000E-002   21.291963169442322        41.430732871085539        1.5000000000000000     
   1750.0052000000001        1.2778291000000001E-002   20.977777068807843        41.266915029971493        2.0000000000000000     
   11900.004999999999        1.2582473000000000E-002   20.856390751012622        41.177922206583702        2.0000000000000000     
   2150.0052000000001        1.2525712000000000E-002   20.835056146389672        40.836681563186701        2.0000000000000000     
   1650.0052000000001        1.2947247000000000E-002   21.147631689344365        40.595215992521275        2.0000000000000000     
   1800.0052000000001        1.3259745999999999E-002   21.811212618318002        40.565018477903322        2.0000000000000000     
   1700.0052000000001        1.3269417000000000E-002   22.080774636595901        40.448603575687976        2.0000000000000000     
   11300.004999999999        1.2562792999999999E-002   20.862227365352567        40.281562660612764        2.0000000000000000     
   11100.004999999999        1.3106026000000000E-002   22.616352341136192        40.079594289611080        2.0000000000000000     
   1700.0052000000001        1.2864835999999999E-002   21.081017171923015        39.811768945415182        2.0000000000000000     
   1850.0047000000000        1.1619291000000000E-002   20.810419577164698        39.001022255591387        1.5000000000000000     
   1150.0052000000001        1.2854338999999999E-002   22.889475204996916        38.026532013103051        1.0000000000000000     
   4900.0051999999996        1.2095755000000000E-002   23.228947625168068        37.987031022092019        1.5000000000000000     
   2100.0052000000001        1.2796025000000001E-002   21.067611910396820        37.575083909131934        2.0000000000000000     
   1300.0047000000000        1.2642706000000000E-002   20.956540774051273        37.546953676865947        1.5000000000000000     
   7400.0051999999996        1.2981182000000001E-002   22.732613438909034        37.486015015978992        2.0000000000000000     
   4750.0051999999996        1.3005849999999999E-002   22.696868382675920        37.433995047942403        2.0000000000000000     
   1850.0052000000001        1.3189907000000001E-002   21.730611793663638        37.211218593389475        2.0000000000000000     
   900.00521000000003        1.3031272999999999E-002   21.362714386339178        36.741424888452457        1.0000000000000000     
   1100.0041000000001        1.3095320000000001E-002   21.493933062340837        36.395742519362280       0.50000000000000000     
   1750.0052000000001        1.3200099999999999E-002   22.054499728498701        36.080257577123980        2.0000000000000000     
   4300.0051999999996        1.2433425000000000E-002   20.899751690572508        34.960088660932719        2.0000000000000000     
   1900.0052000000001        1.3117362000000000E-002   21.632945271426994        34.580676796899510        2.0000000000000000     
   9350.0051999999996        1.3047985000000000E-002   22.523517681363728        34.308584256172672        2.0000000000000000     
   9550.0051999999996        1.2621827000000000E-002   21.008304538098482        34.253217432795736        2.0000000000000000     
   2050.0052000000001        1.2881533000000001E-002   21.235920479429240        34.022949142698600        2.0000000000000000     
   1350.0047000000000        1.2358101000000000E-002   20.895891472911178        33.682298398490119        1.5000000000000000     
   8750.0051999999996        1.2079415000000000E-002   23.154130549689196        33.458100714307996        1.5000000000000000     
   4000.0052000000001        1.2975565000000000E-002   22.620840682459892        33.429256470511518        2.0000000000000000     
   1650.0047000000000        1.1777767000000000E-002   20.871054603207075        33.097629493515406        1.5000000000000000     
   1950.0052000000001        1.3041931000000000E-002   21.518118701617343        32.945746060542945        2.0000000000000000     
   6450.0051999999996        1.2041718999999999E-002   23.144911732324690        32.814082769952357        1.5000000000000000     
   2000.0052000000001        1.2963404000000000E-002   21.385904201599306        32.631523812111702        2.0000000000000000     
   2650.0052000000001        1.2985808000000000E-002   22.570880148637492        32.443039909000291        2.0000000000000000     
   920.00521000000003        1.3018170000000001E-002   21.491756175789593        32.374549460667808        1.0000000000000000     
   5400.0051999999996        1.2039317000000001E-002   23.133092770522804        32.136125372874211        1.5000000000000000     
   6800.0051999999996        1.1452402000000000E-002   21.007686733822332        32.113729341016381        1.5000000000000000     
   3450.0052000000001        1.2180803000000000E-002   23.116916414565953        32.004799160225588        1.5000000000000000     
   1800.0052000000001        1.3127989000000000E-002   21.997463003864741        31.809142118879819        2.0000000000000000     
   3750.0052000000001        1.1517717000000000E-002   20.993035765576074        31.164346075771967        1.5000000000000000     
   2100.0052000000001        1.2624437000000001E-002   21.078130699324465        30.994114221755030        2.0000000000000000     
   2950.0052000000001        1.2451968000000001E-002   20.990263000746985        30.596096515495272        2.0000000000000000     
   1150.0041000000001        1.3078527000000000E-002   22.220409889367438        30.295026659574933       0.50000000000000000     
   5050.0051999999996        1.2476889000000000E-002   21.016125512197931        29.885802717756253        2.0000000000000000     
   6550.0051999999996        1.2042262999999999E-002   23.089559812787197        29.723167788014266        1.5000000000000000     
   4500.0051999999996        1.1481778000000000E-002   21.041835694268794        29.665821606724379        1.5000000000000000     
   1300.0052000000001        1.3021547000000000E-002   21.641192608942578        29.307526649365006        1.5000000000000000     
   7700.0051999999996        1.2448443000000000E-002   21.016475351755158        29.210545982155494        2.0000000000000000     
   1100.0052000000001        1.2892170999999999E-002   22.602578352902551        28.976744850556230        1.0000000000000000     
   6700.0051999999996        1.1452525000000000E-002   21.073340801859548        28.960653366892789        1.5000000000000000     
   940.00521000000003        1.3004899000000000E-002   21.619915957369553        28.857148159461129        1.0000000000000000     
   1850.0052000000001        1.3052911000000000E-002   21.911132214156748        27.912977826464857        2.0000000000000000     
   5650.0051999999996        1.1455369000000000E-002   21.095557477090345        27.865979850401210        1.5000000000000000     
   11700.004999999999        1.3012858000000000E-002   22.248445129637528        27.190159014923665        2.0000000000000000     
   1600.0052000000001        1.2646902999999999E-002   22.816879205459482        27.144378224445983        1.5000000000000000     
   1650.0052000000001        1.2574277999999999E-002   22.858078487865438        26.652347683517036        1.5000000000000000     
   4800.0051999999996        1.2927572000000000E-002   22.449693488249537        26.565352150045886        2.0000000000000000     
   11100.004999999999        1.2995826000000000E-002   22.256624960896612        26.438146024296756        2.0000000000000000     
   1550.0052000000001        1.2716352000000000E-002   22.732732822377226        26.251439670478536        1.5000000000000000     
   960.00521000000003        1.2991456000000000E-002   21.747105415662368        26.173517962046432        1.0000000000000000     
   1100.0052000000001        1.2605458999999999E-002   21.179210380537132        26.006904963562903        1.0000000000000000     
   7450.0051999999996        1.2901971000000000E-002   22.473911333509463        25.953591782011134        2.0000000000000000     
   4250.0051999999996        1.2060344000000001E-002   23.016094693736083        25.902244859731063        1.5000000000000000     
   1200.0041000000001        1.2558745000000000E-002   22.849188628801155        25.832932414814085       0.50000000000000000     
   1200.0052000000001        1.2514075000000000E-002   22.876427320868739        25.809948621261306       0.50000000000000000     
   2050.0052000000001        1.2718254999999999E-002   21.295888182388072        25.291592700388499        2.0000000000000000     
   1300.0052000000001        1.2417002999999999E-002   22.911851990819791        25.134138479422411        1.0000000000000000     
   1400.0047000000000        1.2275794000000000E-002   21.036305253865148        25.119246758231682        1.5000000000000000     
   1900.0052000000001        1.2974661000000000E-002   21.796821779362215        24.781137525711962        2.0000000000000000     
   1700.0052000000001        1.2498270000000001E-002   22.857616515997439        24.594476800890082        1.5000000000000000     
   1500.0052000000001        1.2782804000000000E-002   22.604366371381285        24.451020833684524        1.5000000000000000     
   980.00521000000003        1.2977836000000000E-002   21.873234124074376        24.305821950642763        1.0000000000000000     
   1600.0047000000000        1.1891081000000000E-002   21.021311740640535        24.242350740571712        1.5000000000000000     
   11300.004999999999        1.2701189000000000E-002   21.309709877632990        24.204161934967466        2.0000000000000000     
   1350.0047000000000        1.2573666000000001E-002   21.202845856987413        24.113685124181714        1.5000000000000000     
   1050.0052000000001        1.2928715000000000E-002   22.305006130838326        23.888508296981101        1.0000000000000000     
   2700.0052000000001        1.2906945000000000E-002   22.349673993812733        23.620529322216086        2.0000000000000000     
   4050.0052000000001        1.2895604999999999E-002   22.368714515590952        23.451468662668837        2.0000000000000000     
   1350.0052000000001        1.2965650000000000E-002   21.948358967599429        23.378669144019266        1.5000000000000000     
   9400.0051999999996        1.2951051999999999E-002   22.168542654527503        23.322664448794324        2.0000000000000000     
   2150.0052000000001        1.1600829999999999E-002   21.120880341576257        23.304701193617031        1.5000000000000000     
   1000.0051999999999        1.2964035000000000E-002   21.998210267066018        23.234168283106857        1.0000000000000000     
   1950.0052000000001        1.2892999000000000E-002   21.655645589006625        22.900680278201506        2.0000000000000000     
   2000.0052000000001        1.2807641999999999E-002   21.488474211250058        22.848606446961405        2.0000000000000000     
   1800.0047000000000        1.1744608000000000E-002   21.084167897602157        22.599337293631262        1.5000000000000000     
   1450.0052000000001        1.2846411000000000E-002   22.430771595003247        22.549394466213926        1.5000000000000000     
   9500.0051999999996        1.2738713000000000E-002   21.412798766277486        22.262555063729287        2.0000000000000000     
   4250.0051999999996        1.2535747999999999E-002   21.225949904887909        22.154486647315995        2.0000000000000000     
   1400.0052000000001        1.2907315000000001E-002   22.211909967682541        21.703159597062957        1.5000000000000000     
   1750.0052000000001        1.2418634000000000E-002   22.816749630079837        21.058359329140423        1.5000000000000000     
   11200.004999999999        1.2914808999999999E-002   21.998170340767004        20.921972410407900        2.0000000000000000     
   11800.004999999999        1.2810263000000001E-002   21.590779580993697        20.599687717011218        2.0000000000000000     
   1450.0047000000000        1.2188483000000000E-002   21.119935103670713        20.251001043816839        1.5000000000000000     
   2900.0052000000001        1.2552620000000000E-002   21.299570717124592        19.899751137946211        2.0000000000000000     
   11200.004999999999        1.2792232000000001E-002   21.599762062143327        19.695549391508262        2.0000000000000000     
   1550.0047000000000        1.1996763000000001E-002   21.112768525150710        19.679753616824854        1.5000000000000000     
   4950.0051999999996        1.1997229000000000E-002   22.886351027445244        19.640644972034561        1.5000000000000000     
   5000.0051999999996        1.2576390000000000E-002   21.333591998144470        19.408126514683012        2.0000000000000000     
   8950.0051999999996        1.1575528000000000E-002   21.231154063230409        19.282513618938037        1.5000000000000000     
   9450.0051999999996        1.2848183000000001E-002   21.798795611850185        18.997441061028077        2.0000000000000000     
   4850.0051999999996        1.2845858999999999E-002   22.190891051823264        18.797921915254371        2.0000000000000000     
   7650.0051999999996        1.2548218000000000E-002   21.334654097947499        18.580703672342960        2.0000000000000000     
   1500.0047000000000        1.2095666000000000E-002   21.145641203051110        18.477022904719373        1.5000000000000000     
   5150.0051999999996        1.1533933000000000E-002   21.278248528546776        18.453590762097861        1.5000000000000000     
   7500.0051999999996        1.2819422000000000E-002   22.205934598206589        17.846537637081301        2.0000000000000000     
   2750.0052000000001        1.2824594000000000E-002   22.112806579225207        17.317015578186975        2.0000000000000000     
   3500.0052000000001        1.2086753000000000E-002   22.825738204807919        17.234241148703333        1.5000000000000000     
   1100.0041000000001        1.2603420000000001E-002   21.436378056652309        17.044635008810172       0.50000000000000000     
   4100.0051999999996        1.2812041000000000E-002   22.104318218064407        16.757322732326024        2.0000000000000000     
   1800.0052000000001        1.2335080999999999E-002   22.736653987032053        16.373459066788623        1.5000000000000000     
   4200.0051999999996        1.2632577000000001E-002   21.534304605515882        15.425646878172213        2.0000000000000000     
   6500.0051999999996        1.1939333000000000E-002   22.782694484358302        15.407278066566061        1.5000000000000000     
   1400.0047000000000        1.2500994000000000E-002   21.398661718303931        15.315067974344116        1.5000000000000000     
   5450.0051999999996        1.1937562000000001E-002   22.776102800751350        15.155851085601498        1.5000000000000000     
   1100.0052000000001        1.2559872999999999E-002   21.467988423541346        14.912352525427528       0.50000000000000000     
   2850.0052000000001        1.2647896000000000E-002   21.588827215297943        14.720807546642465        2.0000000000000000     
   4900.0051999999996        1.2760367000000000E-002   21.919438468006216        14.616204103594050        2.0000000000000000     
   4950.0051999999996        1.2670700000000000E-002   21.634140362750546        14.592294572672905        2.0000000000000000     
   2800.0052000000001        1.2738387000000000E-002   21.859509735897028        14.123822575877432        2.0000000000000000     
   4150.0051999999996        1.2724506999999999E-002   21.826597868946461        13.874467943187680        2.0000000000000000     
   7600.0051999999996        1.2642960999999999E-002   21.637745743404416        13.615675272959551        2.0000000000000000     
   7550.0051999999996        1.2733212000000001E-002   21.927646555338935        13.570872122603403        2.0000000000000000     
   8800.0051999999996        1.1969015000000000E-002   22.729580240411448        13.331184540223356        1.5000000000000000     
   6600.0051999999996        1.1939755000000000E-002   22.725394491408704        13.245665317314257        1.5000000000000000     
   1750.0047000000000        1.1861094000000001E-002   21.304922142446422        12.560702286840975        1.5000000000000000     
   1250.0052000000001        1.2467025000000000E-002   22.521326733609342        12.247347918025682        1.0000000000000000     
   3700.0052000000001        1.1648021000000000E-002   21.420062625749786        11.505414268232677        1.5000000000000000     
   4300.0051999999996        1.1959310000000001E-002   22.672681077866454        11.353887380441998        1.5000000000000000     
   1850.0052000000001        1.2247269000000000E-002   22.618350066197639        11.087468860541383        1.5000000000000000     
   1150.0052000000001        1.2561147000000000E-002   21.652438451181254        10.892124953389267        1.0000000000000000     
   6750.0051999999996        1.1588322999999999E-002   21.484240510111452        10.887145109354792        1.5000000000000000     
   4450.0051999999996        1.1614480000000000E-002   21.495563316323565        10.077050954107246        1.5000000000000000     
   1450.0047000000000        1.2424404000000000E-002   21.542605158442782        9.7332199791143079        1.5000000000000000     
   6650.0051999999996        1.1588308000000000E-002   21.547781888769073        9.3497881364506625        1.5000000000000000     
   5600.0051999999996        1.1589601000000000E-002   21.561464637794728        9.0185151470948242        1.5000000000000000     
   1150.0041000000001        1.2581386999999999E-002   22.149415550333135        9.0083966715690131       0.50000000000000000     
   2100.0052000000001        1.1726614999999999E-002   21.467440245521697        8.9589811409652427        1.5000000000000000     
   1150.0052000000001        1.2537290000000000E-002   22.178972209621026        8.0177902386850128       0.50000000000000000     
   5000.0051999999996        1.1892727000000001E-002   22.523052391925155        7.1272823413900328        1.5000000000000000     
   1700.0047000000000        1.1969878000000000E-002   21.473874387030666        6.9428871825668610        1.5000000000000000     
   1200.0052000000001        1.2515037000000000E-002   22.100685989722948        6.8850198248895751        1.0000000000000000     
   3550.0052000000001        1.1987246999999999E-002   22.512866186716515        6.5798589163850068        1.5000000000000000     
   1500.0047000000000        1.2343580000000000E-002   21.633799262370481        6.3037549652017715        1.5000000000000000     
   1900.0052000000001        1.2154788999999999E-002   22.462621166753657        5.9494493320453321        1.5000000000000000     
   5100.0051999999996        1.1662242999999999E-002   21.722791908045064        4.7731030191988424        1.5000000000000000     
   6550.0051999999996        1.1830329000000001E-002   22.398008441691459        4.6799741158040282        1.5000000000000000     
   5500.0051999999996        1.1829362000000000E-002   22.397367592278517        4.6754581800635133        1.5000000000000000     
   1550.0047000000000        1.2258165999999999E-002   21.671955167482441        4.3565773964442176        1.5000000000000000     
   1650.0047000000000        1.2071857000000000E-002   21.591467415722988        4.3015574037989550        1.5000000000000000     
   1600.0047000000000        1.2167755000000001E-002   21.657631989052508        3.6339398218419499        1.5000000000000000     
   6650.0051999999996        1.1830620000000000E-002   22.338671590279162        3.5847007123364136        1.5000000000000000     
   8900.0051999999996        1.1718932000000000E-002   21.773402888241151        3.2586368535647940        1.5000000000000000     
   4350.0051999999996        1.1851966000000000E-002   22.306858224326344        2.9019008323415858        1.5000000000000000     
   8850.0051999999996        1.1849396000000000E-002   22.270871109573324        2.4013180444205546        1.5000000000000000     
   3650.0052000000001        1.1768855000000000E-002   21.813026794699987        2.2096748045678165        1.5000000000000000     
   6700.0051999999996        1.1713882000000000E-002   21.926254204345504        2.1825489068682273        1.5000000000000000     
   6600.0051999999996        1.1713727000000000E-002   21.987680736367388        2.0525999730375513        1.5000000000000000     
   5550.0051999999996        1.1713767000000000E-002   21.993775341473764        2.0492020200257945        1.5000000000000000     
   1950.0052000000001        1.2057151000000000E-002   22.269925163631957        1.9031457189094421        1.5000000000000000     
   4400.0051999999996        1.1737400000000000E-002   21.915701624789310        1.9016244833867550        1.5000000000000000     
   2050.0052000000001        1.1843879000000000E-002   21.773205361817329        1.8952393561992156        1.5000000000000000     
   5050.0051999999996        1.1781410000000001E-002   22.136321524043186        1.6591286969438142        1.5000000000000000     
   3600.0052000000001        1.1881571000000000E-002   22.176180297499862        1.1266231262928716        1.5000000000000000     
