  #time	ai	proti	chi2	massp                                                                                                                                                                              
   240.00520000000000        1.3458337000000001E-002   9.3685845517677624        99.994263313455136        3.0000000000000000     
   48.005206999999999        1.3042735999999999E-002   6.2935448042554372        99.982191723262630        2.0000000000000000     
  0.72519977000000002        1.3090892999999999E-002   6.3265319524932995        99.763570503497135        1.0000000000000000     
   1.1252020000000000        1.1332846000000001E-002   6.1181354675498740        99.662712378885800       0.50000000000000000     
  0.47519368000000001        1.2208750000000001E-002   6.0144513693083610        99.649495301258582        1.5000000000000000     
   9.8052073000000011        1.3422460000000001E-002   6.5997773156250288        99.600401530937660        1.5000000000000000     
  0.59519637999999997        1.1667189000000000E-002   6.0328929969109080        99.506825339974881        1.0000000000000000     
  0.91520201000000001        1.2809792000000000E-002   6.1773215670075494        99.447992187094314       0.50000000000000000     
   180.00520000000000        1.3864082000000000E-002   8.7082019037395604        99.408794994968474        1.5000000000000000     
  0.53519638000000003        1.2702636000000000E-002   6.1352819113967145        99.271770494403341        1.0000000000000000     
  0.94520017000000001        1.1457449999999999E-002   6.0835660899229191        99.176983490253079        1.5000000000000000     
   1.0452018000000001        1.3330007000000000E-002   6.5211233942708162        98.899866480385413        1.5000000000000000     
   8.0052073000000004        1.3745986000000000E-002   7.0520606885997106        98.676404438388403        1.0000000000000000     
   58.005206999999999        1.3503886000000000E-002   6.7027950541879058        98.610345913877950        1.0000000000000000     
   160.00521000000001        1.3972139000000000E-002   8.2306691730518207        98.563517440931975        2.5000000000000000     
  0.83520017000000002        1.3140700999999999E-002   6.3752521534198436        98.525108085940332        1.5000000000000000     
   260.00520000000000        1.3366551000000001E-002   9.4399017861391918        98.519470547256816        3.5000000000000000     
   10.005207000000000        1.3371923000000001E-002   6.5681527510551714        98.308982405873110        1.5000000000000000     
   360.00497000000001        1.2184863000000001E-002   9.9738835717891980        98.259764233965555        2.0000000000000000     
   500.00520999999998        1.1067629000000001E-002   9.7494066424028674        98.243480870951714        3.0000000000000000     
   1.0152019000000001        1.3291232000000000E-002   6.4963450754819085        98.206455667679677        1.0000000000000000     
   160.00522000000001        1.3981046000000000E-002   8.0112414061594510        98.116745540232202        2.5000000000000000     
   5.0052067000000005        1.2713307000000000E-002   6.1528125963915414        98.022702607932601        2.0000000000000000     
  0.73519853000000002        1.2752744000000000E-002   6.1709746870861961        97.798926343623990        2.0000000000000000     
  0.92520201000000002        1.2758492000000000E-002   6.1756685912286473        97.587378324328427       0.50000000000000000     
   94.005206999999999        1.1922647999999999E-002   9.9740088753501634        97.567356400912118        1.0000000000000000     
  0.76519853000000004        1.2113916000000001E-002   6.0301356220854352        97.333560186111896        2.0000000000000000     
   8900.0051999999996        1.0181470000000000E-002   8.7629153016106116        97.227281701794283        3.5000000000000000     
   1.0052011999999999        1.2955570000000000E-002   6.2765890833371767        97.081479254744295        2.0000000000000000     
   140.00521000000001        1.2169371999999999E-002   6.0389232742994228        96.862717132586454        2.5000000000000000     
   2.2052047999999997        1.1837441000000001E-002   6.0420867569329388        96.496239573713979        2.0000000000000000     
  0.54519638000000004        1.2565162000000000E-002   6.1220457286049719        96.153006068211781        1.0000000000000000     
   1.1152020000000000        1.1435465000000001E-002   6.1229518996535450        96.050231208462435       0.50000000000000000     
  0.61519714000000003        1.2828045000000000E-002   6.2239460838606275        96.000649392347711        1.5000000000000000     
   14.005207000000000        1.2628795999999999E-002   6.1442813257347542        95.976903124481282        1.5000000000000000     
   1.4052031999999999        1.3075992000000000E-002   6.3627407863518224        95.959412383652790        2.0000000000000000     
  0.73519977000000003        1.3002537999999999E-002   6.3175344406391991        95.894319157478606        1.0000000000000000     
   220.00521000000001        1.3443092000000000E-002   9.3231156989213932        95.828743156018561        3.0000000000000000     
  0.93520201000000003        1.2706044000000000E-002   6.1739457381454166        95.824305574611486       0.50000000000000000     
   56.005206999999999        1.1082295000000001E-002   6.2711640366081189        95.776405220434839        1.5000000000000000     
   300.00520000000000        1.2854902000000000E-002   9.7589386845465196        95.618066757997383       0.50000000000000000     
   46.005208000000003        1.3668199000000001E-002   6.9800633880896408        95.578967637925786       0.50000000000000000     
  0.74519853000000003        1.2563237999999999E-002   6.1290443259482021        95.442802265412340        2.0000000000000000     
   1.8052041999999999        1.1007578000000001E-002   6.3175223666444627        95.390809455617529       0.50000000000000000     
   1.0652012000000000        1.1983432000000000E-002   6.0499760088568486        95.071698783640443        2.0000000000000000     
  0.75519853000000003        1.2352363999999999E-002   6.0825336644917485        95.020935825075938        2.0000000000000000     
   8.2052072999999996        1.3696207000000000E-002   7.0406491806043396        94.936807486492043        1.0000000000000000     
  0.58519637999999996        1.1886066000000001E-002   6.0550148774283086        94.898699282396677        1.0000000000000000     
   1.0252019000000001        1.3230792999999999E-002   6.4898246994553563        94.887021394819612        1.0000000000000000     
   280.00405999999998        1.3324735000000001E-002   9.4268816616756208        94.772853116001940       0.50000000000000000     
   1.0552018000000001        1.3247642000000000E-002   6.5063694033139567        94.688573292008144        1.5000000000000000     
   480.00520999999998        1.1174643000000000E-002   9.7612973224392618        94.584559436168348        3.0000000000000000     
   3.2052060000000000        1.3117412000000000E-002   6.4110236059684738        94.336388659305598        2.0000000000000000     
  0.84520017000000003        1.3035883000000000E-002   6.3572958992363136        94.288258153729700        1.5000000000000000     
  0.94520201000000004        1.2652381000000001E-002   6.1721489346432037        94.166010205485293       0.50000000000000000     
   3.2052058999999997        1.0762851000000000E-002   6.5047998087218106        94.154031772545721       0.50000000000000000     
  0.66519713999999996        1.1856670999999999E-002   6.0659227338287929        94.029949082975534        1.5000000000000000     
  0.85519977000000003        1.1425740000000000E-002   6.1478908789543185        94.002066457276769        1.0000000000000000     
   1.0152011999999999        1.2824329000000001E-002   6.2458510252893387        93.913921708718078        2.0000000000000000     
  0.55519638000000004        1.2417157999999999E-002   6.1076623783347763        93.874059335137247        1.0000000000000000     
   52.005206999999999        1.3022450000000000E-002   6.3543301391453610        93.840831638301481        2.0000000000000000     
   300.00520999999998        1.2771095000000000E-002   9.7766181865407500        93.773990393655282        2.5000000000000000     
   2.0052050000000001        1.3544808000000000E-002   6.8341245017189864        93.642437860485160        1.0000000000000000     
   300.00405999999998        1.2891886999999999E-002   9.7164530631921853        93.541837282426172       0.50000000000000000     
   380.00473000000000        1.0073939000000001E-002   8.1417637135236856        93.245202825611500        2.5000000000000000     
   1.1052020000000000        1.1532519000000000E-002   6.1274201803120611        93.127339325038051       0.50000000000000000     
   180.00521000000001        1.0838627000000000E-002   6.4591686409408515        93.073712989500279        3.5000000000000000     
   44.005208000000003        1.3670462000000000E-002   7.0354704331517341        93.019017300698636       0.50000000000000000     
   300.00470000000001        1.2748025000000000E-002   9.7770586452458961        92.936969085618031        2.0000000000000000     
  0.57519637999999995        1.2080791000000000E-002   6.0744959025586480        92.852327619503512        1.0000000000000000     
  0.56519638000000005        1.2256596000000000E-002   6.0919100817816965        92.666213451110480        1.0000000000000000     
  0.95520201000000005        1.2597426000000000E-002   6.1702735988843989        92.620411166832525       0.50000000000000000     
   8.8052066999999994        1.0600692000000000E-002   6.6819372322781829        92.383809641822481       0.50000000000000000     
  0.62519714000000004        1.2669969000000000E-002   6.1983283626354018        92.371976894607911        1.5000000000000000     
   220.00473000000000        1.3605249999999999E-002   9.0570577782481561        92.354970148673871        1.5000000000000000     
  0.74519977000000004        1.2910328000000000E-002   6.3080781956869370        92.282410401279051        1.0000000000000000     
   200.00521000000001        1.0686381999999999E-002   6.6014032734809600        92.041627056063064        3.5000000000000000     
   340.00409000000002        1.2187341000000001E-002   9.9088573861627438        91.970826604262157        1.0000000000000000     
   10200.004999999999        1.0125907999999999E-002   8.4062317588242017        91.931130971890767        3.5000000000000000     
   400.00520999999998        1.1423680000000000E-002   9.8283642752965772        91.876514568387151        2.5000000000000000     
   54.005206999999999        1.3014181999999999E-002   6.3747994822775365        91.746045629516658        2.0000000000000000     
   1.0352019000000001        1.3168713000000000E-002   6.4830954545756825        91.672236918335130        1.0000000000000000     
   140.00408999999999        1.2360578000000001E-002   6.1194477733610633        91.662326809360835        1.0000000000000000     
   340.00474000000003        1.2226083000000000E-002   9.9004886882353116        91.574266798502890        2.0000000000000000     
   1.0252011999999999        1.2683630000000000E-002   6.2129407220099422        91.523269209668229        2.0000000000000000     
   8.4052073000000007        1.3647820999999999E-002   7.0279919848316066        91.502843465614646        1.0000000000000000     
   1.0552012000000000        1.2185174000000000E-002   6.0967726974857950        91.414086727294091        2.0000000000000000     
  0.96520201000000005        1.2541098000000001E-002   6.1683146429694204        91.196455189204386       0.50000000000000000     
   62.005206999999999        1.3498545000000001E-002   6.8186404931970959        91.031186830132754        1.0000000000000000     
   78.005207999999996        1.3647716000000001E-002   8.9578120336607245        90.809300457806373       0.50000000000000000     
   1.0952020000000000        1.1624658000000000E-002   6.1315816776399332        90.796713684330655       0.50000000000000000     
   1.0652018000000001        1.3161984999999999E-002   6.4909913407828217        90.682906854316272        1.5000000000000000     
  0.85520017000000004        1.2925419000000000E-002   6.3383359923458622        90.438189021879836        1.5000000000000000     
   3.4052062999999997        1.3609789000000001E-002   6.9883895935852083        90.369408482972887        1.0000000000000000     
  0.93520017000000000        1.1693540000000001E-002   6.1248094090961187        90.256434594112051        1.5000000000000000     
   1.0352011999999999        1.2531789000000000E-002   6.1774789894463629        90.109557243195127        2.0000000000000000     
   1.1952018000000000        1.1460681000000000E-002   6.1799111357856376        90.089709334175325        1.5000000000000000     
  0.65519714000000007        1.2096569000000000E-002   6.1050632879740077        90.002765195057790        1.5000000000000000     
   1.0452011999999999        1.2366613000000000E-002   6.1389741761902874        89.945552805711614        2.0000000000000000     
   92.005206999999999        1.3470981999999999E-002   9.1970167791071820        89.915932010241733        1.0000000000000000     
  0.97520201000000006        1.2483307000000001E-002   6.1662669987208476        89.904057195459885       0.50000000000000000     
   3.8052067000000003        1.3563502000000000E-002   6.9272249102503149        89.884624660050676       0.50000000000000000     
  0.63519714000000005        1.2497717000000000E-002   6.1703620769604788        89.882426356596170        1.5000000000000000     
   680.00521000000003        1.0106400000000000E-002   8.0588308968420783        89.729555387149134        3.5000000000000000     
   460.00520999999998        1.1274706000000001E-002   9.7500179852942814        89.715356764908051        3.0000000000000000     
   220.00471999999999        1.3485552000000000E-002   9.1718033903712453        89.499700024186836        1.5000000000000000     
   50.005208000000003        1.3664043000000001E-002   7.1101642244407230        89.021173240502549       0.50000000000000000     
   1.0852020000000000        1.1712423000000000E-002   6.1354713626299970        88.979186776835832       0.50000000000000000     
  0.75519977000000005        1.2813842000000001E-002   6.2981129032380307        88.968960955825651        1.0000000000000000     
  0.64519714000000006        1.2308077000000001E-002   6.1395188879575509        88.907532695839507        1.5000000000000000     
  0.98520200999999996        1.2423952000000000E-002   6.1641240516342126        88.754392618150476       0.50000000000000000     
   220.00520000000000        1.3485449000000000E-002   9.1564965837619479        88.601078786966127        3.0000000000000000     
   1.0452019000000001        1.3104879000000000E-002   6.4761413785151936        88.572567384678067        1.0000000000000000     
   100.00521000000001        1.2898173000000001E-002   9.6533463979692442        88.506725222481720        2.0000000000000000     
   520.00521000000003        1.0180063000000000E-002   8.4753271345253349        88.452668234914967        3.0000000000000000     
   8.6052073000000000        1.3600831000000001E-002   7.0140289813555023        88.369971016808691        1.0000000000000000     
   160.00520000000000        1.3874953000000001E-002   8.1199568648552063        88.245964470536578        1.5000000000000000     
   240.00520000000000        1.3399771000000000E-002   9.2506825774887922        88.089145361328718        3.5000000000000000     
   96.005206999999999        1.2904891000000000E-002   9.6418063350527561        87.858893118450638        2.0000000000000000     
   60.005206999999999        1.1047306000000000E-002   6.3855910870440136        87.848549101264396        1.5000000000000000     
  0.99520200999999997        1.2362925000000000E-002   6.1618786922914008        87.760110085983655       0.50000000000000000     
   1.0752020000000000        1.1796268000000000E-002   6.1391177302346795        87.609736216151973       0.50000000000000000     
  0.84519977000000002        1.1623183000000000E-002   6.1699427447782673        87.277512906036321        1.0000000000000000     
   340.00409999999999        1.0476579999999999E-002   9.0790660215347927        87.129801444667763        1.5000000000000000     
  0.86520017000000005        1.2808556000000000E-002   6.3182392028362875        87.052053318827944        1.5000000000000000     
   140.00471999999999        1.3537900000000000E-002   6.9436255619010092        87.026586242712284        1.5000000000000000     
   1.0052019999999999        1.2300102000000000E-002   6.1595243638795134        86.935292028911832       0.50000000000000000     
   1.0752018000000001        1.3072711000000001E-002   6.4749270296777182        86.913911078791926        1.5000000000000000     
   3.8052063999999999        1.3464438000000000E-002   6.8506649556021468        86.638744227756078        1.5000000000000000     
   1.0652020000000000        1.1876581000000001E-002   6.1425458455368318        86.634202086025496       0.50000000000000000     
   140.00520000000000        1.3589105000000001E-002   7.0330073635753738        86.508238991091389        3.0000000000000000     
   1.0152019999999999        1.2235349000000000E-002   6.1570524560805717        86.296117575397105       0.50000000000000000     
   1.0552020000000000        1.1953693000000000E-002   6.1457767838630639        86.007199278846940       0.50000000000000000     
  0.76519977000000006        1.2712584000000001E-002   6.2875799128856888        86.003961251794422        1.0000000000000000     
   1.0252019999999999        1.2168514000000000E-002   6.1544528370921334        85.861029965999563       0.50000000000000000     
   1.0452020000000000        1.2027892000000000E-002   6.1488275932497105        85.690428527229955       0.50000000000000000     
   1.0352020000000000        1.2099426000000000E-002   6.1517154251236077        85.651032447302228       0.50000000000000000     
   1.0552018999999999        1.3039164000000001E-002   6.4689461235369574        85.599694405683110        1.0000000000000000     
   8.8052073000000011        1.3555241000000001E-002   6.9986958339259031        85.534617335125319        1.0000000000000000     
   1.4052042000000000        1.2921657000000000E-002   6.3967101737862313        85.499746469986860       0.50000000000000000     
   140.00521000000001        1.2075432000000001E-002   6.1570873827254591        85.050420015068852        3.0000000000000000     
  0.92520016999999999        1.1901082000000000E-002   6.1610016760262853        84.792487650189628        1.5000000000000000     
   48.005208000000003        1.3666029000000000E-002   7.2158591096719435        84.763242165962154       0.50000000000000000     
   140.00520000000000        1.3556090999999999E-002   7.0158742873287423        84.748067802461250        3.5000000000000000     
   66.005206999999999        1.3493593999999999E-002   6.9237168869055532        84.730211363909078        1.0000000000000000     
   3.4052060000000002        1.2314219000000000E-002   6.1908070697805933        84.297813653924706        2.0000000000000000     
  0.87520017000000006        1.2684377000000000E-002   6.2968411711723000        84.228045288944898        1.5000000000000000     
   440.00520999999998        1.1368722000000000E-002   9.7184018275369137        83.785417157432533        3.0000000000000000     
   360.00520000000000        1.1868274000000000E-002   9.8232113122542692        83.536278250468399        2.5000000000000000     
  0.77519977000000007        1.2605968000000000E-002   6.2764076097017538        83.449196873363036        1.0000000000000000     
   1.0852018000000001        1.2979441000000000E-002   6.4581051706507342        83.418607871748236        1.5000000000000000     
   28.005206999999999        1.2231683000000000E-002   6.1889440821129638        83.340011379132747        1.0000000000000000     
   140.00406000000001        1.2940036000000000E-002   6.4378994511258636        83.095644450328720       0.50000000000000000     
   9.0052073000000004        1.3511054000000000E-002   6.9819706317283483        82.991701751353958        1.0000000000000000     
  0.83519977000000001        1.1800366000000000E-002   6.1895588072938104        82.938773763350028        1.0000000000000000     
   1.0652018999999999        1.2971425999999999E-002   6.4614901037369830        82.767028787772688        1.0000000000000000     
   30.005206999999999        1.2200022000000000E-002   6.1939570989553250        82.544991642758404        1.0000000000000000     
   4.6052064000000001        1.1469579000000001E-002   6.2633479899893691        82.432664136179142        1.5000000000000000     
   1.1852018000000000        1.1664971000000000E-002   6.2176731929440683        82.223329724738889        1.5000000000000000     
   200.00521000000001        1.3470404000000000E-002   9.0614900439442820        82.221227806665254        3.0000000000000000     
   2.2052058999999997        1.3196660000000001E-002   6.6386529857995322        82.131521644784812       0.50000000000000000     
  0.88520017000000006        1.2551748999999999E-002   6.2739411509473815        82.092650899633952        1.5000000000000000     
   8.6052067000000001        1.0738952000000000E-002   6.6995315868817125        82.036504544149068       0.50000000000000000     
   54.005208000000003        1.3660692000000000E-002   7.2818874472165422        81.839592032531840       0.50000000000000000     
  0.91520017000000009        1.2086734999999999E-002   6.1933151273130074        81.790827313076093        1.5000000000000000     
  0.78519976999999996        1.2493288999999999E-002   6.2645128678322610        81.381238649324885        1.0000000000000000     
   140.00521000000001        1.3549198000000000E-002   7.0763402603184264        81.329046343644862        3.0000000000000000     
   76.005207999999996        1.3648515999999999E-002   8.7264788506395874        81.134416106468876       0.50000000000000000     
   58.005206999999999        1.2997999000000000E-002   6.5008259598734828        81.088119748278018        2.0000000000000000     
  0.89520017000000007        1.2409247000000000E-002   6.2492860977115443        80.812054794823482        1.5000000000000000     
   9.2052073000000014        1.3468272000000000E-002   6.9638484435736618        80.735819769849400        1.0000000000000000     
  0.90520017000000008        1.2255042000000001E-002   6.2225523751954146        80.609159745470279        1.5000000000000000     
   22.005206999999999        1.2374263999999999E-002   6.2462281618927671        80.394727931191611        1.0000000000000000     
  0.82519977000000000        1.1961401999999999E-002   6.2072372427803231        80.387200339213948        1.0000000000000000     
   1.0952018000000001        1.2881734000000001E-002   6.4404417769873232        80.241916612923120        1.5000000000000000     
   1.0752018999999999        1.2901508000000001E-002   6.4537528395142134        80.089923129561924        1.0000000000000000     
  0.79519976999999997        1.2373690999999999E-002   6.2517923252261705        79.896873839795603        1.0000000000000000     
   18.005206999999999        1.2535462000000001E-002   6.2952178961940950        79.825037569330689        1.0000000000000000     
   200.00473000000000        1.3617758000000001E-002   8.7580510555613760        79.794561612628939        1.5000000000000000     
   520.00521000000003        1.1368812000000001E-002   9.6686336265786750        79.568410206053343        3.5000000000000000     
   140.00432000000001        1.2290657000000000E-002   6.2437151351871583        79.225448259041897        1.0000000000000000     
  0.81519976999999999        1.2109251999999999E-002   6.2233356936463844        79.211799087648217        1.0000000000000000     
  0.80519976999999998        1.2246119000000000E-002   6.2381198492597436        79.119903457024506        1.0000000000000000     
   220.00520000000000        1.3432348000000000E-002   9.0542420439187943        79.076178770089953        3.5000000000000000     
   500.00520999999998        1.1472415999999999E-002   9.6980597973839089        79.043797016960596        3.5000000000000000     
   4.0052067000000005        1.3434985999999999E-002   6.9504550949077659        79.018234980281306       0.50000000000000000     
   540.00521000000003        1.1257840999999999E-002   9.6136374053816116        78.865640188910177        3.5000000000000000     
   72.005207999999996        1.3650155000000001E-002   8.6550486469961321        78.802509468668589       0.50000000000000000     
   9.4052073000000007        1.3426896000000001E-002   6.9443237597714846        78.762114716368785        1.0000000000000000     
   34.005206999999999        1.2146867000000000E-002   6.2314872904768359        78.730175682822917        1.0000000000000000     
   380.00520999999998        1.1495424000000001E-002   9.7009420255323509        78.695016015930676        2.5000000000000000     
   1.2152018999999998        1.1522182000000001E-002   6.2929103406822051        78.561626769008768        1.0000000000000000     
   52.005208000000003        1.3662251000000000E-002   7.3852506026809399        78.524883421120421       0.50000000000000000     
   64.005206999999999        1.3495963999999999E-002   7.0523855361468000        78.397038692668502        1.0000000000000000     
   280.00520999999998        1.2803962000000000E-002   9.5767877887013029        78.315364665045735        2.5000000000000000     
   140.00521000000001        1.2357915000000001E-002   6.2672516859920675        78.262994597891492        3.0000000000000000     
   340.00497000000001        1.2221566000000000E-002   9.7547132530648835        78.202750088898838        2.0000000000000000     
   500.00520999999998        1.0366603000000000E-002   8.6782153933190997        78.199050010840196        3.0000000000000000     
   360.00473000000000        1.0240809999999999E-002   8.1809353073593023        78.187179923336302        2.5000000000000000     
   140.00520000000000        1.2904060000000000E-002   6.4863238190917203        77.713500931505976       0.50000000000000000     
   1.0852018999999999        1.2829231999999999E-002   6.4457095599320446        77.586111116385084        1.0000000000000000     
   260.00405999999998        1.3329593000000001E-002   9.1538725229203859        77.480984860946393       0.50000000000000000     
   90.005206999999999        1.3472397000000001E-002   8.9648814326321737        77.473729660891692        1.0000000000000000     
   200.00520000000000        1.3512112000000000E-002   8.9006448674763821        77.441099230097223        3.0000000000000000     
   1.1052018000000001        1.2779070000000000E-002   6.4218390660370464        77.438548870677451        1.5000000000000000     
   16.005206999999999        1.2649578000000000E-002   6.3649984548471377        77.379539309664310        1.0000000000000000     
   20.005206999999999        1.2448832999999999E-002   6.2997911538729392        77.304027659150051        1.0000000000000000     
   480.00520999999998        1.1569625000000000E-002   9.7049127282626753        77.298749358702210        3.5000000000000000     
   56.005206999999999        1.3005978000000000E-002   6.5605019356325069        77.103660079421559        2.0000000000000000     
   9.6052073000000000        1.3386926000000000E-002   6.9233892835538597        77.066360672142451        1.0000000000000000     
   560.00521000000003        1.1138296000000001E-002   9.5294690753403692        77.045235095966049        3.5000000000000000     
   1.1752018000000000        1.1847567000000000E-002   6.2513618525479462        77.024277506497739        1.5000000000000000     
   420.00520999999998        1.1457426999999999E-002   9.6687263103144634        76.975822273734209        3.0000000000000000     
   32.005206999999999        1.2171058000000000E-002   6.2559221767963322        76.776705089507544        1.0000000000000000     
   24.005206999999999        1.2318330000000001E-002   6.2828338299607633        76.249839041753546        1.0000000000000000     
   12.005207000000000        1.3011772000000000E-002   6.5784935159661710        76.109081390850946        1.0000000000000000     
   92.005206999999999        1.1926048999999999E-002   9.7397528413351075        75.805215235175169        1.0000000000000000     
   9.8052073000000011        1.3348359000000001E-002   6.9011480779493919        75.638689883661712        1.0000000000000000     
   200.00471999999999        1.3498890000000000E-002   8.8819159784351474        75.611177886276977        1.5000000000000000     
   320.00432000000001        1.2128836000000000E-002   9.7307999806456298        75.306679986491773        1.0000000000000000     
   1.0952019000000000        1.2754399000000000E-002   6.4373346990588560        75.276016248643970        1.0000000000000000     
   56.005208000000003        1.3659223000000000E-002   7.4972506650253674        75.144449727700376       0.50000000000000000     
   1.1152018000000001        1.2670831000000000E-002   6.4021794150690381        75.076119971012858        1.5000000000000000     
   280.00470000000001        1.2774676000000000E-002   9.5489899176244588        74.987315717304980        2.0000000000000000     
   660.00521000000003        1.0336724000000000E-002   8.4691856129357053        74.665558119400060        3.5000000000000000     
   62.005206999999999        1.1031035999999999E-002   6.5693162738714577        74.643678598519244        1.5000000000000000     
   10.005207000000000        1.3311185999999999E-002   6.8778840803843551        74.458822824679430        1.0000000000000000     
   74.005207999999996        1.3649315000000000E-002   8.5066664407282264        74.423774529317939       0.50000000000000000     
   460.00520999999998        1.1661229000000000E-002   9.6917048741448255        74.415777303864573        3.5000000000000000     
   580.00521000000003        1.1008639000000001E-002   9.4117378732400265        74.395011133004900        3.5000000000000000     
   1.2052018999999998        1.1662674000000000E-002   6.3099457171805540        74.251805744439224        1.0000000000000000     
   1.1652018000000000        1.2012988000000000E-002   6.2818200310261751        73.807775148867975        1.5000000000000000     
   280.00520000000000        1.2861195000000001E-002   9.4866047710743082        73.791263625365218       0.50000000000000000     
   1.1252018000000001        1.2556272000000000E-002   6.3813224752548425        73.238885116192321        1.5000000000000000     
   140.00474000000000        1.2551359000000000E-002   6.3796900560836569        73.235024958781153        2.0000000000000000     
   1.1052019000000000        1.2676783000000000E-002   6.4285973889736630        73.183533614505507        1.0000000000000000     
   68.005206999999999        1.3491494999999999E-002   7.1618620583822326        73.175815891574189        1.0000000000000000     
   8.4052066999999990        1.0872325000000000E-002   6.7147658241674035        73.086945184350668       0.50000000000000000     
   58.005208000000003        1.3657753999999999E-002   7.5962797861625244        72.778461739190760       0.50000000000000000     
   70.005207999999996        1.3651147000000001E-002   8.4128564574081484        72.418425067409203       0.50000000000000000     
   280.00405999999998        1.2898049999999999E-002   9.4440197372838206        72.292169569228406       0.50000000000000000     
   320.00474000000003        1.2261904000000001E-002   9.6789332826522099        72.185264806792020        2.0000000000000000     
   1.1552017999999999        1.2164454999999999E-002   6.3096495328897504        72.108251622439298        1.5000000000000000     
   1.1352018000000001        1.2434486000000000E-002   6.3590987045762688        72.033376870317454        1.5000000000000000     
   60.005208000000003        1.3656544000000000E-002   7.6347985523138711        71.937756399969118       0.50000000000000000     
   64.005206999999999        1.1014641000000000E-002   6.6232918245778114        71.656443793145627        1.5000000000000000     
   26.005206999999999        1.2270174999999999E-002   6.3288058528280153        71.647108215507203        1.0000000000000000     
   1.1452017999999999        1.2304351000000000E-002   6.3352957216664914        71.596744689838218        1.5000000000000000     
   600.00521000000003        1.0866875999999999E-002   9.2549866321462257        71.474036604373751        3.5000000000000000     
   320.00409999999999        1.0555222000000000E-002   8.8772335490352354        71.423056284160111        1.5000000000000000     
   1.1152019000000000        1.2596125000000000E-002   6.4194627003847211        71.336577865139603        1.0000000000000000     
   1.1952018999999998        1.1792782999999999E-002   6.3256035919889486        71.163553371621958        1.0000000000000000     
   2.4052053000000000        1.2944318999999999E-002   6.6027860276524075        71.098631128961330        1.5000000000000000     
   3.6052062999999999        1.3330643000000000E-002   6.9702474733475839        70.775027936318168        1.0000000000000000     
   480.00520999999998        1.0531921000000000E-002   8.8203893263969508        70.707367148540612        3.0000000000000000     
   440.00520999999998        1.1747881999999999E-002   9.6605365130637164        70.523622954423345        3.5000000000000000     
   200.00520000000000        1.3464298000000000E-002   8.8147936714761084        70.201436210715116        3.5000000000000000     
   94.005206999999999        1.2908754999999999E-002   9.4078965411969886        70.200207584770567        2.0000000000000000     
   1.1252019000000000        1.2512130000000000E-002   6.4098917454393849        69.768033400491305        1.0000000000000000     
   180.00473000000000        1.3630134000000000E-002   8.3609078590052270        69.689786775645175        1.5000000000000000     
   1.6052036999999999        1.2755401000000000E-002   6.5121054113925743        69.611523511541591        1.5000000000000000     
   400.00520999999998        1.1541434999999999E-002   9.6027336954456626        69.475927295284322        3.0000000000000000     
   640.00521000000003        1.0535383000000001E-002   8.7944623671233746        69.406837475841286        3.5000000000000000     
   4.2052067000000006        1.3306052000000001E-002   6.9668519272552851        69.329170532302925       0.50000000000000000     
   620.00521000000003        1.0710346000000001E-002   9.0522662119762032        69.261791790400366        3.5000000000000000     
   1.6052040000000001        1.2917825000000001E-002   6.6123961724067586        69.196177453886747        1.0000000000000000     
   1.1852018999999998        1.1914088000000000E-002   6.3400937884748396        69.066735526568138        1.0000000000000000     
   160.00473000000000        1.3642351000000000E-002   7.7449420330165575        69.059287701596574        1.5000000000000000     
   68.005207999999996        1.3652132000000001E-002   8.1808376623587868        69.056063562119050       0.50000000000000000     
   62.005208000000003        1.3655341000000000E-002   7.8514169271863654        69.055772339850435       0.50000000000000000     
   98.005206999999999        1.2901264000000001E-002   9.3916419751690370        68.723604201771820        2.0000000000000000     
   66.005206999999999        1.1001084000000000E-002   6.6775392777512970        68.668388380999659        1.5000000000000000     
   1.1352019000000000        1.2424454000000000E-002   6.3998384131344768        68.516955874728623        1.0000000000000000     
   64.005207999999996        1.3654128999999999E-002   8.0610183130554436        68.496653032493313       0.50000000000000000     
   38.005206999999999        1.2107313000000000E-002   6.3483653481862694        68.485325558125979        1.0000000000000000     
   66.005207999999996        1.3653113000000000E-002   7.9693871795171987        68.342996839769413       0.50000000000000000     
   160.00409999999999        1.1065436999999999E-002   6.6364538271290137        68.316653880954789        1.5000000000000000     
   340.00520000000000        1.1923281000000001E-002   9.6485969940952394        68.093944329983429        2.5000000000000000     
   320.00409000000002        1.2205713999999999E-002   9.6369634284303718        68.049185952321110        1.0000000000000000     
   4.0052063999999996        1.3086056000000000E-002   6.7593305245683188        67.969459903115620        1.5000000000000000     
   180.00521000000001        1.3497237000000000E-002   8.6889992913571863        67.910968919327573        3.0000000000000000     
   88.005206999999999        1.3473808000000000E-002   8.7359200680014641        67.842211523880522        1.0000000000000000     
   2.6052052999999997        1.1865018000000000E-002   6.3588840709944572        67.787038835370979        1.5000000000000000     
   1.1752018999999998        1.2027828000000001E-002   6.3535828865541957        67.786590707137634        1.0000000000000000     
   1.1452019000000000        1.2332700000000000E-002   6.3892489919255659        67.630200707065370        1.0000000000000000     
   60.005206999999999        1.2991275000000000E-002   6.6917916492397520        67.350880331658317        2.0000000000000000     
   1.1652019000000000        1.2134997000000000E-002   6.3662031256333984        67.187908451718371        1.0000000000000000     
   1.1552019000000000        1.2236399000000000E-002   6.3780623875819034        67.164150755015442        1.0000000000000000     
   1.6052042000000000        1.2171603000000000E-002   6.3730704233500610        66.908683989785160       0.50000000000000000     
   180.00520000000000        1.3538316999999999E-002   8.5475342434943915        66.655326272874547        3.0000000000000000     
   14.005207000000000        1.2801923000000000E-002   6.5803370437616522        66.463084491767177        1.0000000000000000     
   140.00521000000001        1.3016407000000001E-002   6.7259264648277117        66.408664162353759        2.5000000000000000     
   360.00520999999998        1.1564058000000000E-002   9.5639978377395476        65.903365013018615        2.5000000000000000     
   140.00521000000001        1.2686763000000000E-002   6.5291620660945258        65.875190133511950        3.5000000000000000     
   420.00520999999998        1.1830129999999999E-002   9.6131251352593843        65.775711070318437        3.5000000000000000     
   340.00473000000000        1.0390366999999999E-002   8.1777585774345489        65.562915912576841        2.5000000000000000     
   8.2052066999999997        1.1001479000000000E-002   6.7278006568817741        65.388383955289086       0.50000000000000000     
   2.4052058999999999        1.2847030000000001E-002   6.6260382547402363        65.130766958160550       0.50000000000000000     
   70.005206999999999        1.3489381999999999E-002   7.3786950050855724        65.106968480029707        1.0000000000000000     
   100.00521000000001        1.0814700999999999E-002   9.0922919617185354        64.950887111548781        1.5000000000000000     
   140.00470000000001        1.2948962000000000E-002   6.7004235531641125        64.735695344500670        2.0000000000000000     
   1.8052040000000000        1.1603600000000000E-002   6.4409420401655888        64.694865440567469        1.0000000000000000     
   260.00520999999998        1.2836181000000000E-002   9.3713527378130941        64.495174388711590        2.5000000000000000     
   460.00520999999998        1.0680570000000000E-002   8.9135076887204079        64.384797133470443        3.0000000000000000     
   240.00406000000001        1.3334425000000000E-002   8.8834430883027320        64.029045940075861       0.50000000000000000     
   36.005206999999999        1.2125531000000000E-002   6.4070804941839032        63.828762728659292        1.0000000000000000     
   140.00521000000001        1.3230301999999999E-002   9.0131298306210503        63.501877769596447        1.0000000000000000     
   180.00471999999999        1.3512085000000000E-002   8.4994138083857482        63.395382682923440        1.5000000000000000     
   96.005206999999999        1.0832289000000000E-002   9.0824338377518945        63.380300665132708        1.5000000000000000     
   42.005206999999999        1.2077328000000000E-002   6.4223840867093926        62.371287889492741        1.0000000000000000     
   74.005206999999999        1.3485287000000000E-002   7.4705967998534515        62.158633095054753        1.0000000000000000     
   4.6052062999999999        1.1253068999999999E-002   6.6153899246008034        61.876273767759386        1.0000000000000000     
   180.00520000000000        1.3495615000000001E-002   8.4802658939934670        61.687991582504310        3.5000000000000000     
   380.00520999999998        1.1621256000000000E-002   9.5218885279032008        61.489791178010897        3.0000000000000000     
   40.005206999999999        1.2092149000000000E-002   6.4357150771102321        61.386967142109192        1.0000000000000000     
   4.4052066999999999        1.3177306000000000E-002   6.9692889063735457        61.210370363219887       0.50000000000000000     
   160.00520000000000        1.3564020000000000E-002   7.9782548948985887        61.165788339302701        3.0000000000000000     
   140.00520000000000        1.2388313000000000E-002   6.4865997929874331        61.029177797860811        2.5000000000000000     
   86.005206999999999        1.3475215000000000E-002   8.5128517990141503        60.981909152310173        1.0000000000000000     
   84.005206999999999        1.3476630999999999E-002   8.4910216538838394        60.538536943086626        1.0000000000000000     
   2.2052049999999999        1.2920584000000001E-002   6.7477157205059521        60.392270345137170        1.0000000000000000     
   400.00520999999998        1.1908435000000000E-002   9.5507881648839437        60.333200257994996        3.5000000000000000     
   320.00497000000001        1.2257438000000001E-002   9.5305018935385473        60.217757587687679        2.0000000000000000     
   160.00473000000000        1.1312650000000000E-002   6.6121947613978058        59.961334231562603        2.5000000000000000     
   260.00470000000001        1.2800883000000001E-002   9.3180101492665859        59.464107847363607        2.0000000000000000     
   3.0052059000000000        1.1481806000000001E-002   6.5520270232108651        59.128767855757481       0.50000000000000000     
   72.005206999999999        1.3487262000000000E-002   7.6161107278367304        58.982983432276917        1.0000000000000000     
   4.4052064000000000        1.2132392000000001E-002   6.4711047481601218        58.876206599613802        1.5000000000000000     
   8.0052067000000005        1.1126973000000000E-002   6.7387724040178032        58.821779567450136       0.50000000000000000     
   82.005206999999999        1.3478373000000000E-002   8.4052861000025949        58.746091387855294        1.0000000000000000     
   440.00520999999998        1.0815765000000000E-002   8.9661504401165022        58.396481279981941        3.0000000000000000     
   160.00471999999999        1.3525110000000000E-002   7.9055172793582251        58.372190346280988        1.5000000000000000     
   160.00520000000000        1.3526256000000000E-002   7.9337701450970926        58.346097219495661        3.5000000000000000     
   160.00521000000001        1.3523543000000001E-002   8.0815809357539514        58.195970975129782        3.0000000000000000     
   300.00409999999999        1.0629797000000000E-002   8.6681790422443665        58.097989381375783        1.5000000000000000     
   68.005206999999999        1.0987452999999999E-002   6.8625575339838738        57.975670098709990        1.5000000000000000     
   4.2052064000000007        1.2650883999999999E-002   6.6336751578561559        57.262338037093123        1.5000000000000000     
   90.005206999999999        1.1929438000000001E-002   9.5081074560495509        56.984175682644050        1.0000000000000000     
   160.00406000000001        1.3353449999999999E-002   7.3315889782582646        56.965006893065748       0.50000000000000000     
   76.005206999999999        1.3483573000000000E-002   7.7218311903580226        56.959171047097719        1.0000000000000000     
   260.00520000000000        1.2867450000000001E-002   9.2143741646106747        55.679352706055305       0.50000000000000000     
   92.005206999999999        1.2912606000000000E-002   9.1791025682116771        55.578314456120594        2.0000000000000000     
   80.005206999999999        1.3480113000000000E-002   8.1756568032361567        55.539747876445155        1.0000000000000000     
   300.00474000000003        1.2296932999999999E-002   9.4557275170090751        55.182793789143005        2.0000000000000000     
   62.005206999999999        1.2984470999999999E-002   6.8900352802273561        55.030121030777707        2.0000000000000000     
   4.6052067000000001        1.3050051000000000E-002   6.9521634147503759        55.014215874379722       0.50000000000000000     
   78.005206999999999        1.3481847000000000E-002   7.9514273182065409        54.955748692500251        1.0000000000000000     
   320.00473000000000        1.0526003000000001E-002   8.1374862382957307        54.789243273468841        2.5000000000000000     
   260.00405999999998        1.2904176999999999E-002   9.1716314990150654        54.756410430210749       0.50000000000000000     
   380.00520999999998        1.1983189999999999E-002   9.4746742942712725        54.373669637217709        3.5000000000000000     
   220.00406000000001        1.3339230000000001E-002   8.6130654498090280        54.234657951637018       0.50000000000000000     
   3.8052062999999996        1.3024767000000000E-002   6.9464344571610175        54.003694433098069        1.0000000000000000     
   300.00432000000001        1.2147819000000001E-002   9.4609398462311791        53.904890714062901        1.0000000000000000     
   340.00520999999998        1.1629847000000000E-002   9.4198001381398697        53.821140562924953        2.5000000000000000     
   320.00520000000000        1.1976466000000000E-002   9.4658405208509162        53.731055442914112        2.5000000000000000     
   2.6052059000000001        1.2460549000000000E-002   6.6083204399132098        53.721933309013124       0.50000000000000000     
   360.00520999999998        1.1697313000000001E-002   9.4288533989517305        53.331034986220963        3.0000000000000000     
   7.8052067000000003        1.1249275000000000E-002   6.7476731456073136        53.297763939832294       0.50000000000000000     
   64.005206999999999        1.2977693000000000E-002   6.9171707049291786        53.210072446601956        2.0000000000000000     
   98.005206999999999        1.0822755000000000E-002   8.8596726919707081        53.123574383549872        1.5000000000000000     
   94.005206999999999        1.0842282000000000E-002   8.8742406491491668        52.615193127228736        1.5000000000000000     
   240.00521000000001        1.2867774000000000E-002   9.1614753317920634        52.551416481994309        2.5000000000000000     
   420.00520999999998        1.0939867000000001E-002   8.9847712752151239        52.341411751489630        3.0000000000000000     
   7.7252067000000002        1.1297389999999999E-002   6.7505819958321789        51.367653491444258       0.50000000000000000     
   7.7152067000000004        1.1303374000000000E-002   6.7509178902042484        51.137346972721112       0.50000000000000000     
   7.7052067000000006        1.1309351000000000E-002   6.7512469236280452        50.909506614400442       0.50000000000000000     
   7.6952067000000000        1.1315321000000000E-002   6.7515697209130163        50.684086800449620       0.50000000000000000     
   4.8052067000000003        1.2925757000000000E-002   6.9192497840799403        50.626176518777854       0.50000000000000000     
   7.6852067000000002        1.1321285000000000E-002   6.7518856533859744        50.461086257430388       0.50000000000000000     
   7.6752067000000004        1.1327243000000001E-002   6.7521953460520798        50.240460298193987       0.50000000000000000     
   2.8052058999999998        1.2017893000000000E-002   6.5843872632598073        50.106988004089764       0.50000000000000000     
   7.6652067000000006        1.1333193000000000E-002   6.7524981701967191        50.022309167400657       0.50000000000000000     
   7.6552066999999999        1.1339138000000000E-002   6.7527947510160260        49.806487296123279       0.50000000000000000     
   46.005206999999999        1.2053750000000000E-002   6.5901709418946064        49.762674412216974        1.0000000000000000     
   7.6452067000000001        1.1345076000000001E-002   6.7530844597589237        49.593094640130772       0.50000000000000000     
   7.6352067000000003        1.1351007000000000E-002   6.7533672946530627        49.382124776361202       0.50000000000000000     
   44.005206999999999        1.2064603000000000E-002   6.5966307216500981        49.340470513553662        1.0000000000000000     
   7.6252067000000006        1.1356932000000000E-002   6.7536432539679332        49.173539140054551       0.50000000000000000     
   7.6152066999999999        1.1362851000000000E-002   6.7539123360148796        48.967332219314230       0.50000000000000000     
   7.6052067000000001        1.1368763000000000E-002   6.7541751664517591        48.763490998270740       0.50000000000000000     
   7.6052067000000001        1.1368763000000000E-002   6.7541751664517591        48.763490998270740       0.50000000000000000     
   7.5952067000000003        1.1374669000000000E-002   6.7544304891118774        48.562055988385168       0.50000000000000000     
   70.005206999999999        1.0973658000000001E-002   7.0606028364684690        48.396123968416219        1.5000000000000000     
   7.5852067000000005        1.1380569000000000E-002   6.7546795570865585        48.362943561672367       0.50000000000000000     
   360.00520999999998        1.2054723000000000E-002   9.3872237225238173        48.184605146546446        3.5000000000000000     
   7.5752066999999998        1.1386462999999999E-002   6.7549211141030518        48.166226382347858       0.50000000000000000     
   7.5652067000000001        1.1392350000000001E-002   6.7551551585477450        47.971929356573980       0.50000000000000000     
   300.00409000000002        1.2223853000000000E-002   9.3663100422429384        47.922831100990273        1.0000000000000000     
   66.005206999999999        1.2972119000000001E-002   7.0151690723064215        47.872683128598908        2.0000000000000000     
   7.5552067000000003        1.1398231000000000E-002   6.7553829439149267        47.779937944727152       0.50000000000000000     
   5.0052067000000005        1.2805341000000000E-002   6.8777136550601519        47.702519038783670       0.50000000000000000     
   7.5452067000000005        1.1404107000000000E-002   6.7556032137963946        47.590295018846234       0.50000000000000000     
   200.00406000000001        1.3344007000000000E-002   8.3075714298965959        47.523877224576388       0.50000000000000000     
   2.4052050000000000        1.2080067999999999E-002   6.6235795769569386        47.523600236411447        1.0000000000000000     
   280.00409999999999        1.0700714000000000E-002   8.4568659969135247        47.421768200086781        1.5000000000000000     
   7.5352066999999998        1.1409976000000000E-002   6.7558165943298700        47.403015974401995       0.50000000000000000     
   7.5252067000000000        1.1415837999999999E-002   6.7560224565604061        47.218133548716693       0.50000000000000000     
   7.5152067000000002        1.1421695000000001E-002   6.7562207991121728        47.035583609488221       0.50000000000000000     
   7.5052067000000005        1.1427546000000000E-002   6.7564122483797213        46.855351214083875       0.50000000000000000     
   7.4952066999999998        1.1433390999999999E-002   6.7565961754355097        46.677469999180715       0.50000000000000000     
   240.00470000000001        1.2826657999999999E-002   9.0863331731263273        46.587080283870790        2.0000000000000000     
   7.4852067000000000        1.1439230000000000E-002   6.7567725790499935        46.501934573177856       0.50000000000000000     
   7.4752067000000002        1.1445063000000000E-002   6.7569420858625246        46.328700534441815       0.50000000000000000     
   7.4652067000000004        1.1450890000000000E-002   6.7571034391365634        46.157840557548433       0.50000000000000000     
   400.00520999999998        1.1054658000000000E-002   8.9742342666690256        46.070098004546708        3.0000000000000000     
   7.4552067000000006        1.1456711000000000E-002   6.7572578934579255        45.989271244489444       0.50000000000000000     
   7.4452067000000000        1.1462526000000001E-002   6.7574041920703900        45.823065278487334       0.50000000000000000     
   5.2052067000000006        1.2689071999999999E-002   6.8349441026119973        45.804386219004037       0.50000000000000000     
   300.00473000000000        1.0650186000000001E-002   8.0685924508613613        45.667571270650654        2.5000000000000000     
   7.4352067000000002        1.1468336000000001E-002   6.7575429618443987        45.659151720851966       0.50000000000000000     
   180.00406000000001        1.3348750000000000E-002   7.9181387548913449        45.645697941525810       0.50000000000000000     
   7.4252067000000004        1.1474139000000000E-002   6.7576742018518834        45.497578701017652       0.50000000000000000     
   74.005206999999999        1.0948217999999999E-002   7.1582639170425937        45.369126091329250        1.5000000000000000     
   7.4152067000000006        1.1479937000000001E-002   6.7577979112150794        45.338288025718427       0.50000000000000000     
   340.00520999999998        1.1769955000000000E-002   9.3261926707831151        45.292691308042365        3.0000000000000000     
   7.4052066999999999        1.1485729000000000E-002   6.7579140891065412        45.181300971626719       0.50000000000000000     
   7.4052066999999999        1.1485729000000000E-002   6.7579140891065412        45.181300971626719       0.50000000000000000     
   7.3952067000000001        1.1491515000000001E-002   6.7580214787102095        45.026690241579352       0.50000000000000000     
   72.005206999999999        1.0959712999999999E-002   7.1550959801887810        44.901496961614626        1.5000000000000000     
   7.3852067000000003        1.1497296000000001E-002   6.7581219633015372        44.874308411377939       0.50000000000000000     
   7.3752067000000006        1.1503071000000000E-002   6.7582142861537351        44.724253916848269       0.50000000000000000     
   300.00497000000001        1.2292513000000000E-002   9.3035002168398115        44.616915603899457        2.0000000000000000     
   7.3652066999999999        1.1508839999999999E-002   6.7582984465976823        44.576521489005231       0.50000000000000000     
   7.3552067000000001        1.1514603999999999E-002   6.7583750721084250        44.431042608437892       0.50000000000000000     
   5.4052066999999999        1.2576574000000000E-002   6.7984056235176027        44.406664920920583       0.50000000000000000     
   7.3452067000000003        1.1520361999999999E-002   6.7584435340754405        44.287875870178972       0.50000000000000000     
   7.3352067000000005        1.1526114000000000E-002   6.7585038320024982        44.147016038997762       0.50000000000000000     
   7.3252066999999998        1.1531860999999999E-002   6.7585559654525280        44.008434484406592       0.50000000000000000     
   92.005206999999999        1.0852207000000001E-002   8.6633762336067051        43.937421290256751        1.5000000000000000     
   7.3152067000000001        1.1537601999999999E-002   6.7585999340476333        43.872149975641030       0.50000000000000000     
   7.3052067000000003        1.1543337000000001E-002   6.7586357374690893        43.738157311733914       0.50000000000000000     
   7.2952067000000005        1.1549067999999999E-002   6.7586633754573624        43.606406210140051       0.50000000000000000     
   90.005206999999999        1.2916441000000001E-002   8.9492381284885703        43.522928665937940        2.0000000000000000     
   7.2852066999999998        1.1554791999999999E-002   6.7586828478121017        43.476959991821076       0.50000000000000000     
   7.2752067000000000        1.1560511000000001E-002   6.7586941543921517        43.349768682484694       0.50000000000000000     
   7.2652067000000002        1.1566224999999999E-002   6.7586966669706321        43.224866970026753       0.50000000000000000     
   5.6052067000000001        1.2466956000000000E-002   6.7720080963033311        43.150299688911090       0.50000000000000000     
   7.2552067000000005        1.1571933000000000E-002   6.7586910136716760        43.102232984143413       0.50000000000000000     
   7.2452066999999998        1.1577636000000001E-002   6.7586771945362640        42.981840473789475       0.50000000000000000     
   7.2352067000000000        1.1583332999999999E-002   6.7586545815274839        42.863744992493714       0.50000000000000000     
   7.2252067000000002        1.1589024999999999E-002   6.7586231748218699        42.747920883050909       0.50000000000000000     
   7.2152067000000004        1.1594712000000000E-002   6.7585836027883834        42.634324914502642       0.50000000000000000     
   7.2052067000000006        1.1600393000000001E-002   6.7585358657138750        42.522972832586838       0.50000000000000000     
   7.2052067000000006        1.1600393000000001E-002   6.7585358657138750        42.522972832586838       0.50000000000000000     
   7.1952067000000000        1.1606069000000000E-002   6.7584787077354687        42.413917845276764       0.50000000000000000     
   220.00521000000001        1.2898758000000000E-002   8.9418658206017732        42.371929523891161        2.5000000000000000     
   320.00520999999998        1.1693019000000001E-002   9.2650473400587305        42.364551600448749        2.5000000000000000     
   7.1852067000000002        1.1611738999999999E-002   6.7584133855153841        42.307097176583468       0.50000000000000000     
   7.1752067000000004        1.1617404000000000E-002   6.7583386433702559        42.202564630310484       0.50000000000000000     
   7.1652067000000006        1.1623064000000001E-002   6.7582557380507398        42.100238035134439       0.50000000000000000     
   340.00520999999998        1.2123307000000000E-002   9.2908796221024925        42.039369152874364        3.5000000000000000     
   7.1552066999999999        1.1628718999999999E-002   6.7581640421118099        42.000152206749519       0.50000000000000000     
   5.8052067000000003        1.2359263000000001E-002   6.7547084175355963        41.995524720771883       0.50000000000000000     
   7.1452067000000001        1.1634368000000001E-002   6.7580635562691702        41.902321261948003       0.50000000000000000     
   7.1352067000000003        1.1640012000000000E-002   6.7579536533002837        41.806761201654965       0.50000000000000000     
   7.1252067000000006        1.1645651000000000E-002   6.7578349621088005        41.713428888000642       0.50000000000000000     
   7.1152066999999999        1.1651285000000001E-002   6.7577376258834567        41.620447938077852       0.50000000000000000     
   7.1052067000000001        1.1656913000000000E-002   6.7576315011942860        41.529703408540875       0.50000000000000000     
   180.00409999999999        1.1010878999999999E-002   7.1750163999715513        41.473958052610676        1.5000000000000000     
   4.0052063000000002        1.2682657000000000E-002   6.9081882495861588        41.451836650253313        1.0000000000000000     
   7.0952067000000003        1.1662537000000001E-002   6.7575172167950859        41.441117566891499       0.50000000000000000     
   240.00520000000000        1.2873668000000000E-002   8.9450423777473382        41.410022047767100       0.50000000000000000     
   7.0852067000000005        1.1668154999999999E-002   6.7573947735139948        41.354720311557983       0.50000000000000000     
   7.0752066999999998        1.1673767999999999E-002   6.7572641722382274        41.270490369435549       0.50000000000000000     
   7.0652067000000001        1.1679376000000000E-002   6.7571260417669379        41.188384614677261       0.50000000000000000     
   7.0552067000000003        1.1684978000000000E-002   6.7569803830238868        41.108414690947797       0.50000000000000000     
   240.00406000000001        1.2910267000000000E-002   8.9020367598661068        41.056408626329166       0.50000000000000000     
   7.0452067000000005        1.1690575999999999E-002   6.7568278247805891        41.030505694857794       0.50000000000000000     
   6.0052067000000005        1.2252647000000000E-002   6.7450533190308537        40.968040874351281       0.50000000000000000     
   7.0352066999999998        1.1696168999999999E-002   6.7566683679721091        40.954669558889442       0.50000000000000000     
   7.0252067000000000        1.1701756000000001E-002   6.7565020135757345        40.880917104708963       0.50000000000000000     
   300.00520000000000        1.2027945999999999E-002   9.2781047681783431        40.858318217800957        2.5000000000000000     
   280.00474000000003        1.2331201000000000E-002   9.2347370074018382        40.856738498874257        2.0000000000000000     
   88.005206999999999        1.1932813000000000E-002   9.2765513834405731        40.852436979893561        1.0000000000000000     
   7.0152067000000002        1.1707339000000001E-002   6.7563287626109494        40.809214146536149       0.50000000000000000     
   50.005206999999999        1.2033485999999999E-002   6.7236231126315005        40.756480557726476        1.0000000000000000     
   7.0052067000000005        1.1712916000000000E-002   6.7561498714822950        40.739508083113151       0.50000000000000000     
   7.0052067000000005        1.1712916000000000E-002   6.7561498714822950        40.739508083113151       0.50000000000000000     
   6.9952066999999998        1.1718489000000000E-002   6.7559647134492833        40.671804879637747       0.50000000000000000     
   6.9852067000000000        1.1724056000000000E-002   6.7557739171448175        40.606089852584866       0.50000000000000000     
   6.9752067000000002        1.1729619000000000E-002   6.7555768559599860        40.542370103137671       0.50000000000000000     
   6.9652067000000004        1.1735176999999999E-002   6.7553754135746216        40.480538496009572       0.50000000000000000     
   6.9552067000000006        1.1740730000000000E-002   6.7551683357949805        40.420669058046833       0.50000000000000000     
   6.9452067000000000        1.1746278000000001E-002   6.7549562511083563        40.362718674826475       0.50000000000000000     
   6.9352067000000002        1.1751821000000001E-002   6.7547397878686244        40.306644221418843       0.50000000000000000     
   6.9252067000000004        1.1757359000000000E-002   6.7545189469189157        40.252441630237897       0.50000000000000000     
   6.9152067000000006        1.1762893000000000E-002   6.7542943564461035        40.200055910619106       0.50000000000000000     
   6.9052066999999999        1.1768422000000001E-002   6.7540647626310566        40.149573556184173       0.50000000000000000     
   6.2052067000000006        1.2146364999999999E-002   6.7415285903081461        40.129323902993313       0.50000000000000000     
   6.8952067000000001        1.1773946000000000E-002   6.7538320482180740        40.100873281627877       0.50000000000000000     
   6.8852067000000003        1.1779466000000001E-002   6.7535962138538865        40.053939985851287       0.50000000000000000     
   6.8752067000000006        1.1784981000000000E-002   6.7533566330411174        40.008820269077511       0.50000000000000000     
   6.8652066999999999        1.1790492000000000E-002   6.7531139336864445        39.965460507854331       0.50000000000000000     
   6.8552067000000001        1.1795998000000000E-002   6.7528687435261077        39.923828565704319       0.50000000000000000     
   6.8452067000000003        1.1801499000000000E-002   6.7526210631046126        39.883920370775201       0.50000000000000000     
   6.8352067000000005        1.1806996000000000E-002   6.7523708929719266        39.845722205301840       0.50000000000000000     
   4.4052062999999997        1.1828643000000000E-002   6.7496910350215993        39.815892106219117        1.0000000000000000     
   6.8252066999999998        1.1812489000000001E-002   6.7521182336834924        39.809230829855444       0.50000000000000000     
   6.8152067000000001        1.1817977000000000E-002   6.7518643395510205        39.774373866501790       0.50000000000000000     
   6.8052067000000003        1.1823461000000000E-002   6.7516079571991741        39.741216654441409       0.50000000000000000     
   6.8052067000000003        1.1823461000000000E-002   6.7516079571991741        39.741216654441409       0.50000000000000000     
   6.7952067000000005        1.1828940000000000E-002   6.7513509675370793        39.709647122086942       0.50000000000000000     
   6.7852066999999998        1.1834414999999999E-002   6.7510921172411535        39.679731168567109       0.50000000000000000     
   6.7752067000000000        1.1839886000000001E-002   6.7508326601093538        39.651387270915677       0.50000000000000000     
   6.7652067000000002        1.1845352999999999E-002   6.7505725962838987        39.624612161265112       0.50000000000000000     
   6.7552067000000005        1.1850815000000001E-002   6.7503112993200931        39.599449185339317       0.50000000000000000     
   380.00520999999998        1.1161523000000000E-002   8.9383950975165654        39.590726196234826        3.0000000000000000     
   6.7452066999999998        1.1856274000000000E-002   6.7500506491224694        39.575762432912335       0.50000000000000000     
   6.4052066999999999        1.2039764999999999E-002   6.7425543020083447        39.568772289502128       0.50000000000000000     
   6.7352067000000000        1.1861728000000000E-002   6.7497893925627324        39.553641582920548       0.50000000000000000     
   6.7252067000000002        1.1867179000000000E-002   6.7495281562257610        39.533030110079366       0.50000000000000000     
   6.7152067000000004        1.1872624999999999E-002   6.7492669401092087        39.513938298193658       0.50000000000000000     
   6.7052067000000006        1.1878068000000000E-002   6.7490069969005990        39.496271513467029       0.50000000000000000     
   6.6952067000000000        1.1883506000000000E-002   6.7487477000111422        39.480078107239642       0.50000000000000000     
   6.6852067000000002        1.1888941000000000E-002   6.7484890492941583        39.465342879051022       0.50000000000000000     
   6.6752067000000004        1.1894372000000000E-002   6.7482316708044454        39.452029455669290       0.50000000000000000     
   6.6652067000000006        1.1899799000000001E-002   6.7479761904068303        39.440095349485851       0.50000000000000000     
   6.6552066999999999        1.1905223000000000E-002   6.7477219815657712        39.429571722509863       0.50000000000000000     
   6.6452067000000001        1.1910643000000000E-002   6.7474696700557342        39.420421363196709       0.50000000000000000     
   6.6352067000000003        1.1916059000000000E-002   6.7472198814665312        39.412601761405938       0.50000000000000000     
   6.6252067000000006        1.1921472000000001E-002   6.7469719892724385        39.406144899285749       0.50000000000000000     
   6.6152066999999999        1.1926881000000000E-002   6.7467272449011801        39.400973507345562       0.50000000000000000     
   6.6052067000000001        1.1932287000000000E-002   6.7464850217925436        39.397120109067849       0.50000000000000000     
   6.6052067000000001        1.1932287000000000E-002   6.7464850217925436        39.397120109067849       0.50000000000000000     
   6.5952067000000003        1.1937689000000000E-002   6.7462453194053333        39.394585329597746       0.50000000000000000     
   6.5652067000000001        1.1953877000000000E-002   6.7455475882709885        39.394453440769148       0.50000000000000000     
   6.5852067000000005        1.1943087999999999E-002   6.7460093887813901        39.393284551703594       0.50000000000000000     
   6.5752066999999998        1.1948484000000001E-002   6.7457766033854156        39.393254503104600       0.50000000000000000     
   260.00409999999999        1.0768316999999999E-002   8.2386162169212387        39.349519660434815        1.5000000000000000     
   120.00521000000001        1.3240893000000000E-002   7.8419690913438220        39.119732064836079        1.0000000000000000     
   76.005206999999999        1.0936772000000001E-002   7.3490914291015592        38.853394803541860        1.5000000000000000     
   68.005206999999999        1.2966517000000000E-002   7.2169139244662146        38.684473547647514        2.0000000000000000     
   280.00473000000000        1.0764770000000000E-002   7.9796039378496424        38.155230733210040        2.5000000000000000     
   90.005206999999999        1.0862050000000000E-002   8.4518834269810128        37.478222335497279        1.5000000000000000     
   320.00520999999998        1.1839479000000000E-002   9.2108656922571406        37.299066843304637        3.0000000000000000     
   160.00496999999999        1.2517682000000000E-002   6.9015986802257565        36.862002249749040        2.0000000000000000     
   280.00432000000001        1.2166550999999999E-002   9.1963609374830586        36.475467177059869        1.0000000000000000     
   220.00470000000001        1.2852011000000000E-002   8.8506872308015883        36.239788096989209        2.0000000000000000     
   320.00520999999998        1.2189177000000001E-002   9.1825973155419458        35.858107704613580        3.5000000000000000     
   4.2052062999999995        1.2291003999999999E-002   6.8457985585591841        35.421606500413318        1.0000000000000000     
   48.005206999999999        1.2043066999999999E-002   6.8199948768161187        34.856670395645104        1.0000000000000000     
   180.00473000000000        1.1234338999999999E-002   7.1060463178786639        34.634748962546240        2.5000000000000000     
   88.005206999999999        1.2920259999999999E-002   8.7228317649040044        34.234106379271203        2.0000000000000000     
   240.00409999999999        1.0832904000000001E-002   8.0169030040664655        34.059971339342461        1.5000000000000000     
   78.005206999999999        1.0925214000000001E-002   7.5490150968011180        33.963809525293300        1.5000000000000000     
   88.005206999999999        1.0871812999999999E-002   8.2419880936725978        33.284105175267364        1.5000000000000000     
   360.00520999999998        1.1261540000000000E-002   8.8818239888690709        33.073418083057874        3.0000000000000000     
   200.00409999999999        1.0954000000000000E-002   7.5241444484492694        33.013863861816219        1.5000000000000000     
   200.00521000000001        1.2929145000000000E-002   8.6741245024276452        32.943857646823766        2.5000000000000000     
   260.00473000000000        1.0871179000000000E-002   7.8685447178544310        32.287935127745911        2.5000000000000000     
   160.00406000000001        1.2934213000000000E-002   7.3607772469437469        32.033992232791377       0.50000000000000000     
   300.00520999999998        1.1753774999999999E-002   9.1023954936447584        31.897563546958782        2.5000000000000000     
   280.00409000000002        1.2241762000000000E-002   9.1008175826993813        31.756204546569005        1.0000000000000000     
   84.005206999999999        1.0891098000000000E-002   7.8011054635074801        31.730568579986471        1.5000000000000000     
   280.00497000000001        1.2326821000000000E-002   9.0766847383324638        31.651549066182454        2.0000000000000000     
   220.00409999999999        1.0894727000000000E-002   7.7894380414208282        31.649120083255823        1.5000000000000000     
   86.005206999999999        1.0881495999999999E-002   8.0351438663644359        31.307158813266515        1.5000000000000000     
   70.005206999999999        1.2960876000000000E-002   7.4295214928517614        31.218211286080258        2.0000000000000000     
   54.005206999999999        1.2016979000000001E-002   6.8845203167772109        31.114579326387538        1.0000000000000000     
   220.00406000000001        1.2916320000000000E-002   8.6329006543591458        31.005140279320528       0.50000000000000000     
   80.005206999999999        1.0913543000000000E-002   7.7562450514835879        30.995133641068822        1.5000000000000000     
   220.00520000000000        1.2879847000000000E-002   8.6763965247712456        30.791075690226663       0.50000000000000000     
   82.005206999999999        1.0901747000000000E-002   8.0012864050373924        30.154034194679639        1.5000000000000000     
   300.00520999999998        1.2252542999999999E-002   9.0651926392855628        29.960332376117719        3.5000000000000000     
   280.00520000000000        1.2077825000000000E-002   9.0897243350210601        29.838895546946816        2.5000000000000000     
   300.00520999999998        1.1906148000000000E-002   9.0855616877401246        29.681308527946076        3.0000000000000000     
   72.005206999999999        1.2955226000000000E-002   7.4963316140145411        29.153464816452047        2.0000000000000000     
   160.00520000000000        1.2898115000000000E-002   7.4079822173459977        28.927390962792174       0.50000000000000000     
   260.00474000000003        1.2364737000000001E-002   9.0096140691068332        28.808840601268372        2.0000000000000000     
   240.00473000000000        1.0970535000000000E-002   7.7404998441467088        28.178464216287370        2.5000000000000000     
   74.005206999999999        1.2950606000000000E-002   7.5437823910752675        27.794657834560930        2.0000000000000000     
   86.005206999999999        1.2924061000000001E-002   8.5008962770311296        27.619646193235511        2.0000000000000000     
   52.005206999999999        1.2024572000000001E-002   6.9497164783970220        27.592480652261315        1.0000000000000000     
   86.005206999999999        1.1936175000000000E-002   9.0468075467155202        27.496990950845483        1.0000000000000000     
   200.00470000000001        1.2876946000000000E-002   8.5750928059211748        27.494151283414951        2.0000000000000000     
   200.00473000000000        1.1151486000000000E-002   7.3979367978815951        27.061403327864191        2.5000000000000000     
   82.005206999999999        1.2932005000000000E-002   8.4606080117207867        27.019827451264280        2.0000000000000000     
   340.00520999999998        1.1355564000000000E-002   8.8087468138729204        26.734229213384047        3.0000000000000000     
   160.00521000000001        1.2988059999999999E-002   7.7043534548408648        26.591737249613448        2.5000000000000000     
   160.00408999999999        1.2344424000000000E-002   7.0354275528253893        26.225696897248049        1.0000000000000000     
   220.00473000000000        1.1063732000000000E-002   7.5938127072231474        26.039648100245170        2.5000000000000000     
   180.00521000000001        1.2958928000000000E-002   8.3020012021074692        25.268691974986503        2.5000000000000000     
   82.005206999999999        1.1943344000000000E-002   9.0023093728232677        25.195848785185504        1.0000000000000000     
   160.00470000000001        1.2925495000000000E-002   7.6342817497135202        24.757271822691035        2.0000000000000000     
   280.00520999999998        1.2313591000000000E-002   8.9428738341720475        24.683759023030607        3.5000000000000000     
   200.00406000000001        1.2922332999999999E-002   8.3293121944839239        23.978618101843654       0.50000000000000000     
   76.005206999999999        1.2945996000000000E-002   7.7514530229940153        23.917101879208367        2.0000000000000000     
   84.005206999999999        1.2927846999999999E-002   8.2582786878815710        23.190199438277634        2.0000000000000000     
   160.00521000000001        1.2017149000000000E-002   7.0381858900888616        23.134511066757302        3.0000000000000000     
   200.00520000000000        1.2885986000000000E-002   8.3735918620602998        23.113552677355695       0.50000000000000000     
   80.005206999999999        1.2936700000000001E-002   8.1917071159662846        22.853963788678858        2.0000000000000000     
   280.00520999999998        1.1970190000000000E-002   8.9541166864556594        22.780681509695487        3.0000000000000000     
   280.00520999999998        1.1812293999999999E-002   8.9353909044334490        22.754741555931247        2.5000000000000000     
   160.00521000000001        1.2123692000000000E-002   7.0581913303313515        22.557581386631753        2.5000000000000000     
   260.00432000000001        1.2185036999999999E-002   8.9312168997980539        22.535089543121373        1.0000000000000000     
   78.005206999999999        1.2941361000000000E-002   7.9668460443206515        22.181494045950689        2.0000000000000000     
   180.00406000000001        1.2928301999999999E-002   7.9428762370863923        21.625194273379016       0.50000000000000000     
   180.00470000000001        1.2901454000000000E-002   8.2083504035187076        21.400731113141862        2.0000000000000000     
   56.005206999999999        1.2009644000000000E-002   7.0806506100323983        21.132407059636996        1.0000000000000000     
   260.00497000000001        1.2360391000000000E-002   8.8423009439957010        20.983813463883600        2.0000000000000000     
   320.00520999999998        1.1444294000000001E-002   8.7176112221022883        20.594375619457811        3.0000000000000000     
   260.00520000000000        1.2126197000000000E-002   8.8950011356533327        20.423817314048076        2.5000000000000000     
   58.005206999999999        1.2002354000000000E-002   7.1039221856368329        20.074024169505350        1.0000000000000000     
   180.00520000000000        1.2892080000000000E-002   7.9884015753401716        19.898532251452991       0.50000000000000000     
   260.00520999999998        1.2372483000000000E-002   8.8092551593509967        19.840937142944089        3.5000000000000000     
   160.00432000000001        1.2273790999999999E-002   7.1526652341239076        19.823442488332702        1.0000000000000000     
   240.00474000000000        1.2397567999999999E-002   8.7822821954421890        19.250643441943474        2.0000000000000000     
   260.00409000000002        1.2259443000000000E-002   8.8345530862119688        19.094737664976400        1.0000000000000000     
   160.00474000000000        1.2522108000000001E-002   7.3192208336393172        18.401425924382547        2.0000000000000000     
   160.00521000000001        1.2638865000000001E-002   7.4446066967691715        17.915255523179329        3.5000000000000000     
   260.00520999999998        1.2031805000000000E-002   8.8093860966240172        16.402934799017391        3.0000000000000000     
   160.00521000000001        1.2308543000000000E-002   7.2655372835506133        15.865856335915733        3.0000000000000000     
   240.00521000000001        1.2429366000000001E-002   8.6659865001696890        15.697329411505384        3.5000000000000000     
   60.005206999999999        1.1996326000000000E-002   7.2162393230458450        15.357356967733081        1.0000000000000000     
   84.005206999999999        1.1939516000000001E-002   8.7776886265636591        15.211447407571793        1.0000000000000000     
   300.00520999999998        1.1528310000000000E-002   8.6123167500444922        14.935581463810635        3.0000000000000000     
   260.00520999999998        1.1868732999999999E-002   8.7568078947331855        14.749729965513438        2.5000000000000000     
   80.005206999999999        1.1947490000000000E-002   8.7457069338871403        13.970902872855753        1.0000000000000000     
   240.00520000000000        1.2173145999999999E-002   8.6966306027552243        12.881843026572668        2.5000000000000000     
   240.00496999999999        1.2393247000000000E-002   8.5998017573489864        12.860133705485417        2.0000000000000000     
   160.00520000000000        1.2347924999999999E-002   7.3744639780367711        12.808677871328086        2.5000000000000000     
   220.00521000000001        1.2484365000000001E-002   8.5073965846873580        12.301518788955411        3.5000000000000000     
   240.00432000000001        1.2203281000000000E-002   8.6682820547523285        12.198101461076803        1.0000000000000000     
   220.00474000000000        1.2429717000000000E-002   8.5486577928750620        12.142051853248017        2.0000000000000000     
   240.00521000000001        1.2091167000000000E-002   8.6516500845852562        10.823981059835212        3.0000000000000000     
   180.00496999999999        1.2487666999999999E-002   7.5834905461926390        10.282480871135672        2.0000000000000000     
   240.00408999999999        1.2276899000000001E-002   8.5700933065199347        10.041985713193418        1.0000000000000000     
   280.00520999999998        1.1608100999999999E-002   8.4979242104155404        10.037833647246327        3.0000000000000000     
   200.00521000000001        1.2537583999999999E-002   8.2982227721759241        9.4483347712775743        3.5000000000000000     
   180.00521000000001        1.2589085999999999E-002   7.9829329735359593        8.6828404078171264        3.5000000000000000     
   62.005206999999999        1.1990260000000001E-002   7.4258778395978240        8.2427778211581320        1.0000000000000000     
   240.00521000000001        1.1923230000000000E-002   8.5666270048614095        8.1739946566866539        2.5000000000000000     
   220.00496999999999        1.2425409000000000E-002   8.3407558660324348        7.4271845799886798        2.0000000000000000     
   220.00520000000000        1.2218748000000000E-002   8.4917749948953603        7.2423332079619804        2.5000000000000000     
   200.00474000000000        1.2461198000000000E-002   8.2724198411400316        7.1729043396435648        2.0000000000000000     
   78.005206999999999        1.1951620000000000E-002   8.5169873532223743        6.7404134986172828        1.0000000000000000     
   180.00408999999999        1.2327917000000001E-002   7.6171168291671032        6.3532270614974475        1.0000000000000000     
   180.00474000000000        1.2492010000000000E-002   7.9012489772541024        6.2956404133333628        2.0000000000000000     
   220.00521000000001        1.2148427000000000E-002   8.4727540382024067        6.1381737354512431        3.0000000000000000     
   260.00520999999998        1.1684079000000000E-002   8.3693084733923246        5.9048706934573891        3.0000000000000000     
   220.00432000000001        1.2221284000000001E-002   8.4050587771967873        5.3259804806103297        1.0000000000000000     
   200.00496999999999        1.2456887000000000E-002   8.0224757879805502        5.2312725586503266        2.0000000000000000     
   66.005206999999999        1.1979092000000000E-002   7.5482743198487272        5.1123307128217785        1.0000000000000000     
   180.00521000000001        1.1956099000000000E-002   7.5599137128727190        4.8900808060964582        3.0000000000000000     
   64.005206999999999        1.1984145000000000E-002   7.5646704589879370        4.7440796166895609        1.0000000000000000     
   220.00408999999999        1.2294131999999999E-002   8.3045036698496961        4.4809029995905858        1.0000000000000000     
   180.00432000000001        1.2256560000000000E-002   7.7267732557855702        3.5118972113712075        1.0000000000000000     
   200.00520000000000        1.2263065000000000E-002   8.2464277849928891        3.2482462282036453        2.5000000000000000     
   220.00521000000001        1.1975904000000001E-002   8.3568511011688162        3.1980830463905900        2.5000000000000000     
   240.00521000000001        1.1756597000000001E-002   8.2290625703064340        2.7928670738495613        3.0000000000000000     
   180.00520000000000        1.2306130000000000E-002   7.9114541608069224        2.5388986759913656        2.5000000000000000     
   180.00521000000001        1.2076122999999999E-002   7.6943714857627841        2.4800874338205663        2.5000000000000000     
   200.00408999999999        1.2311142000000001E-002   8.0030712649850617        2.4204695430886809        1.0000000000000000     
   200.00521000000001        1.2203708000000001E-002   8.2333076903921150        2.3982357033622801        3.0000000000000000     
   76.005206999999999        1.1955731000000001E-002   8.2931215513691185        2.1969996444107660        1.0000000000000000     
   180.00521000000001        1.2257082000000001E-002   7.8717432847388773        2.0635235645634324        3.0000000000000000     
   200.00432000000001        1.2239046999999999E-002   8.1072104081293848        1.7159385591212448        1.0000000000000000     
   68.005206999999999        1.1974105000000001E-002   7.7532814019368752        1.5385153968760872        1.0000000000000000     
   220.00521000000001        1.1825952000000001E-002   8.0730405609190026       0.89069078037213956        3.0000000000000000     
   200.00521000000001        1.1892392999999999E-002   7.8672627505790818       0.72996109731931569        3.0000000000000000     
   72.005206999999999        1.1964028999999999E-002   8.1602824490383874       0.67460939026204614        1.0000000000000000     
   74.005206999999999        1.1959826000000000E-002   8.0824999800952124       0.21050492176030397        1.0000000000000000     
   200.00521000000001        1.2026851000000000E-002   8.0864559982374509       0.20489039114748139        2.5000000000000000     
