  #time	ai	proti	chi2	massp                                                                                                                                                                              
   820.00521000000003        1.3260229000000000E-002   15.547819684143411        99.598072897637067        2.5000000000000000     
   120.00521000000001        1.3634983999999999E-002   12.877054468663959        98.354486102067597       0.50000000000000000     
   920.00521000000003        1.1229815000000001E-002   15.824664667493332        98.064650344247298        2.0000000000000000     
   980.00521000000003        1.0755997999999999E-002   12.464568580158394        97.627265724217722        2.5000000000000000     
   280.00520999999998        1.0031284999999999E-002   13.902692586471332        97.132691987357632        1.5000000000000000     
   720.00519999999995        1.2713085000000001E-002   15.836173708253604        97.000600732958532       0.50000000000000000     
   6050.0051999999996        1.2720545999999999E-002   15.831754611920632        96.862785566088476        3.5000000000000000     
   740.00472000000002        1.3085562000000000E-002   15.640761754863231        96.763599284377719        1.5000000000000000     
   680.00519999999995        1.3558462000000000E-002   15.190790953377904        96.169674513624116        1.5000000000000000     
   7750.0051999999996        1.1379169999999999E-002   12.145705524468049        95.595945197233249        3.5000000000000000     
   2500.0052000000001        1.1590221000000000E-002   15.909649882741236        95.367035082414944        2.5000000000000000     
   4900.0051999999996        1.0100303999999999E-002   13.561636708264510        95.025186114112032        2.0000000000000000     
   720.00405999999998        1.2753092000000001E-002   15.795795628484072        94.800735807305998       0.50000000000000000     
   500.00405999999998        1.3269646000000000E-002   12.541602588705153        93.473099816135175       0.50000000000000000     
   640.00519999999995        1.2567198000000000E-002   12.155423821655750        93.104369094304204        3.5000000000000000     
   700.00405999999998        1.3216331000000000E-002   15.495754208625289        92.918544056344274       0.50000000000000000     
   560.00521000000003        1.2894505000000001E-002   12.293053727965066        92.845118105784820        3.0000000000000000     
   480.00405999999998        1.2834818000000000E-002   12.264582749999066        92.714851754534251       0.50000000000000000     
   540.00522000000001        1.3614542000000000E-002   12.950532988132746        92.703174441043899        2.5000000000000000     
   540.00521000000003        1.3604009000000000E-002   12.940840328579407        92.366604455075574        2.5000000000000000     
   600.00521000000003        1.2970793000000000E-002   15.655459200229915        92.074604460407187        1.0000000000000000     
   320.00520999999998        1.3134195000000000E-002   12.452542700283031        92.025559652532138        1.0000000000000000     
   560.00519999999995        1.2951611999999999E-002   12.334788527883832        91.962365213114452        3.0000000000000000     
   820.00522000000001        1.3272921999999999E-002   15.434397534173437        91.945668116866230        2.5000000000000000     
   6350.0051999999996        1.1398062000000000E-002   12.186059850461429        91.317703554937538        3.5000000000000000     
   500.00409000000002        1.2031274000000000E-002   12.089434001206529        91.281009752120355        1.0000000000000000     
   2800.0052000000001        1.0742053000000000E-002   15.433457773291796        90.930796533323814        2.0000000000000000     
   920.00496999999996        1.0408839000000000E-002   12.951304710335767        90.788880840661463        2.0000000000000000     
   780.00432000000001        1.1599985000000000E-002   15.863198658270623        90.788028625797480        1.0000000000000000     
   560.00473999999997        1.1766624999999999E-002   12.109072338838612        90.751780164015585        2.0000000000000000     
   11800.004999999999        1.0858367000000001E-002   15.518550754828036        90.233057470082912        2.0000000000000000     
   560.00521000000003        1.2270166000000001E-002   12.121171139357369        90.074686340632610        2.5000000000000000     
   800.00521000000003        1.3287815000000000E-002   15.388963759854130        89.692195667767592        2.5000000000000000     
   180.00521000000001        1.3425400000000001E-002   15.244067939999024        89.486756396540642        1.0000000000000000     
   860.00519999999995        1.1814366000000000E-002   12.118290626475858        89.382251114518127        3.5000000000000000     
   7450.0051999999996        1.2700608000000000E-002   15.751180779205180        88.937140613218844        3.5000000000000000     
   1100.0052000000001        1.1160926999999999E-002   12.322034669683596        87.990277518341443        3.0000000000000000     
   940.00521000000003        1.1153708999999999E-002   15.672293951703123        87.819386760638849        2.0000000000000000     
   2400.0052000000001        1.2789102000000000E-002   15.697691500862803        87.620958601784579        3.5000000000000000     
   480.00520000000000        1.2796616000000000E-002   12.306616234510869        87.553639382027058       0.50000000000000000     
   6300.0051999999996        1.2201539000000001E-002   15.858976124137319        87.410252442379260        3.0000000000000000     
   1650.0052000000001        1.1060624999999999E-002   12.385777534225225        87.203488164113693        3.0000000000000000     
   580.00496999999996        1.1711472000000001E-002   12.155135520620657        87.169331420818267        2.0000000000000000     
   520.00519999999995        1.3664050000000001E-002   13.153110768872491        87.157097270742184        1.5000000000000000     
   10000.004999999999        1.0900814999999999E-002   15.506468900609377        86.941405153429486        2.0000000000000000     
   260.00520999999998        1.0139405000000001E-002   14.010584334368758        86.548148926530956        1.5000000000000000     
   7000.0051999999996        1.0555488000000000E-002   12.836653903950763        85.999728060699155        2.5000000000000000     
   920.00473999999997        1.0420990000000000E-002   13.027510861266055        85.975195071027997        2.0000000000000000     
   500.00472000000002        1.3284682000000001E-002   12.665640544923706        85.773075669941022        1.5000000000000000     
   1200.0047000000000        1.0234432999999999E-002   13.444749924279694        85.638240659595638        2.0000000000000000     
   660.00519999999995        1.2511978999999999E-002   12.222813233356709        85.512880477228492        3.5000000000000000     
   780.00409000000002        1.1704635000000000E-002   15.820276426558953        85.016166449294815        1.0000000000000000     
   720.00473000000000        1.3249298000000000E-002   15.345356310139415        84.268227973743137        1.5000000000000000     
   660.00519999999995        1.3572183999999999E-002   14.937525062560372        83.767896786848269        1.5000000000000000     
   1500.0052000000001        1.1708936000000000E-002   15.804879538927205        83.557707733266398        2.5000000000000000     
   500.00432000000001        1.1945773000000000E-002   12.173753586156247        83.452910808968824        1.0000000000000000     
   1500.0052000000001        1.1739909000000000E-002   15.807315957750459        83.350955137306428        2.5000000000000000     
   8250.0051999999996        1.0608047000000001E-002   15.181430133341530        83.332759261784958        2.0000000000000000     
   3550.0052000000001        1.0179013000000001E-002   13.868887300148762        83.329609031426486        2.0000000000000000     
   800.00522000000001        1.3300314000000001E-002   15.281446426150774        83.323036954482262        2.5000000000000000     
   520.00473000000000        1.3403098000000000E-002   12.832527018159292        83.291930494449019        1.5000000000000000     
   7350.0051999999996        1.0573561000000000E-002   12.867076435970001        82.956102180170149        2.5000000000000000     
   520.00469999999996        1.2421088000000000E-002   12.230772684064878        82.687007871687939        2.0000000000000000     
   3450.0052000000001        1.0577813000000000E-002   12.873243838808811        82.304884352651044        2.5000000000000000     
   5600.0051999999996        1.0640375000000001E-002   15.199174040783943        82.164964281423238        2.0000000000000000     
   2450.0052000000001        1.0621154000000001E-002   15.173502859308321        81.958132688432272        2.0000000000000000     
   1700.0052000000001        1.0597990999999999E-002   12.858426483629964        81.720484745807667        2.5000000000000000     
   560.00522000000001        1.3592685000000000E-002   13.145639782841535        81.664424907413135        2.5000000000000000     
   1350.0052000000001        1.2423975000000000E-002   15.752393360829915        81.265930231707827        3.0000000000000000     
   560.00521000000003        1.3582032000000001E-002   13.147071408942052        80.757813381016575        2.5000000000000000     
   780.00521000000003        1.3314858000000001E-002   15.224709432538237        80.719119924004190        2.5000000000000000     
   840.00519999999995        1.1900140999999999E-002   12.206855703966385        80.633454773933053        3.5000000000000000     
   3100.0052000000001        1.2686173000000000E-002   15.652236531423762        80.017972103295023        3.5000000000000000     
   580.00521000000003        1.2855742999999999E-002   12.432741000434291        79.714920439098790        3.0000000000000000     
   6500.0051999999996        1.2656486000000000E-002   15.659075667952038        79.587646998232174        3.5000000000000000     
   720.00472000000002        1.3103427000000001E-002   15.399143180227192        79.378819657001202        1.5000000000000000     
   680.00519999999995        1.2454745000000000E-002   12.278569020229247        79.252938881840095        3.5000000000000000     
   9900.0051999999996        1.2338844999999999E-002   15.746757497077777        79.149440062292612        3.0000000000000000     
   7200.0051999999996        1.0580722000000001E-002   12.928157587518250        79.079906650348562        2.5000000000000000     
   3500.0052000000001        1.0553247000000000E-002   15.023008223307107        78.491003563137241        2.0000000000000000     
   180.00521000000001        1.1815920000000001E-002   15.761454734170739        78.415203404405077        1.0000000000000000     
   580.00519999999995        1.2914053000000000E-002   12.487570936257979        78.073363342553620        3.0000000000000000     
   960.00521000000003        1.1073336000000000E-002   15.504524300643970        78.057487901234424        2.0000000000000000     
   7050.0051999999996        1.1015864000000000E-002   12.536940639457894        77.726658602666674        3.0000000000000000     
   240.00521000000001        1.0239976000000000E-002   14.066542557134726        77.552813721556447        1.5000000000000000     
   540.00519999999995        1.3651339000000000E-002   13.408285480603480        76.926167318167543        1.5000000000000000     
   8300.0051999999996        1.0252481000000001E-002   14.069725612898013        76.467111765055435        2.0000000000000000     
   580.00521000000003        1.2224198000000000E-002   12.267652644918325        76.282300374112040        2.5000000000000000     
   580.00473999999997        1.1717099999999999E-002   12.278998383303543        76.046972261137284        2.0000000000000000     
   960.00521000000003        1.0877163000000000E-002   12.665905480514104        76.014278153699792        2.5000000000000000     
   780.00522000000001        1.3327171000000001E-002   15.123622705848765        75.597772492654684        2.5000000000000000     
   2500.0052000000001        1.0266994000000000E-002   14.100638117561470        75.335949454511479        2.0000000000000000     
   340.00520999999998        1.3123111999999999E-002   12.679866771545312        75.103307930161421        1.0000000000000000     
   6200.0051999999996        1.2652762000000000E-002   15.605538941408875        75.096336643238331        3.5000000000000000     
   580.00521000000003        1.2983161000000000E-002   15.423625484701619        74.832876526232283        1.0000000000000000     
   640.00519999999995        1.3585745999999999E-002   14.683547506350228        74.545692076916396        1.5000000000000000     
   900.00496999999996        1.0529056000000000E-002   13.097245328367844        74.466058332998159        2.0000000000000000     
   5250.0051999999996        1.1039106000000000E-002   12.567010055235617        74.419436162096616        3.0000000000000000     
   820.00519999999995        1.1981377000000000E-002   12.275012121681520        74.398247695323121        3.5000000000000000     
   700.00519999999995        1.2395336999999999E-002   12.321943222647253        74.304145389134789        3.5000000000000000     
   520.00405999999998        1.3264476000000001E-002   12.832063280327386        74.074394396654839       0.50000000000000000     
   600.00496999999996        1.1660088000000001E-002   12.319720099364970        73.472015847938607        2.0000000000000000     
   5650.0051999999996        1.0292676000000001E-002   14.122238135194147        73.247438737559051        2.0000000000000000     
   680.00405999999998        1.3221840000000000E-002   15.196170445400599        73.092918820882460       0.50000000000000000     
   760.00521000000003        1.3341379000000000E-002   15.055364724393820        72.827309521258570        2.5000000000000000     
   580.00522000000001        1.3570499000000000E-002   13.338985612874415        72.585181014564711        2.5000000000000000     
   160.00521000000001        1.0584484999999999E-002   13.060173281483932        72.173926274315733        1.5000000000000000     
   700.00519999999995        1.2720369000000000E-002   15.537640673414099        72.081757311355091       0.50000000000000000     
   2750.0052000000001        1.0446937000000000E-002   14.681484293224198        71.910640797604941        2.0000000000000000     
   1100.0052000000001        1.0330515000000000E-002   13.717008298227514        71.681615173264547        2.0000000000000000     
   140.00521000000001        1.3444373000000001E-002   13.119176271563569        71.551597149697017        1.0000000000000000     
   4850.0051999999996        1.0490833999999999E-002   14.763932880560562        71.529388980956185        2.0000000000000000     
   580.00521000000003        1.3559721000000000E-002   13.351271733605218        71.339451795754087        2.5000000000000000     
   200.00521000000001        1.2760137000000000E-002   15.507822341736176        71.283410861116892        2.0000000000000000     
   10100.004999999999        1.1184758000000000E-002   12.525465950941184        70.971753729486849        3.0000000000000000     
   720.00519999999995        1.2333576000000001E-002   12.352152646964784        70.666844284447478        3.5000000000000000     
   700.00405999999998        1.2760216000000000E-002   15.497048647888050        70.477074580180613       0.50000000000000000     
   800.00519999999995        1.2058536999999999E-002   12.324097808273365        70.301866326800706        3.5000000000000000     
   900.00473999999997        1.0540295000000000E-002   13.175495752319048        70.263650721576937        2.0000000000000000     
   700.00473000000000        1.3265580000000001E-002   15.097865788520455        70.175051775173813        1.5000000000000000     
   1700.0052000000001        1.0659594999999999E-002   12.997506320495193        70.041980057428546        2.5000000000000000     
   560.00519999999995        1.3638499000000000E-002   13.663585338994634        69.946348235221947        1.5000000000000000     
   7050.0051999999996        1.1481069000000000E-002   15.587479600665953        69.734520094814997        2.5000000000000000     
   520.00472000000002        1.3269214000000000E-002   12.916691652293393        69.611530010545579        1.5000000000000000     
   500.00405999999998        1.2828286000000000E-002   12.553113159650108        69.488479971140862       0.50000000000000000     
   220.00521000000001        1.0334027000000001E-002   14.051311011279699        69.452474918935607        1.5000000000000000     
   980.00521000000003        1.0988181000000000E-002   15.319776402271938        69.139686014262196        2.0000000000000000     
   540.00473000000000        1.3388538000000000E-002   13.085661065870712        69.101338410153517        1.5000000000000000     
   11300.004999999999        1.2770518000000000E-002   15.472034642926001        69.014598592904804        3.5000000000000000     
   760.00522000000001        1.3353512000000000E-002   14.961216355242446        68.898292018856722        2.5000000000000000     
   760.00432000000001        1.1628042999999999E-002   15.613949002388075        68.579583037964312        1.0000000000000000     
   620.00519999999995        1.3599154000000000E-002   14.429016273804631        68.533715065632165        1.5000000000000000     
   740.00519999999995        1.2269258999999999E-002   12.368373930031821        68.367599140099671        3.5000000000000000     
   780.00519999999995        1.2132017000000000E-002   12.355310204379357        68.060823309320440        3.5000000000000000     
   600.00521000000003        1.2815996000000000E-002   12.566735776782156        68.002394449812101        3.0000000000000000     
   2850.0052000000001        1.0420260000000001E-002   14.459732672119561        67.673317930064528        2.0000000000000000     
   760.00519999999995        1.2202159000000001E-002   12.369735937928073        67.465727405541287        3.5000000000000000     
   520.00409000000002        1.2010485000000000E-002   12.362222966156235        67.060586696936539        1.0000000000000000     
   140.00521000000001        1.3630659999999999E-002   14.110516433681658        66.781651292408043       0.50000000000000000     
   1950.0052000000001        1.1534404000000000E-002   15.561713492221953        66.393215131759348        2.5000000000000000     
   580.00519999999995        1.3625524999999999E-002   13.918893811221530        66.222746819723582        1.5000000000000000     
   740.00521000000003        1.3367398000000001E-002   14.881235791891140        66.158847065983011        2.5000000000000000     
   6850.0051999999996        1.1467903999999999E-002   15.536100798757248        66.068294028541658        2.5000000000000000     
   2100.0052000000001        1.0656789000000000E-002   13.089984206989671        65.808615013142813        2.5000000000000000     
   600.00519999999995        1.2875566000000000E-002   12.634494623186688        65.780518440629962        3.0000000000000000     
   600.00519999999995        1.3612411000000000E-002   14.174083179518512        65.754357919139039        1.5000000000000000     
   600.00522000000001        1.3547969999999999E-002   13.530356593211216        65.419404123339973        2.5000000000000000     
   500.00520000000000        1.2789943000000000E-002   12.595071086046829        64.945879230342385       0.50000000000000000     
   7200.0051999999996        1.1474336000000000E-002   15.523424292193262        64.928603993391619        2.5000000000000000     
   700.00472000000002        1.3121031999999999E-002   15.155736050276211        64.810964665469868        1.5000000000000000     
   11100.004999999999        1.1640307000000001E-002   15.568911359375429        64.771546025128288        2.5000000000000000     
   540.00469999999996        1.2387660999999999E-002   12.439189168884123        64.660285911003186        2.0000000000000000     
   11800.004999999999        1.0397741000000000E-002   14.107158908159409        64.467926601106669        2.0000000000000000     
   2700.0052000000001        1.1546668000000000E-002   12.461954567063259        64.277339897122843        3.5000000000000000     
   600.00521000000003        1.2176805000000001E-002   12.406953019416568        64.226465407952176        2.5000000000000000     
   600.00521000000003        1.3537062000000001E-002   13.553204776922300        64.054641915657285        2.5000000000000000     
   600.00473999999997        1.1665864999999999E-002   12.441220213087066        63.536013888516472        2.0000000000000000     
   120.00521000000001        1.1885379999999999E-002   12.412080996097638        63.365610821797134        1.0000000000000000     
   740.00522000000001        1.3379357999999999E-002   14.794512747570666        63.346976888310891        2.5000000000000000     
   3300.0052000000001        1.1475600000000001E-002   15.501960898291427        63.272046166491741        2.5000000000000000     
   760.00409000000002        1.1730980000000000E-002   15.566211670574827        63.134767199891435        1.0000000000000000     
   200.00521000000001        1.0422381999999999E-002   13.926858298660280        62.355709699704128        1.5000000000000000     
   2350.0052000000001        1.2200422000000001E-002   15.566118376258414        62.322391886771179        3.0000000000000000     
   880.00496999999996        1.0639770999999999E-002   13.204639780539924        62.070522144220639        2.0000000000000000     
   620.00496999999996        1.1606849000000001E-002   12.475907726441601        61.935622642607179        2.0000000000000000     
   9850.0051999999996        1.2761560999999999E-002   15.373044179526577        61.630636219269590        3.5000000000000000     
   1000.0051999999999        1.0897627000000000E-002   15.116185497134776        61.527407985289557        2.0000000000000000     
   360.00520999999998        1.3111948999999999E-002   12.904275996935441        60.926042404538791        1.0000000000000000     
   720.00521000000003        1.3392935999999999E-002   14.702624678395672        60.848805552612276        2.5000000000000000     
   520.00432000000001        1.1923889000000000E-002   12.444952261323300        60.599157052750421        1.0000000000000000     
   560.00521000000003        1.2995402000000000E-002   15.192113015097464        60.298964751909679        1.0000000000000000     
   620.00522000000001        1.3525082000000001E-002   13.719526755154732        60.113511574168186        2.5000000000000000     
   11200.004999999999        1.1604579000000000E-002   15.497168856792776        59.946807352217668        2.5000000000000000     
   940.00521000000003        1.0988955999999999E-002   12.831199522117849        59.707613449178751        2.5000000000000000     
   180.00521000000001        1.0505695000000001E-002   13.632313617603545        59.203520440342885        1.5000000000000000     
   680.00473000000000        1.3281642000000000E-002   14.849065638077386        59.087968385858552        1.5000000000000000     
   720.00522000000001        1.3404727999999999E-002   14.623795299490645        59.059535443786189        2.5000000000000000     
   540.00405999999998        1.3259274000000000E-002   13.123769791083895        58.838761083286137       0.50000000000000000     
   620.00521000000003        1.3514040000000000E-002   13.752622048511704        58.837827161909317        2.5000000000000000     
   880.00473999999997        1.0650240000000000E-002   13.285325432555101        58.315296794460984        2.0000000000000000     
   560.00473000000000        1.3373813999999999E-002   13.338773977276169        58.114621051267669        1.5000000000000000     
   660.00405999999998        1.3227305999999999E-002   14.897316739672579        57.786435026003552       0.50000000000000000     
   620.00521000000003        1.2775204000000000E-002   12.694584575253430        57.626266308948935        3.0000000000000000     
   6850.0051999999996        1.2062546000000000E-002   15.510381728525179        57.129122504743059        3.0000000000000000     
   700.00521000000003        1.3418011000000001E-002   14.519830854956799        57.024485185617834        2.5000000000000000     
   640.00522000000001        1.3501821000000001E-002   13.906259815073616        56.606341300122551        2.5000000000000000     
   540.00472000000002        1.3253568000000000E-002   13.167677440528621        56.604840809464214        1.5000000000000000     
   700.00522000000001        1.3429642000000000E-002   14.449341448120860        56.144602060283752        2.5000000000000000     
   8550.0051999999996        1.2571051999999999E-002   15.383144620724313        55.979734700102100        3.5000000000000000     
   640.00521000000003        1.3490640000000000E-002   13.949264637459535        55.614544970016738        2.5000000000000000     
   6100.0051999999996        1.2558557000000000E-002   15.382255991170698        55.565437654947139        3.5000000000000000     
   5050.0051999999996        1.2066159999999999E-002   15.484705466534148        55.218185062069416        3.0000000000000000     
   160.00521000000001        1.3434931000000001E-002   14.386438297589709        55.209040804632849        1.0000000000000000     
   620.00519999999995        1.2836098000000001E-002   12.775098680756532        54.986077452324039        3.0000000000000000     
   3950.0052000000001        1.1435811000000001E-002   15.369649236771584        54.856205492124502        2.5000000000000000     
   660.00522000000001        1.3478171000000001E-002   14.090310040314217        54.828637969361274        2.5000000000000000     
   680.00521000000003        1.3442641999999999E-002   14.333148018983410        54.805091114018943        2.5000000000000000     
   680.00522000000001        1.3454117000000000E-002   14.271423939124530        54.703182726365739        2.5000000000000000     
   660.00521000000003        1.3466845999999999E-002   14.142865221991373        54.301194186805532        2.5000000000000000     
   620.00521000000003        1.2127888999999999E-002   12.538419149743484        53.814352882990988        2.5000000000000000     
   680.00472000000002        1.3138388000000001E-002   14.910749554311403        53.134800749454982        1.5000000000000000     
   620.00473999999997        1.1612786999999999E-002   12.594926024673629        53.104168306175652        2.0000000000000000     
   2450.0052000000001        1.2633047000000000E-002   15.304761616881736        52.578783765220024        3.5000000000000000     
   860.00496999999996        1.0742409000000000E-002   13.278090462651596        52.567214194247157        2.0000000000000000     
   1050.0052000000001        1.0642309000000001E-002   14.508915413741585        52.557995880968164        2.0000000000000000     
   640.00496999999996        1.1551605000000000E-002   12.622817959715265        52.442210043553658        2.0000000000000000     
   1150.0047000000000        1.0572702000000000E-002   14.196106279216012        51.890933883319889        2.0000000000000000     
   680.00519999999995        1.2727588999999999E-002   15.239638060233407        51.652206356243966       0.50000000000000000     
   1100.0052000000001        1.1312228000000001E-002   12.742002287776300        51.389713616991401        3.0000000000000000     
   6450.0051999999996        1.1575929000000000E-002   12.631332529160677        51.327170300839541        3.5000000000000000     
   1400.0052000000001        1.2263322000000000E-002   15.406439789043070        51.185282510990618        3.0000000000000000     
   660.00473000000000        1.3297493000000001E-002   14.599142503442563        51.061497470980171        1.5000000000000000     
   680.00405999999998        1.2767275999999999E-002   15.198848755412431        50.648769636028774       0.50000000000000000     
   520.00405999999998        1.2821710000000000E-002   12.842855676003884        50.354757621649270       0.50000000000000000     
   580.00473000000000        1.3358917999999999E-002   13.591737912316150        50.333403782440087        1.5000000000000000     
   7500.0051999999996        1.2537491000000000E-002   15.304148368266883        49.742487636064489        3.5000000000000000     
   740.00432000000001        1.1655489000000000E-002   15.361324673121567        49.297316138433700        1.0000000000000000     
   380.00520999999998        1.3100706000000000E-002   13.130550881718605        49.187387660007971        1.0000000000000000     
   860.00473999999997        1.0752220999999999E-002   13.361492240990813        49.116116441740488        2.0000000000000000     
   560.00469999999996        1.2353470000000000E-002   12.644007998528052        49.091382511762440        2.0000000000000000     
   2550.0052000000001        1.1361891000000001E-002   15.246124826259930        49.000253819927721        2.5000000000000000     
   640.00521000000003        1.2733306000000000E-002   12.815813568994315        48.500879459776350        3.0000000000000000     
   1550.0052000000001        1.1531494999999999E-002   15.311427745184019        48.483490642451365        2.5000000000000000     
   540.00521000000003        1.3007523000000000E-002   14.961013518219248        48.466240037314790        1.0000000000000000     
   6750.0051999999996        1.1576074000000000E-002   12.677967697294447        48.187065496630964        3.5000000000000000     
   560.00405999999998        1.3254037999999999E-002   13.416684042091200        47.821722037740102       0.50000000000000000     
   1550.0052000000001        1.1496309000000000E-002   15.282848871248245        47.485145342910371        2.5000000000000000     
   920.00521000000003        1.1092750000000000E-002   12.964394161023696        47.389550646151939        2.5000000000000000     
   640.00405999999998        1.3232730000000000E-002   14.599273219017592        46.968792750166827       0.50000000000000000     
   560.00472000000002        1.3237733999999999E-002   13.418476631594713        46.753873752040349        1.5000000000000000     
   540.00409000000002        1.1989369000000000E-002   12.634833332558554        46.594824812947572        1.0000000000000000     
   520.00519999999995        1.2783223999999999E-002   12.884728614483546        46.431752286308722       0.50000000000000000     
   1000.0047000000000        1.1271200000000000E-002   15.151472889431838        46.425981060446006        2.0000000000000000     
   1050.0047000000000        1.1074129000000000E-002   14.999676309659939        46.414746156613674        2.0000000000000000     
   640.00473000000000        1.3313139000000000E-002   14.348277674355177        46.140786382024856        1.5000000000000000     
   600.00473000000000        1.3343845000000000E-002   13.844411902286883        45.753178267406668        1.5000000000000000     
   640.00519999999995        1.2795592000000000E-002   12.908905839898908        45.586327329290249        3.0000000000000000     
   1100.0047000000000        1.0845397999999999E-002   14.693683452169385        45.357564080775745        2.0000000000000000     
   980.00469999999996        1.1342989000000000E-002   15.174992273671119        45.306756949300272        2.0000000000000000     
   840.00496999999996        1.0838093000000000E-002   13.321372646558727        45.264075399296026        2.0000000000000000     
   640.00521000000003        1.2077338999999999E-002   12.661357230209960        44.948643323241235        2.5000000000000000     
   660.00496999999996        1.1494191000000001E-002   12.759495853246854        44.867331241442372        2.0000000000000000     
   640.00473999999997        1.1557718999999999E-002   12.739237600033309        44.628356866062596        2.0000000000000000     
   660.00472000000002        1.3155501999999999E-002   14.664385524537325        44.414826288074096        1.5000000000000000     
   620.00473000000000        1.3328586999999999E-002   14.096645029253839        44.362094178816548        1.5000000000000000     
   140.00521000000001        1.2840538000000000E-002   12.967179529458218        44.330556442976622        2.0000000000000000     
   740.00409000000002        1.1756779000000000E-002   15.309149194878120        44.325700530062839        1.0000000000000000     
   960.00469999999996        1.1411338000000000E-002   15.179314940236736        43.432666364220140        2.0000000000000000     
   6350.0051999999996        1.2012994000000001E-002   15.316395588176148        43.326653424244810        3.0000000000000000     
   8750.0051999999996        1.1644865000000001E-002   12.733644263022274        43.244441984521593        3.5000000000000000     
   3150.0052000000001        1.2521129000000001E-002   15.204001590345044        43.029880867837605        3.5000000000000000     
   2650.0052000000001        1.0778348000000000E-002   13.546849285014433        42.444481222006175        2.5000000000000000     
   840.00473999999997        1.0847338000000000E-002   13.407687486515906        41.986596413654880        2.0000000000000000     
   540.00432000000001        1.1901645000000001E-002   12.715823680060506        41.469561951495663        1.0000000000000000     
   6550.0051999999996        1.2487342000000000E-002   15.189511952329768        41.311021988263533        3.5000000000000000     
   1050.0052000000001        1.1435973000000000E-002   12.845047008713982        41.301071128220414        3.0000000000000000     
   580.00405999999998        1.3248767000000000E-002   13.710753939785443        41.077059498344028       0.50000000000000000     
   940.00469999999996        1.1476559000000001E-002   15.165639522686469        40.817648767000648        2.0000000000000000     
   620.00405999999998        1.3238114000000000E-002   14.302116435527861        40.605017308545655       0.50000000000000000     
   660.00521000000003        1.2690233000000000E-002   12.929930971041269        40.536732774286122        3.0000000000000000     
   580.00472000000002        1.3221706000000000E-002   13.668950369247169        40.053987015054766        1.5000000000000000     
   400.00520999999998        1.3089382000000000E-002   13.358184269630307        39.967015533935061        1.0000000000000000     
   820.00496999999996        1.0927724999999999E-002   13.337649852199137        39.712035973344328        2.0000000000000000     
   180.00521000000001        1.2787414000000000E-002   14.982395804082605        39.628058145973256        2.0000000000000000     
   520.00521000000003        1.3019526999999999E-002   14.730405855235642        39.323201342721923        1.0000000000000000     
   680.00496999999996        1.1434418999999999E-002   12.884905997258185        39.082912040407905        2.0000000000000000     
   3350.0052000000001        1.1640779000000000E-002   12.803053609719848        39.043008796702779        3.5000000000000000     
   640.00472000000002        1.3172382999999999E-002   14.416839732824405        38.705933145411876        1.5000000000000000     
   600.00405999999998        1.3243459000000001E-002   14.005919928947241        38.655635208970111       0.50000000000000000     
   6250.0051999999996        1.2484037999999999E-002   15.137199101984168        38.187863907351300        3.5000000000000000     
   900.00521000000003        1.1189635000000000E-002   13.068707724547306        38.099918571849742        2.5000000000000000     
   660.00473999999997        1.1500496000000001E-002   12.873204871116998        37.979287081436070        2.0000000000000000     
   660.00521000000003        1.2025034000000000E-002   12.775030457305148        37.529425924945350        2.5000000000000000     
   920.00469999999996        1.1538925000000000E-002   15.135068495735050        37.524265449486442        2.0000000000000000     
   660.00519999999995        1.2753985000000001E-002   13.035422452688552        37.472580649917454        3.0000000000000000     
   11500.004999999999        1.1787705000000001E-002   12.801532991643182        37.034807415401559        3.5000000000000000     
   600.00472000000002        1.3205477000000000E-002   13.918945760506032        36.493616512342982        1.5000000000000000     
   820.00473999999997        1.0936474999999999E-002   13.427007707822744        36.485140997052227        2.0000000000000000     
   620.00472000000002        1.3189038000000000E-002   14.168299473244650        36.053403718151131        1.5000000000000000     
   580.00469999999996        1.2318473999999999E-002   12.844831698702734        35.895986458845954        2.0000000000000000     
   660.00519999999995        1.2734745000000000E-002   14.942255044771109        35.692369630932582       0.50000000000000000     
   800.00496999999996        1.1012040000000001E-002   13.329621845351173        35.636796693798715        2.0000000000000000     
   540.00405999999998        1.2815088000000001E-002   13.133788569399448        35.367267536310749       0.50000000000000000     
   660.00405999999998        1.2774275999999999E-002   14.901284165007418        35.295411908743908       0.50000000000000000     
   700.00496999999996        1.1372077000000000E-002   12.997922155356054        34.961182266250695        2.0000000000000000     
   2550.0052000000001        1.1275566000000001E-002   13.086188056389314        33.996422256760056        3.0000000000000000     
   900.00469999999996        1.1598673000000000E-002   15.088627247097399        33.654315421761488        2.0000000000000000     
   680.00521000000003        1.2645913000000000E-002   13.036427033847570        33.641911451926120        3.0000000000000000     
   420.00520999999998        1.3077975000000000E-002   13.585877189363947        33.338196412844411        1.0000000000000000     
   4050.0052000000001        1.0879546000000000E-002   13.735994533854763        33.127902840559699        2.5000000000000000     
   720.00432000000001        1.1682349999999999E-002   15.105660238271215        33.084651341476381        1.0000000000000000     
   680.00473999999997        1.1440933000000000E-002   12.995798192083294        33.024429181263486        2.0000000000000000     
   780.00496999999996        1.1091646000000000E-002   13.299629331037480        32.890652258207865        2.0000000000000000     
   500.00520999999998        1.3031420000000000E-002   14.500353889024584        32.854531923749221        1.0000000000000000     
   7100.0051999999996        1.1233285000000001E-002   14.849733015806835        32.747452438982563        2.5000000000000000     
   720.00496999999996        1.1306926000000000E-002   13.097316564958318        32.379723834000224        2.0000000000000000     
   800.00473999999997        1.1020354000000000E-002   13.422099416187844        32.341885215545489        2.0000000000000000     
   2000.0052000000001        1.1291191000000001E-002   14.884732166626701        32.129030180026966        2.5000000000000000     
   540.00519999999995        1.2776457000000000E-002   13.175566887826591        32.064385987523274       0.50000000000000000     
   680.00521000000003        1.1970840000000000E-002   12.878656486384477        31.456538592419808        2.5000000000000000     
   760.00496999999996        1.1167053000000000E-002   13.249728421225511        31.417704125089458        2.0000000000000000     
   9950.0051999999996        1.2114277999999999E-002   15.113498547113991        31.323460985437887        3.0000000000000000     
   740.00496999999996        1.1238690000000001E-002   13.181744999467231        31.228354283162396        2.0000000000000000     
   880.00521000000003        1.1280488000000000E-002   13.146825890482953        31.140089593929886        2.5000000000000000     
   6900.0051999999996        1.1217751000000000E-002   14.789727837251617        30.889589181519309        2.5000000000000000     
   680.00519999999995        1.2711212000000000E-002   13.154140234226325        30.532531413301765        3.0000000000000000     
   7250.0051999999996        1.1226264999999999E-002   14.786017699242382        30.412242139546240        2.5000000000000000     
   11300.004999999999        1.0964623000000000E-002   13.626473008652525        30.288199884957084        2.5000000000000000     
   3350.0052000000001        1.1228781000000000E-002   14.776478465953218        29.942439153310850        2.5000000000000000     
   560.00409000000002        1.1967912000000001E-002   12.907110957748147        29.885901571852727        1.0000000000000000     
   700.00473999999997        1.1378821000000001E-002   13.105900345692135        29.631938438637544        2.0000000000000000     
   780.00473999999997        1.1099573999999999E-002   13.395260847333448        29.411911357706636        2.0000000000000000     
   880.00469999999996        1.1656013999999999E-002   15.027276397999939        29.340578515294673        2.0000000000000000     
   440.00520999999998        1.3066479000000001E-002   13.813745743167280        29.301704051514818        1.0000000000000000     
   7700.0051999999996        1.1680774999999999E-002   12.965568128014990        29.298846791552837        3.5000000000000000     
   6950.0051999999996        1.0921363999999999E-002   13.911254031157666        29.283288150744312        2.5000000000000000     
   480.00520999999998        1.3043206999999999E-002   14.270897984725600        29.041665394372501        1.0000000000000000     
   6500.0051999999996        1.1274398000000000E-002   13.205956225332896        28.925094657549650        3.0000000000000000     
   720.00409000000002        1.1782056000000001E-002   15.049396757239657        28.718327770541819        1.0000000000000000     
   7300.0051999999996        1.0933353999999999E-002   13.920811396420055        28.600114538730036        2.5000000000000000     
   2400.0052000000001        1.2011456000000000E-002   15.069259068007351        28.586154009628519        3.0000000000000000     
   3400.0052000000001        1.0936934000000001E-002   13.920586758245914        28.410396005796812        2.5000000000000000     
   7150.0051999999996        1.0940549000000001E-002   13.983664507795561        28.067583160221687        2.5000000000000000     
   460.00520999999998        1.3054892000000000E-002   14.042043821210827        27.864121768414229        1.0000000000000000     
   700.00521000000003        1.2600264999999999E-002   13.134774444898882        27.723333182984099        3.0000000000000000     
   720.00473999999997        1.1313922000000001E-002   13.202294809205670        27.675914958047962        2.0000000000000000     
   1650.0052000000001        1.0958472000000000E-002   13.855178873314053        27.643844692531623        2.5000000000000000     
   760.00473999999997        1.1174636000000000E-002   13.348512495230047        27.641543078415587        2.0000000000000000     
   10300.004999999999        1.1406826000000000E-002   13.133737571685355        27.556649609970954        3.0000000000000000     
   740.00473999999997        1.1245965000000000E-002   13.283652436660898        27.043065654005151        2.0000000000000000     
   700.00521000000003        1.1914609000000000E-002   12.971405059714547        26.632478572478931        2.5000000000000000     
   4000.0052000000001        1.1181663000000000E-002   14.621760308439127        26.406533725825323        2.5000000000000000     
   6300.0051999999996        1.1701891000000001E-002   13.017860203533177        26.336688285691352        3.5000000000000000     
   560.00432000000001        1.1879026000000001E-002   12.986201401694746        26.060556917766206        1.0000000000000000     
   860.00521000000003        1.1366026000000000E-002   13.201032532577475        26.006801198953546        2.5000000000000000     
   2600.0052000000001        1.1096597999999999E-002   14.473331492737252        26.004447754462579        2.5000000000000000     
   11200.004999999999        1.1018432000000000E-002   13.747804736907337        25.676955903344197        2.5000000000000000     
   600.00469999999996        1.2282627000000001E-002   13.041234761966560        24.977719485772113        2.0000000000000000     
   1450.0052000000001        1.2084572999999999E-002   14.995696214385662        24.964087862149224        3.0000000000000000     
   2050.0052000000001        1.1005354000000000E-002   14.079049286543613        24.889237620437807        2.5000000000000000     
   1600.0052000000001        1.1291275000000000E-002   14.701624496105458        24.864201746678148        2.5000000000000000     
   860.00469999999996        1.1711133000000000E-002   14.951921975362440        24.739989201933671        2.0000000000000000     
   1650.0052000000001        1.1007464000000000E-002   13.948185613350015        24.695312291318608        2.5000000000000000     
   700.00519999999995        1.2667200999999999E-002   13.264536615347367        24.651589273416796        3.0000000000000000     
   560.00405999999998        1.2808417000000001E-002   13.425869158133519        24.579107316680215       0.50000000000000000     
   1600.0052000000001        1.1250402000000000E-002   14.643662428056079        24.404962473433493        2.5000000000000000     
   640.00405999999998        1.2781215000000000E-002   14.604440703565833        24.391136507467930       0.50000000000000000     
   9900.0051999999996        1.2556332000000000E-002   14.813802887607403        24.294510750058361        3.5000000000000000     
   2500.0052000000001        1.2462613000000001E-002   14.869422903561377        24.247674032284241        3.5000000000000000     
   640.00519999999995        1.2741839000000000E-002   14.645578461125215        24.177416669345092       0.50000000000000000     
   1600.0052000000001        1.1384358000000001E-002   13.237934904499653        23.993957094647733        3.0000000000000000     
   6150.0051999999996        1.2380479000000000E-002   14.888909622863460        23.373114270643828        3.5000000000000000     
   720.00521000000003        1.1856172999999999E-002   13.052391864402907        22.966183971565666        2.5000000000000000     
   720.00521000000003        1.2553203000000001E-002   13.224427278802185        22.688665065270371        3.0000000000000000     
   840.00521000000003        1.1446847000000000E-002   13.233306163449305        22.344941958869072        2.5000000000000000     
   560.00519999999995        1.2769641000000000E-002   13.467542603498080        21.896454236230564       0.50000000000000000     
   6900.0051999999996        1.1855708000000000E-002   14.918084172171355        21.592467609693717        3.0000000000000000     
   8600.0051999999996        1.2384848000000000E-002   14.845096874522980        21.557417415776811        3.5000000000000000     
   5100.0051999999996        1.1862213000000000E-002   14.901950137610115        20.812482120462835        3.0000000000000000     
   1050.0052000000001        1.1564738999999999E-002   13.204383476007099        20.561444551960932        3.0000000000000000     
   740.00521000000003        1.1795346000000000E-002   13.120674813661225        20.377400552957649        2.5000000000000000     
   700.00432000000001        1.1708651000000000E-002   14.847275748886817        20.069010433676308        1.0000000000000000     
   840.00469999999996        1.1764195999999999E-002   14.863423086672237        20.027573340158145        2.0000000000000000     
   820.00521000000003        1.1523451000000001E-002   13.245386469919682        19.913513092115060        2.5000000000000000     
   160.00521000000001        1.1839383000000000E-002   14.877750494950993        19.906093260451279        1.0000000000000000     
   7550.0051999999996        1.2358592999999999E-002   14.814763463796467        19.810710707487949        3.5000000000000000     
   720.00519999999995        1.2621873000000000E-002   13.366075498142425        19.714657743676206        3.0000000000000000     
   760.00521000000003        1.1731917999999999E-002   13.175245113195622        18.802214134765599        2.5000000000000000     
   1000.0051999999999        1.1668253000000000E-002   13.203436985713614        18.614217359714118        3.0000000000000000     
   800.00521000000003        1.1596264000000000E-002   13.238824166872293        18.559784940053106        2.5000000000000000     
   740.00521000000003        1.2504632000000000E-002   13.304822079300559        18.448144882888393        3.0000000000000000     
   12100.004999999999        1.1223075000000001E-002   14.354906876281870        18.239284330008847        2.5000000000000000     
   780.00521000000003        1.1665648000000001E-002   13.215018756667360        18.199669989304198        2.5000000000000000     
   580.00405999999998        1.2801696000000000E-002   13.719042245245396        18.041344162325071       0.50000000000000000     
   620.00405999999998        1.2788097000000000E-002   14.308400677756246        17.905197199885976       0.50000000000000000     
   7000.0051999999996        1.1345846999999999E-002   13.467641120431225        17.783053430967758        3.0000000000000000     
   160.00521000000001        1.2814224000000001E-002   14.180701402964065        17.390343793291034        2.0000000000000000     
   620.00519999999995        1.2748874000000000E-002   14.349691027841518        17.077402687978392       0.50000000000000000     
   5200.0051999999996        1.1361445000000000E-002   13.477505093333592        17.018835699566672        3.0000000000000000     
   580.00409000000002        1.1946099000000000E-002   13.178881269391573        16.928531690249674        1.0000000000000000     
   2650.0052000000001        1.1824967000000000E-002   13.201038523447579        16.724399365692896        3.5000000000000000     
   700.00409000000002        1.1806832999999999E-002   14.787248592319269        16.426845485315255        1.0000000000000000     
   620.00469999999996        1.2245881000000000E-002   13.232764849576576        16.227680692942318        2.0000000000000000     
   580.00519999999995        1.2762773000000000E-002   13.760599648383682        15.978380139278089       0.50000000000000000     
   600.00405999999998        1.2794923999999999E-002   14.013242810275377        15.801989243031164       0.50000000000000000     
   10200.004999999999        1.2003478999999999E-002   14.793942716578231        15.758928046587176        3.0000000000000000     
   740.00519999999995        1.2575144000000000E-002   13.458206749866209        15.608263864782844        3.0000000000000000     
   3200.0052000000001        1.2339240000000000E-002   14.708583709710830        15.429366052965220        3.5000000000000000     
   820.00469999999996        1.1815351000000000E-002   14.762597380491750        15.391250058120836        2.0000000000000000     
   760.00521000000003        1.2454448999999999E-002   13.375375191724363        14.917001088032048        3.0000000000000000     
   580.00432000000001        1.1856014000000000E-002   13.255897522687512        14.360511237121159        1.0000000000000000     
   600.00519999999995        1.2755851000000000E-002   14.054672968097345        14.357497410438437       0.50000000000000000     
   6600.0051999999996        1.2300416999999999E-002   14.671712367801653        13.536196751495064        3.5000000000000000     
   6400.0051999999996        1.1801102000000001E-002   14.708303774862598        13.531365973392825        3.0000000000000000     
   980.00521000000003        1.1751955000000000E-002   13.308003334585212        13.509642395190898        3.0000000000000000     
   760.00519999999995        1.2526921000000000E-002   13.540366634042591        12.222714476851426        3.0000000000000000     
   780.00521000000003        1.2402539000000001E-002   13.435483114714931        12.017923974560098        3.0000000000000000     
   6300.0051999999996        1.2297647000000000E-002   14.620669391296127        11.845605572406859        3.5000000000000000     
   800.00469999999996        1.1864730000000000E-002   14.650225382121441        11.027275219481274        2.0000000000000000     
   680.00432000000001        1.1734418000000000E-002   14.586475963993534        10.362196209479576        1.0000000000000000     
   960.00521000000003        1.1831239000000000E-002   13.392718693584699        9.9317712672650789        3.0000000000000000     
   6400.0051999999996        1.1851858000000000E-002   13.389561155715853        9.8645406194591843        3.5000000000000000     
   800.00521000000003        1.2348777999999999E-002   13.484519740377884        9.6841497392772879        3.0000000000000000     
   640.00469999999996        1.2208185999999999E-002   13.418944848409270        9.5241622978476759        2.0000000000000000     
   780.00519999999995        1.2477103000000000E-002   13.611977819532132        9.4547123039415464        3.0000000000000000     
   6700.0051999999996        1.1853102000000001E-002   13.437868704515500        8.4392651860015722        3.5000000000000000     
   820.00521000000003        1.2293025000000001E-002   13.521834771879531        7.8626408383158779        3.0000000000000000     
   600.00409000000002        1.1923914000000001E-002   13.449954147371701        7.7084877666344056        1.0000000000000000     
   680.00409000000002        1.1831130000000000E-002   14.522986006194555        7.5507858216193116        1.0000000000000000     
   940.00521000000003        1.1906549000000001E-002   13.458852101664414        7.5393532246977841        3.0000000000000000     
   2450.0052000000001        1.1799674000000000E-002   14.505036393143723        7.3798064775438039        3.0000000000000000     
   800.00519999999995        1.2425577000000000E-002   13.672447996039253        7.2101526045235032        3.0000000000000000     
   780.00469999999996        1.1912453000000000E-002   14.527053972309657        7.1362589761241626        2.0000000000000000     
   10000.004999999999        1.2059706999999999E-002   13.470867286234506        7.0886586615463552        3.5000000000000000     
   1000.0051999999999        1.1780842999999999E-002   13.517576754727445        7.0190493429753467        3.0000000000000000     
   1500.0052000000001        1.1883313000000000E-002   14.509430109933824        6.8283721457462274        3.0000000000000000     
   840.00521000000003        1.2235126000000001E-002   13.546748848797650        6.5180209653240642        3.0000000000000000     
   600.00432000000001        1.1832591000000000E-002   13.524707639404719        6.3482149001196850        1.0000000000000000     
   920.00521000000003        1.1978264000000001E-002   13.507530119096817        6.0749757522202623        3.0000000000000000     
   3300.0052000000001        1.1906536000000001E-002   13.527713586927028        5.7947492265787162        3.5000000000000000     
   860.00521000000003        1.2174908000000000E-002   13.558550447425574        5.6367627917507797        3.0000000000000000     
   2550.0052000000001        1.2274512000000000E-002   14.382699293000533        5.5453896612411109        3.5000000000000000     
   11400.004999999999        1.2346698999999999E-002   14.315707150450432        5.4967801137282191        3.5000000000000000     
   2500.0052000000001        1.1558039000000001E-002   13.853963388038615        5.4164056696863199        3.0000000000000000     
   820.00519999999995        1.2372222000000000E-002   13.721168442155836        5.4074064904214199        3.0000000000000000     
   900.00521000000003        1.2046711000000000E-002   13.539767136559053        5.3499049977433826        3.0000000000000000     
   8700.0051999999996        1.1931552000000000E-002   13.545497306289109        5.2814455343705680        3.5000000000000000     
   880.00521000000003        1.2112176000000001E-002   13.556489003150075        5.2321363519101887        3.0000000000000000     
   6950.0051999999996        1.1620175000000000E-002   14.246311646479757        5.1234115824365771        3.0000000000000000     
   6450.0051999999996        1.1558662000000001E-002   14.014990388989490        4.8750987960108416        3.0000000000000000     
   5150.0051999999996        1.1630513000000000E-002   14.241608917901704        4.8723879384132278        3.0000000000000000     
   660.00469999999996        1.2169485000000001E-002   13.599272532563566        4.7326916262151180        2.0000000000000000     
   140.00521000000001        1.1862444000000000E-002   13.591656623413872        4.6416490581098788        1.0000000000000000     
   980.00519999999995        1.1859277000000000E-002   13.606761282976152        4.3609911921890019        3.0000000000000000     
   10000.004999999999        1.1856887000000000E-002   14.391869446456298        4.3510747573318724        3.0000000000000000     
   660.00432000000001        1.1759673999999999E-002   14.323550328185066        4.0610350235730479        1.0000000000000000     
   840.00519999999995        1.2316901999999999E-002   13.757511967138873        3.9806831751615368        3.0000000000000000     
   760.00469999999996        1.1958629000000000E-002   14.393797926618614        3.9197090528736420        2.0000000000000000     
   6200.0051999999996        1.2182451000000000E-002   14.341341501453810        3.7450596556305724        3.5000000000000000     
   9950.0051999999996        1.2325127000000000E-002   14.187025786350087        3.5171553796804806        3.5000000000000000     
   1550.0052000000001        1.1653168000000000E-002   13.931782449153163        3.1236519101634266        3.0000000000000000     
   7650.0051999999996        1.1936878999999999E-002   13.663421552263618        2.9317327236694273        3.5000000000000000     
   860.00519999999995        1.2259463999999999E-002   13.780830194532061        2.8839243223664708        3.0000000000000000     
   960.00519999999995        1.1933821000000001E-002   13.677173018352940        2.7149229308928429        3.0000000000000000     
   7600.0051999999996        1.2160166000000000E-002   14.272695575837735        2.5004005929348434        3.5000000000000000     
   620.00409000000002        1.1901342000000001E-002   13.720124675131576        2.2015899147889257        1.0000000000000000     
   8650.0051999999996        1.2174228000000000E-002   14.239097846036312        2.1880793948288808        3.5000000000000000     
   660.00409000000002        1.1854968000000000E-002   14.256876758625950        2.1754987310597387        1.0000000000000000     
   880.00519999999995        1.2199741000000000E-002   13.790449194190220        2.0952002000900327        3.0000000000000000     
   620.00432000000001        1.1808740000000000E-002   13.792411593863854        1.9918333631518161        1.0000000000000000     
   6250.0051999999996        1.1958988000000000E-002   13.724893592825147        1.9341379310522986        3.5000000000000000     
   940.00519999999995        1.2004842999999999E-002   13.729850128550837        1.8251101379795678        3.0000000000000000     
   680.00469999999996        1.2129719000000001E-002   13.773220925493323        1.7063941728145358        2.0000000000000000     
   900.00519999999995        1.2137544000000000E-002   13.785663365396092        1.6214636114010119        3.0000000000000000     
   740.00469999999996        1.2003358000000000E-002   14.251143154864796        1.5771039630073502        2.0000000000000000     
   920.00519999999995        1.2072658000000000E-002   13.765728192594011        1.5040615835086604        3.0000000000000000     
   640.00432000000001        1.1784441000000000E-002   14.058775212656622        1.2480052587130583        1.0000000000000000     
   3250.0052000000001        1.2136358000000000E-002   14.155043553981630        1.0658002004568505        3.5000000000000000     
   2600.0052000000001        1.2064175999999999E-002   13.832405737608001       0.80515987834306180        3.5000000000000000     
   6650.0051999999996        1.2091190000000000E-002   14.093628411946174       0.42704739456117935        3.5000000000000000     
   640.00409000000002        1.1878366000000000E-002   13.989175443894171       0.37280004287235385        1.0000000000000000     
   720.00469999999996        1.2046728000000000E-002   14.099746590012106       0.30332220042121244        2.0000000000000000     
   700.00469999999996        1.2088823000000000E-002   13.940237873174759       0.28652593559623052        2.0000000000000000     
