  #time	ai	proti	chi2	massp                                                                                                                                                                              
   4900.0051999999996        1.2565270000000000E-002   16.915621217796740        99.728368243858782        3.0000000000000000     
   700.00521000000003        1.3986723000000000E-002   15.178309677583606        99.471570458102306        2.0000000000000000     
   700.00473999999997        1.1378821000000001E-002   13.105900345692135        99.336919076660507        2.0000000000000000     
   240.00521000000001        1.0239976000000000E-002   14.066542557134726        99.225685218918244        1.5000000000000000     
   620.00522000000001        1.3525082000000001E-002   13.719526755154732        99.137172653435869        2.5000000000000000     
   8400.0051999999996        1.3028222000000001E-002   16.705331575331392        99.134905746318509        3.5000000000000000     
   880.00521000000003        1.1280488000000000E-002   13.146825890482953        98.798793053395727        2.5000000000000000     
   540.00519999999995        1.2776457000000000E-002   13.175566887826591        98.286039622634647       0.50000000000000000     
   8300.0051999999996        1.0252481000000001E-002   14.069725612898013        97.980830478995983        2.0000000000000000     
   600.00469999999996        1.2282627000000001E-002   13.041234761966560        97.915979213714536        2.0000000000000000     
   820.00496999999996        1.0927724999999999E-002   13.337649852199137        97.829541631350821        2.0000000000000000     
   680.00519999999995        1.2711212000000000E-002   13.154140234226325        97.825517696498196        3.0000000000000000     
   760.00521000000003        1.3912664999999999E-002   15.484531378535294        97.326455921145794        2.5000000000000000     
   1050.0052000000001        1.2911104000000000E-002   16.748945849423727        97.223050845337610        2.5000000000000000     
   700.00521000000003        1.3970020000000000E-002   14.914792046373293        97.205984790710559        2.5000000000000000     
   740.00496999999996        1.1238690000000001E-002   13.181744999467231        97.141102345447877        2.0000000000000000     
   400.00520999999998        1.3089382000000000E-002   13.358184269630307        97.057800350981722        1.0000000000000000     
   2350.0052000000001        1.1151924000000001E-002   16.776570331945788        96.885874710062964        2.0000000000000000     
   840.00473999999997        1.0847338000000000E-002   13.407687486515906        96.602220460187141        2.0000000000000000     
   9800.0051999999996        1.2718261000000000E-002   16.827259733228175        96.369423083929590        3.0000000000000000     
   620.00521000000003        1.3514040000000000E-002   13.752622048511704        96.206723622644233        2.5000000000000000     
   700.00521000000003        1.2600264999999999E-002   13.134774444898882        95.984608903695417        3.0000000000000000     
   3400.0052000000001        1.1103752000000000E-002   16.742377516660412        95.978495954389572        2.0000000000000000     
   10300.004999999999        1.1406826000000000E-002   13.133737571685355        95.869768989813565        3.0000000000000000     
   580.00473000000000        1.3358917999999999E-002   13.591737912316150        95.746506813216655        1.5000000000000000     
   740.00521000000003        1.3932066999999999E-002   15.297332186589648        95.532237690939382        2.5000000000000000     
   720.00521000000003        1.3951181999999999E-002   15.107346320041211        95.465865538960287        2.5000000000000000     
   1300.0052000000001        1.2373093999999999E-002   16.917218456611401        95.373141017378714        2.5000000000000000     
   720.00521000000003        1.1856172999999999E-002   13.052391864402907        95.346588594316160        2.5000000000000000     
   2500.0052000000001        1.0266994000000000E-002   14.100638117561470        95.304042981342405        2.0000000000000000     
   580.00519999999995        1.3625524999999999E-002   13.918893811221530        95.278055392731417        1.5000000000000000     
   1000.0051999999999        1.2983348000000000E-002   16.684126233231751        95.081360572280133        2.5000000000000000     
   520.00521000000003        1.2252196000000000E-002   16.931190124634746        94.827450299215826        2.0000000000000000     
   500.00520999999998        1.2288825999999999E-002   16.925675584985861        94.791170264690862        2.0000000000000000     
   540.00521000000003        1.2214700000000000E-002   16.932508014286814        94.517080157809119        2.0000000000000000     
   820.00473000000000        1.3164339000000001E-002   16.556168285512566        94.433625902000585        1.5000000000000000     
   480.00520999999998        1.2324639000000000E-002   16.915922619919108        94.403746544157983        2.0000000000000000     
   800.00496999999996        1.1012040000000001E-002   13.329621845351173        94.155702682240729        2.0000000000000000     
   760.00496999999996        1.1167053000000000E-002   13.249728421225511        93.931281200764118        2.0000000000000000     
   560.00521000000003        1.2176285000000000E-002   16.929583546574566        93.859223876090667        2.0000000000000000     
   460.00520999999998        1.2359680000000000E-002   16.901776963340414        93.653130486021936        2.0000000000000000     
   6500.0051999999996        1.1274398000000000E-002   13.205956225332896        93.627281462629398        3.0000000000000000     
   780.00496999999996        1.1091646000000000E-002   13.299629331037480        92.909183917642252        2.0000000000000000     
   580.00521000000003        1.2136894000000001E-002   16.922304950136748        92.849904484396305        2.0000000000000000     
   720.00473999999997        1.1313922000000001E-002   13.202294809205670        92.561172564033086        2.0000000000000000     
   440.00520999999998        1.2393993000000001E-002   16.882934165528944        92.516786448642733        2.0000000000000000     
   5650.0051999999996        1.0292676000000001E-002   14.122238135194147        92.135531414942676        2.0000000000000000     
   760.00519999999995        1.3501866000000000E-002   16.193372788609128        91.993504151716621        1.5000000000000000     
   220.00521000000001        1.0334027000000001E-002   14.051311011279699        91.886923686351977        1.5000000000000000     
   5950.0051999999996        1.3006853000000001E-002   16.627821950483977        91.588930958381226        3.5000000000000000     
   600.00521000000003        1.2096466000000000E-002   16.910505316208305        91.483403602674272        2.0000000000000000     
   200.00521000000001        1.0422381999999999E-002   13.926858298660280        91.012793912642465        1.5000000000000000     
   11000.004999999999        1.2091408999999999E-002   16.905508834775826        90.982985422518340        2.5000000000000000     
   420.00520999999998        1.2427619000000001E-002   16.858888671935865        90.958125251757693        2.0000000000000000     
   860.00521000000003        1.1366026000000000E-002   13.201032532577475        90.955172634467473        2.5000000000000000     
   820.00473999999997        1.0936474999999999E-002   13.427007707822744        90.134754007031944        2.0000000000000000     
   2650.0052000000001        1.0778348000000000E-002   13.546849285014433        90.102015550979303        2.5000000000000000     
   620.00521000000003        1.2054936000000000E-002   16.893974749924126        89.753955267338142        2.0000000000000000     
   860.00432000000001        1.1481029000000000E-002   16.819190440409212        89.469616807389926        1.0000000000000000     
   2200.0052000000001        1.2671774000000000E-002   16.767974244627677        89.425329159732669        3.0000000000000000     
   740.00521000000003        1.1795346000000000E-002   13.120674813661225        89.343657814541771        2.5000000000000000     
   400.00520999999998        1.2460595000000000E-002   16.828859800075278        88.921895834858191        2.0000000000000000     
   980.00521000000003        1.3016995000000000E-002   16.587531106140759        88.863345503405341        2.5000000000000000     
   220.00521000000001        1.3406125000000000E-002   16.248686349297692        88.410129199375291        1.0000000000000000     
   820.00472000000002        1.3011330999999999E-002   16.584948112869267        88.371272221483281        1.5000000000000000     
   740.00473999999997        1.1245965000000000E-002   13.283652436660898        87.860442008461206        2.0000000000000000     
   6200.0051999999996        1.2526738000000001E-002   16.797782540619199        87.736872542389051        3.0000000000000000     
   640.00521000000003        1.2012233000000001E-002   16.872463470163627        87.656724722581828        2.0000000000000000     
   1150.0052000000001        1.2939028000000000E-002   16.613502140940181        87.129067764161391        3.0000000000000000     
   780.00519999999995        1.2690821000000000E-002   16.734009724909619        87.100582865617255       0.50000000000000000     
   1600.0052000000001        1.1384358000000001E-002   13.237934904499653        87.097209989041573        3.0000000000000000     
   720.00521000000003        1.2553203000000001E-002   13.224427278802185        86.467299224409672        3.0000000000000000     
   700.00519999999995        1.2667200999999999E-002   13.264536615347367        86.424756665064564        3.0000000000000000     
   11100.004999999999        1.2064638000000001E-002   16.858053892919017        86.413555933953404        2.5000000000000000     
   380.00520999999998        1.2492958000000000E-002   16.791915232578276        86.349192677344135        2.0000000000000000     
   640.00522000000001        1.3501821000000001E-002   13.906259815073616        86.293349661699949        2.5000000000000000     
   140.00521000000001        1.3630659999999999E-002   14.110516433681658        86.255829027949403       0.50000000000000000     
   800.00473999999997        1.1020354000000000E-002   13.422099416187844        86.236912799956258        2.0000000000000000     
   840.00521000000003        1.1446847000000000E-002   13.233306163449305        85.679631898882974        2.5000000000000000     
   1050.0052000000001        1.1564738999999999E-002   13.204383476007099        85.342268820986959        3.0000000000000000     
   760.00473999999997        1.1174636000000000E-002   13.348512495230047        85.215916601063213        2.0000000000000000     
   660.00521000000003        1.1968278000000001E-002   16.845689232928244        85.189373208960845        2.0000000000000000     
   780.00405999999998        1.2731322999999999E-002   16.694385101194637        85.144353573517748       0.50000000000000000     
   860.00409000000002        1.1593287000000001E-002   16.799905586626096        85.126887423623245        1.0000000000000000     
   760.00521000000003        1.1731917999999999E-002   13.175245113195622        85.039956500945920        2.5000000000000000     
   760.00405999999998        1.3199532999999999E-002   16.398047666094392        84.835417730238305       0.50000000000000000     
   780.00473999999997        1.1099573999999999E-002   13.395260847333448        84.648867344844646        2.0000000000000000     
   1000.0051999999999        1.2998182000000000E-002   16.543477573324306        84.467257595526149        2.5000000000000000     
   7350.0051999999996        1.2989773000000000E-002   16.546686923308577        84.297275211613652        3.5000000000000000     
   11800.004999999999        1.0397741000000000E-002   14.107158908159409        84.109980607757393        2.0000000000000000     
   1350.0052000000001        1.2214414999999999E-002   16.820093735417220        83.967872538135580        2.5000000000000000     
   680.00521000000003        1.2919966000000000E-002   16.583908787230310        83.877611385371878        1.0000000000000000     
   1000.0051999999999        1.1668253000000000E-002   13.203436985713614        83.442366142004033        3.0000000000000000     
   360.00520999999998        1.2524735000000000E-002   16.747832255738015        83.256608432282292        2.0000000000000000     
   640.00521000000003        1.3490640000000000E-002   13.949264637459535        83.151312276380352        2.5000000000000000     
   580.00409000000002        1.1946099000000000E-002   13.178881269391573        82.984466252050751        1.0000000000000000     
   820.00521000000003        1.1523451000000001E-002   13.245386469919682        82.644187726611179        2.5000000000000000     
   220.00521000000001        1.1767847999999999E-002   16.802951975331517        82.613257057557675        1.0000000000000000     
   960.00521000000003        1.3049849000000001E-002   16.482847299733102        82.525475682082458        2.5000000000000000     
   780.00521000000003        1.1665648000000001E-002   13.215018756667360        82.448730241164938        2.5000000000000000     
   680.00521000000003        1.1922989000000000E-002   16.813336547126550        82.353000739245076        2.0000000000000000     
   600.00519999999995        1.3612411000000000E-002   14.174083179518512        82.050198457559560        1.5000000000000000     
   6950.0051999999996        1.1887392000000000E-002   16.806289209359921        81.884029322982627        2.5000000000000000     
   2650.0052000000001        1.1824967000000000E-002   13.201038523447579        81.672471257710555        3.5000000000000000     
   800.00521000000003        1.1596264000000000E-002   13.238824166872293        81.618574717140078        2.5000000000000000     
   580.00472000000002        1.3221706000000000E-002   13.668950369247169        81.606467314335916        1.5000000000000000     
   4750.0051999999996        1.1058525000000000E-002   16.535651771157227        81.115037809653757        2.0000000000000000     
   11200.004999999999        1.3114071000000000E-002   16.414133875510533        81.023220350447474        3.5000000000000000     
   580.00405999999998        1.3248767000000000E-002   13.710753939785443        80.539361333003626       0.50000000000000000     
   740.00519999999995        1.3516281999999999E-002   15.944649391303466        79.786841639510016        1.5000000000000000     
   620.00469999999996        1.2245881000000000E-002   13.232764849576576        79.589436325786068        2.0000000000000000     
   340.00520999999998        1.2555950000000000E-002   16.694696300683319        79.526897101841115        2.0000000000000000     
   700.00521000000003        1.1876273999999999E-002   16.775058744189536        79.153539381775246        2.0000000000000000     
   420.00520999999998        1.3077975000000000E-002   13.585877189363947        79.044335582497979        1.0000000000000000     
   980.00522000000001        1.3031549999999999E-002   16.447497349500594        78.983599265764866        2.5000000000000000     
   600.00473000000000        1.3343845000000000E-002   13.844411902286883        78.532582176160176        1.5000000000000000     
   1350.0052000000001        1.2237434000000000E-002   16.755435564344882        78.448220898341773        2.5000000000000000     
   800.00473000000000        1.3181830000000000E-002   16.318252764489785        78.362812969077851        1.5000000000000000     
   6750.0051999999996        1.1876962000000000E-002   16.765736731160587        78.324111526501710        2.5000000000000000     
   560.00405999999998        1.2808417000000001E-002   13.425869158133519        78.285647809424603       0.50000000000000000     
   740.00521000000003        1.2504632000000000E-002   13.304822079300559        78.207039136906630        3.0000000000000000     
   6400.0051999999996        1.2953612999999999E-002   16.486082126341191        77.945445503218593        3.5000000000000000     
   2650.0052000000001        1.1026632999999999E-002   16.461290837407745        77.070355310267104        2.0000000000000000     
   580.00432000000001        1.1856014000000000E-002   13.255897522687512        76.565633248888446        1.0000000000000000     
   720.00519999999995        1.2621873000000000E-002   13.366075498142425        76.410881146875781        3.0000000000000000     
   7100.0051999999996        1.1881401000000000E-002   16.742474650647619        76.257088529371472        2.5000000000000000     
   2300.0052000000001        1.3067258000000000E-002   16.381909554032934        76.217841368197668        3.5000000000000000     
   940.00521000000003        1.3081941999999999E-002   16.370354121879679        76.211722847383427        2.5000000000000000     
   9750.0051999999996        1.3114509000000000E-002   16.343922693256335        76.206463136531269        3.5000000000000000     
   720.00521000000003        1.1828030999999999E-002   16.730477115323062        75.603107396685559        2.0000000000000000     
   3000.0052000000001        1.2977034000000000E-002   16.436858941267658        75.478976023956179        3.5000000000000000     
   660.00522000000001        1.3478171000000001E-002   14.090310040314217        75.313135343164845        2.5000000000000000     
   320.00520999999998        1.2586620000000000E-002   16.623988203508933        74.536516208098575        2.0000000000000000     
   11300.004999999999        1.0964623000000000E-002   13.626473008652525        73.964548150674233        2.5000000000000000     
   6100.0051999999996        1.2949321999999999E-002   16.430270979581056        73.672182982074034        3.5000000000000000     
   560.00519999999995        1.2769641000000000E-002   13.467542603498080        73.519322522845187       0.50000000000000000     
   960.00522000000001        1.3064134999999999E-002   16.344041706328607        73.470785248804560        2.5000000000000000     
   980.00521000000003        1.1751955000000000E-002   13.308003334585212        73.109473889716867        3.0000000000000000     
   800.00472000000002        1.3030323999999999E-002   16.352700514654206        72.284155660610210        1.5000000000000000     
   660.00521000000003        1.3466845999999999E-002   14.142865221991373        72.157932555064590        2.5000000000000000     
   620.00519999999995        1.3599154000000000E-002   14.429016273804631        72.082901269626603        1.5000000000000000     
   3200.0052000000001        1.1879964999999999E-002   16.689592485038144        71.728277059324469        2.5000000000000000     
   740.00521000000003        1.1778151000000001E-002   16.679179599029158        71.721525576285842        2.0000000000000000     
   160.00521000000001        1.3626368999999999E-002   15.463860246016299        71.506064480583348       0.50000000000000000     
   4050.0052000000001        1.0879546000000000E-002   13.735994533854763        71.328175009364713        2.5000000000000000     
   760.00521000000003        1.2454448999999999E-002   13.375375191724363        71.148239825992420        3.0000000000000000     
   1200.0052000000001        1.2825596000000000E-002   16.467806372937904        70.901606847078000        3.0000000000000000     
   720.00519999999995        1.3530517000000001E-002   15.694525262220305        70.621193278193530        1.5000000000000000     
   920.00521000000003        1.3113306999999999E-002   16.250337320451010        70.069897679818865        2.5000000000000000     
   2850.0052000000001        1.0420260000000001E-002   14.459732672119561        69.686684264083496        2.0000000000000000     
   7000.0051999999996        1.1345846999999999E-002   13.467641120431225        69.400995871071956        3.0000000000000000     
   840.00432000000001        1.1511842000000000E-002   16.587109631400942        68.930378800497508        1.0000000000000000     
   300.00520999999998        1.2616765000000000E-002   16.535614548210773        68.462776371093554        2.0000000000000000     
   5200.0051999999996        1.1361445000000000E-002   13.477505093333592        68.143579509250941        3.0000000000000000     
   940.00522000000001        1.3095972000000001E-002   16.233387903948124        68.060009043508302        2.5000000000000000     
   9950.0051999999996        1.1205214000000000E-002   16.445318509314866        68.015758720603003        2.0000000000000000     
   740.00519999999995        1.2575144000000000E-002   13.458206749866209        67.697924819079518        3.0000000000000000     
   1850.0052000000001        1.1935101000000000E-002   16.643338043051084        67.619293091745362        2.5000000000000000     
   760.00521000000003        1.1726510000000001E-002   16.620716511235560        67.537967884705083        2.0000000000000000     
   660.00521000000003        1.2932885999999999E-002   16.351854443264671        67.444667856910883        1.0000000000000000     
   200.00521000000001        1.3415794999999999E-002   15.827817151541828        67.243919981586856        1.0000000000000000     
   1150.0047000000000        1.0572702000000000E-002   14.196106279216012        67.085619469682342        2.0000000000000000     
   740.00405999999998        1.3205178000000000E-002   16.096779619438596        66.384489570851201       0.50000000000000000     
   680.00522000000001        1.3454117000000000E-002   14.271423939124530        66.131985429534382        2.5000000000000000     
   600.00472000000002        1.3205477000000000E-002   13.918945760506032        65.546327621203091        1.5000000000000000     
   6400.0051999999996        1.1851858000000000E-002   13.389561155715853        65.386481178983729        3.5000000000000000     
   640.00519999999995        1.3585745999999999E-002   14.683547506350228        65.368317032912074        1.5000000000000000     
   960.00521000000003        1.1831239000000000E-002   13.392718693584699        65.295834938052423        3.0000000000000000     
   780.00521000000003        1.2402539000000001E-002   13.435483114714931        65.243766652559827        3.0000000000000000     
   780.00473000000000        1.3199064000000000E-002   16.077999418881877        64.995931530359229        1.5000000000000000     
   700.00519999999995        1.3544575000000000E-002   15.443180935352013        64.553034669183461        1.5000000000000000     
   620.00473000000000        1.3328586999999999E-002   14.096645029253839        64.529842115078864        1.5000000000000000     
   840.00409000000002        1.1622074000000000E-002   16.561193450687355        64.503824663085737        1.0000000000000000     
   900.00521000000003        1.3143975000000000E-002   16.123090535377784        64.250279495238573        2.5000000000000000     
   3850.0052000000001        1.1850227000000000E-002   16.591782993795956        63.905124412201324        2.5000000000000000     
   760.00519999999995        1.2698312000000000E-002   16.434455617249707        63.632563262943343       0.50000000000000000     
   440.00520999999998        1.3066479000000001E-002   13.813745743167280        63.614415870552328        1.0000000000000000     
   640.00469999999996        1.2208185999999999E-002   13.418944848409270        63.576918266486516        2.0000000000000000     
   600.00405999999998        1.3243459000000001E-002   14.005919928947241        63.359638025371382       0.50000000000000000     
   11200.004999999999        1.1018432000000000E-002   13.747804736907337        63.286717937119079        2.5000000000000000     
   680.00521000000003        1.3442641999999999E-002   14.333148018983410        63.147689916219619        2.5000000000000000     
   780.00521000000003        1.1672975000000000E-002   16.554598923589218        63.093077430687472        2.0000000000000000     
   920.00522000000001        1.3127091000000000E-002   16.115819811319753        62.884700017295856        2.5000000000000000     
   2750.0052000000001        1.0446937000000000E-002   14.681484293224198        62.836426406827712        2.0000000000000000     
   2750.0052000000001        1.1008010000000000E-002   16.235928152674077        62.789064071671433        2.0000000000000000     
   8450.0051999999996        1.2889510000000000E-002   16.304961788599719        62.353832475761401        3.5000000000000000     
   11700.004999999999        1.1116958999999999E-002   16.308475331290722        62.296727216236121        2.0000000000000000     
   760.00405999999998        1.2738647000000001E-002   16.394560106160640        62.259931247757081       0.50000000000000000     
   6750.0051999999996        1.2414295000000001E-002   16.522716179667860        62.257621260442399        3.0000000000000000     
   660.00519999999995        1.3572183999999999E-002   14.937525062560372        61.891644310792813        1.5000000000000000     
   680.00519999999995        1.3558462000000000E-002   15.190790953377904        61.630127874087613        1.5000000000000000     
   280.00520999999998        1.2646401000000000E-002   16.430292881185842        61.589298472873161        2.0000000000000000     
   6700.0051999999996        1.1853102000000001E-002   13.437868704515500        61.545828377527641        3.5000000000000000     
   1400.0052000000001        1.2063463000000000E-002   16.564190093407664        61.267953199252588        2.5000000000000000     
   160.00521000000001        1.3434931000000001E-002   14.386438297589709        60.887125755927265        1.0000000000000000     
   800.00521000000003        1.2348777999999999E-002   13.484519740377884        60.458161207199616        3.0000000000000000     
   600.00409000000002        1.1923914000000001E-002   13.449954147371701        60.210778833359164        1.0000000000000000     
   760.00519999999995        1.2526921000000000E-002   13.540366634042591        60.204381344756740        3.0000000000000000     
   8200.0051999999996        1.0894571000000000E-002   16.084491068406166        59.952354454547482        2.0000000000000000     
   1650.0052000000001        1.0958472000000000E-002   13.855178873314053        59.884900065970655        2.5000000000000000     
   940.00521000000003        1.1906549000000001E-002   13.458852101664414        59.596746590045854        3.0000000000000000     
   4950.0051999999996        1.2413960999999999E-002   16.481210379161698        59.133696003238548        3.0000000000000000     
   880.00521000000003        1.3173974000000000E-002   15.988910945342852        58.903996274578589        2.5000000000000000     
   780.00472000000002        1.3049020000000000E-002   16.117765388676158        58.746061072160359        1.5000000000000000     
   6950.0051999999996        1.0921363999999999E-002   13.911254031157666        58.720585715561157        2.5000000000000000     
   700.00522000000001        1.3429642000000000E-002   14.449341448120860        58.677529578753635        2.5000000000000000     
   10000.004999999999        1.2059706999999999E-002   13.470867286234506        58.545292816293824        3.5000000000000000     
   800.00521000000003        1.1617393000000000E-002   16.480291574909760        58.441280132230958        2.0000000000000000     
   4850.0051999999996        1.0490833999999999E-002   14.763932880560562        58.332745346218729        2.0000000000000000     
   5550.0051999999996        1.0923257000000000E-002   16.083106952690780        58.312404565774187        2.0000000000000000     
   900.00522000000001        1.3157523000000001E-002   15.991624220602302        58.079453220108661        2.5000000000000000     
   1400.0052000000001        1.2088593999999999E-002   16.520261038931420        57.976061371161570        2.5000000000000000     
   6000.0051999999996        1.2869268000000000E-002   16.245022515466687        57.642697795611554        3.5000000000000000     
   7300.0051999999996        1.0933353999999999E-002   13.920811396420055        57.559543854669052        2.5000000000000000     
   3400.0052000000001        1.0936934000000001E-002   13.920586758245914        57.381057230108112        2.5000000000000000     
   580.00405999999998        1.2801696000000000E-002   13.719042245245396        57.089230736337583       0.50000000000000000     
   2400.0052000000001        1.0908688000000000E-002   16.043933519085890        57.018977532725565        2.0000000000000000     
   820.00521000000003        1.2293025000000001E-002   13.521834771879531        56.770900786759576        3.0000000000000000     
   2450.0052000000001        1.1791217000000000E-002   16.490969095192927        56.664477996538913        2.5000000000000000     
   2250.0052000000001        1.2527636000000000E-002   16.407206150389527        56.465721331015615        3.0000000000000000     
   1000.0051999999999        1.1780842999999999E-002   13.517576754727445        56.140210142678420        3.0000000000000000     
   700.00521000000003        1.3418011000000001E-002   14.519830854956799        56.032942467328141        2.5000000000000000     
   3450.0052000000001        1.0852818000000000E-002   15.955835848465794        55.741218739987971        2.0000000000000000     
   920.00521000000003        1.1978264000000001E-002   13.507530119096817        55.698468318484082        3.0000000000000000     
   600.00432000000001        1.1832591000000000E-002   13.524707639404719        55.112831476584908        1.0000000000000000     
   760.00473000000000        1.3216047999999999E-002   15.835625755291963        54.426079877876688        1.5000000000000000     
   3300.0052000000001        1.1906536000000001E-002   13.527713586927028        54.409068431407682        3.5000000000000000     
   860.00521000000003        1.3203332000000000E-002   15.848101851250506        54.182117601048333        2.5000000000000000     
   840.00521000000003        1.2235126000000001E-002   13.546748848797650        54.180577104986689        3.0000000000000000     
   7150.0051999999996        1.0940549000000001E-002   13.983664507795561        53.884357001043803        2.5000000000000000     
   780.00519999999995        1.2477103000000000E-002   13.611977819532132        53.855820004078794        3.0000000000000000     
   880.00522000000001        1.3187295999999999E-002   15.861091261445182        53.778750031952356        2.5000000000000000     
   640.00473000000000        1.3313139000000000E-002   14.348277674355177        53.726902438182108        1.5000000000000000     
   640.00521000000003        1.2945661000000001E-002   16.119683565507341        53.699150540197053        1.0000000000000000     
   820.00521000000003        1.1559598000000001E-002   16.397206878343699        53.653523352865328        2.0000000000000000     
   900.00521000000003        1.2046711000000000E-002   13.539767136559053        53.361546738932283        3.0000000000000000     
   1250.0052000000001        1.2702985999999999E-002   16.278162290039507        53.197203303889061        3.0000000000000000     
   8700.0051999999996        1.1931552000000000E-002   13.545497306289109        53.006578797595303        3.5000000000000000     
   260.00520999999998        1.2675542999999999E-002   16.289907900359751        53.005517743242507        2.0000000000000000     
   580.00519999999995        1.2762773000000000E-002   13.760599648383682        52.948396618301643       0.50000000000000000     
   720.00522000000001        1.3404727999999999E-002   14.623795299490645        52.869770653723307        2.5000000000000000     
   860.00521000000003        1.2174908000000000E-002   13.558550447425574        52.709239017602940        3.0000000000000000     
   620.00472000000002        1.3189038000000000E-002   14.168299473244650        52.638429561646348        1.5000000000000000     
   720.00405999999998        1.3210777000000000E-002   15.795985706503405        52.489356096794111       0.50000000000000000     
   880.00521000000003        1.2112176000000001E-002   13.556489003150075        52.407684788465538        3.0000000000000000     
   3500.0052000000001        1.0553247000000000E-002   15.023008223307107        52.340593177124852        2.0000000000000000     
   1650.0052000000001        1.1007464000000000E-002   13.948185613350015        52.286030801550375        2.5000000000000000     
   180.00521000000001        1.3425400000000001E-002   15.244067939999024        52.283360505337072        1.0000000000000000     
   1050.0052000000001        1.0642309000000001E-002   14.508915413741585        52.112225207173914        2.0000000000000000     
   7400.0051999999996        1.2850683000000000E-002   16.163459149343080        51.932468872501246        3.5000000000000000     
   820.00432000000001        1.1541915999999999E-002   16.350154108262327        50.818925584714115        1.0000000000000000     
   460.00520999999998        1.3054892000000000E-002   14.042043821210827        50.761930025465020        1.0000000000000000     
   720.00521000000003        1.3392935999999999E-002   14.702624678395672        50.717571934762958        2.5000000000000000     
   620.00405999999998        1.3238114000000000E-002   14.302116435527861        50.499195237283132       0.50000000000000000     
   9850.0051999999996        1.2538419000000000E-002   16.313136795293193        50.355580649290530        3.0000000000000000     
   840.00521000000003        1.3232076000000001E-002   15.700968849256608        50.234216486423193        2.5000000000000000     
   860.00522000000001        1.3216436000000000E-002   15.724513393571012        50.115906466938249        2.5000000000000000     
   140.00521000000001        1.1862444000000000E-002   13.591656623413872        50.058816533879209        1.0000000000000000     
   660.00469999999996        1.2169485000000001E-002   13.599272532563566        49.769063655848342        2.0000000000000000     
   2350.0052000000001        1.2933218999999999E-002   16.055024412389255        49.599355588187017        3.5000000000000000     
   8250.0051999999996        1.0608047000000001E-002   15.181430133341530        49.261253610118430        2.0000000000000000     
   4800.0051999999996        1.0800544000000000E-002   15.727457728545730        49.197237491866318        2.0000000000000000     
   980.00519999999995        1.1859277000000000E-002   13.606761282976152        49.022925712352041        3.0000000000000000     
   6250.0051999999996        1.2371628000000001E-002   16.349554571757551        48.985121630864590        3.0000000000000000     
   2700.0052000000001        1.0763829000000001E-002   15.653959570904437        48.894548152005399        2.0000000000000000     
   840.00521000000003        1.1499399000000000E-002   16.304696752877774        48.820873502543492        2.0000000000000000     
   740.00522000000001        1.3379357999999999E-002   14.794512747570666        48.621339948635779        2.5000000000000000     
   800.00519999999995        1.2425577000000000E-002   13.672447996039253        48.587751569412305        3.0000000000000000     
   2450.0052000000001        1.0621154000000001E-002   15.173502859308321        48.282990726613640        2.0000000000000000     
   200.00521000000001        1.1792073000000000E-002   16.368772626969555        47.919302200467186        1.0000000000000000     
   760.00472000000002        1.3067429000000000E-002   15.880376587358505        47.861691001972503        1.5000000000000000     
   840.00522000000001        1.3244970000000000E-002   15.582184132378941        47.222218327568719        2.5000000000000000     
   820.00521000000003        1.3260229000000000E-002   15.547819684143411        47.207090251839489        2.5000000000000000     
   5600.0051999999996        1.0640375000000001E-002   15.199174040783943        47.206263284076599        2.0000000000000000     
   740.00521000000003        1.3367398000000001E-002   14.881235791891140        47.097058039511616        2.5000000000000000     
   740.00473000000000        1.3232789999999999E-002   15.591342835856999        46.736439999580803        1.5000000000000000     
   820.00409000000002        1.1650208000000000E-002   16.318110692274832        46.494254868901976        1.0000000000000000     
   660.00473000000000        1.3297493000000001E-002   14.599142503442563        46.104372446585863        1.5000000000000000     
   6450.0051999999996        1.2811102000000000E-002   16.089101169178608        46.100695224991625        3.5000000000000000     
   2050.0052000000001        1.1005354000000000E-002   14.079049286543613        45.936772665991718        2.5000000000000000     
   760.00522000000001        1.3353512000000000E-002   14.961216355242446        45.837474944000348        2.5000000000000000     
   3050.0052000000001        1.2837387000000000E-002   16.061216572216683        45.684940069549825        3.5000000000000000     
   800.00521000000003        1.3287815000000000E-002   15.388963759854130        45.244008999720279        2.5000000000000000     
   820.00522000000001        1.3272921999999999E-002   15.434397534173437        45.225792800555197        2.5000000000000000     
   760.00521000000003        1.3341379000000000E-002   15.055364724393820        45.059074129125449        2.5000000000000000     
   7650.0051999999996        1.1936878999999999E-002   13.663421552263618        44.760653863889544        3.5000000000000000     
   740.00519999999995        1.2705733000000000E-002   16.135143880772027        44.665267102635241       0.50000000000000000     
   780.00521000000003        1.3314858000000001E-002   15.224709432538237        44.483649376993512        2.5000000000000000     
   780.00522000000001        1.3327171000000001E-002   15.123622705848765        44.416638129486650        2.5000000000000000     
   820.00519999999995        1.2372222000000000E-002   13.721168442155836        44.348983222080186        3.0000000000000000     
   2800.0052000000001        1.0742053000000000E-002   15.433457773291796        44.257909259694486        2.0000000000000000     
   800.00522000000001        1.3300314000000001E-002   15.281446426150774        44.250716811389445        2.5000000000000000     
   860.00521000000003        1.1436583000000000E-002   16.202042663365500        44.058631335415200        2.0000000000000000     
   740.00405999999998        1.2745902999999999E-002   16.094997620268767        43.884776654498282       0.50000000000000000     
   960.00519999999995        1.1933821000000001E-002   13.677173018352940        43.856270787138115        3.0000000000000000     
   240.00521000000001        1.2704207000000000E-002   16.108826471416283        43.135090774399991        2.0000000000000000     
   700.00405999999998        1.3216331000000000E-002   15.495754208625289        43.130835108869171       0.50000000000000000     
   6150.0051999999996        1.2807054000000000E-002   16.034394984805957        43.032728613207695        3.5000000000000000     
   640.00472000000002        1.3172382999999999E-002   14.416839732824405        42.863946380273170        1.5000000000000000     
   620.00521000000003        1.2958295000000000E-002   15.887514122635933        42.650266195659945        1.0000000000000000     
   640.00405999999998        1.3232730000000000E-002   14.599273219017592        42.005131947215858       0.50000000000000000     
   720.00473000000000        1.3249298000000000E-002   15.345356310139415        42.000413726451406        1.5000000000000000     
   9800.0051999999996        1.2946328000000000E-002   15.879568975121762        41.729457194268790        3.5000000000000000     
   680.00473000000000        1.3281642000000000E-002   14.849065638077386        41.634687002137575        1.5000000000000000     
   620.00409000000002        1.1901342000000001E-002   13.720124675131576        41.195354996105380        1.0000000000000000     
   840.00519999999995        1.2316901999999999E-002   13.757511967138873        41.105083711824527        3.0000000000000000     
   6250.0051999999996        1.1958988000000000E-002   13.724893592825147        40.689457134796427        3.5000000000000000     
   480.00520999999998        1.3043206999999999E-002   14.270897984725600        40.496765816703885        1.0000000000000000     
   940.00519999999995        1.2004842999999999E-002   13.729850128550837        40.332602562825031        3.0000000000000000     
   700.00473000000000        1.3265580000000001E-002   15.097865788520455        40.281763240040512        1.5000000000000000     
   7000.0051999999996        1.1696481999999999E-002   16.232229127431836        40.262793955459315        2.5000000000000000     
   600.00405999999998        1.2794923999999999E-002   14.013242810275377        40.139848003937573       0.50000000000000000     
   740.00472000000002        1.3085562000000000E-002   15.640761754863231        39.725513241083618        1.5000000000000000     
   880.00521000000003        1.1370906000000000E-002   16.088441608015074        39.511609489572947        2.0000000000000000     
   11800.004999999999        1.0858367000000001E-002   15.518550754828036        39.305521246439966        2.0000000000000000     
   860.00519999999995        1.2259463999999999E-002   13.780830194532061        38.842413524116900        3.0000000000000000     
   680.00405999999998        1.3221840000000000E-002   15.196170445400599        38.284397588227307       0.50000000000000000     
   920.00519999999995        1.2072658000000000E-002   13.765728192594011        38.217650859657873        3.0000000000000000     
   680.00469999999996        1.2129719000000001E-002   13.773220925493323        38.045346815163192        2.0000000000000000     
   1450.0052000000001        1.1896219000000000E-002   16.228213098721742        37.981946685495295        2.5000000000000000     
   660.00405999999998        1.3227305999999999E-002   14.897316739672579        37.920598634422660       0.50000000000000000     
   2500.0052000000001        1.1558039000000001E-002   13.853963388038615        37.718235305086033        3.0000000000000000     
   6800.0051999999996        1.1684926000000000E-002   16.187084813340096        37.711048563944189        2.5000000000000000     
   880.00519999999995        1.2199741000000000E-002   13.790449194190220        37.572739433265959        3.0000000000000000     
   620.00432000000001        1.1808740000000000E-002   13.792411593863854        37.371252615570270        1.0000000000000000     
   900.00519999999995        1.2137544000000000E-002   13.785663365396092        37.338294277151917        3.0000000000000000     
   600.00519999999995        1.2755851000000000E-002   14.054672968097345        36.623848341982232       0.50000000000000000     
   10000.004999999999        1.0900814999999999E-002   15.506468900609377        36.617961622716130        2.0000000000000000     
   1450.0052000000001        1.1923939000000000E-002   16.206628665620133        36.543449232968726        2.5000000000000000     
   7150.0051999999996        1.1690101000000000E-002   16.168173946499227        36.516693091591065        2.5000000000000000     
   660.00472000000002        1.3155501999999999E-002   14.664385524537325        36.195550306161365        1.5000000000000000     
   1100.0047000000000        1.0845397999999999E-002   14.693683452169385        35.673391760917333        2.0000000000000000     
   900.00521000000003        1.1302090000000001E-002   15.962990233207465        35.360713858126225        2.0000000000000000     
   800.00432000000001        1.1571287000000000E-002   16.108722634473981        35.326517230376126        1.0000000000000000     
   1300.0052000000001        1.2569729999999999E-002   16.041115775334987        35.212857866193943        3.0000000000000000     
   3250.0052000000001        1.1690028000000000E-002   16.132266812713091        34.452768565063771        2.5000000000000000     
   720.00472000000002        1.3103427000000001E-002   15.399143180227192        34.421661985469328        1.5000000000000000     
   600.00521000000003        1.2970793000000000E-002   15.655459200229915        34.301646170679774        1.0000000000000000     
   2600.0052000000001        1.2064175999999999E-002   13.832405737608001        34.184872003150062        3.5000000000000000     
   1900.0052000000001        1.1746599000000000E-002   16.141448525269240        34.177919176375092        2.5000000000000000     
   160.00521000000001        1.2814224000000001E-002   14.180701402964065        33.355273169295813        2.0000000000000000     
   500.00520999999998        1.3031420000000000E-002   14.500353889024584        32.836837473047346        1.0000000000000000     
   680.00472000000002        1.3138388000000001E-002   14.910749554311403        32.597323645949345        1.5000000000000000     
   8500.0051999999996        1.2738037000000001E-002   15.866594990708261        32.392137410724729        3.5000000000000000     
   700.00472000000002        1.3121031999999999E-002   15.155736050276211        32.024163128782163        1.5000000000000000     
   220.00521000000001        1.2732402000000000E-002   15.862170665813364        31.993773788542597        2.0000000000000000     
   10100.004999999999        1.2447423000000001E-002   16.038103774184673        31.946169122575643        3.0000000000000000     
   920.00521000000003        1.1229815000000001E-002   15.824664667493332        31.831418943484831        2.0000000000000000     
   1550.0052000000001        1.1653168000000000E-002   13.931782449153163        31.534528605795170        3.0000000000000000     
   800.00409000000002        1.1677719000000000E-002   16.071021454398686        31.273799245128142        1.0000000000000000     
   1000.0051999999999        1.0897627000000000E-002   15.116185497134776        30.718134046738697        2.0000000000000000     
   6050.0051999999996        1.2720545999999999E-002   15.831754611920632        30.275056954525880        3.5000000000000000     
   720.00519999999995        1.2713085000000001E-002   15.836173708253604        30.191917311332276       0.50000000000000000     
   720.00405999999998        1.2753092000000001E-002   15.795795628484072        30.010956313988324       0.50000000000000000     
   940.00521000000003        1.1153708999999999E-002   15.672293951703123        29.204690922336766        2.0000000000000000     
   6450.0051999999996        1.1558662000000001E-002   14.014990388989490        29.125578623815692        3.0000000000000000     
   2300.0052000000001        1.2371350999999999E-002   16.008929321215923        28.895997926016744        3.0000000000000000     
   3900.0052000000001        1.1655825999999999E-002   16.018297144644357        28.884619803721147        2.5000000000000000     
   580.00521000000003        1.2983161000000000E-002   15.423625484701619        28.651603667460542        1.0000000000000000     
   6800.0051999999996        1.2247241000000001E-002   16.041133821033871        28.627192904138152        3.0000000000000000     
   700.00469999999996        1.2088823000000000E-002   13.940237873174759        28.274631442747737        2.0000000000000000     
   980.00521000000003        1.0988181000000000E-002   15.319776402271938        28.150867122227311        2.0000000000000000     
   960.00521000000003        1.1073336000000000E-002   15.504524300643970        27.831274365893741        2.0000000000000000     
   520.00521000000003        1.3019526999999999E-002   14.730405855235642        27.802908924271314        1.0000000000000000     
   2400.0052000000001        1.2789102000000000E-002   15.697691500862803        27.736385343343798        3.5000000000000000     
   620.00405999999998        1.2788097000000000E-002   14.308400677756246        27.485163026568422       0.50000000000000000     
   2600.0052000000001        1.1096597999999999E-002   14.473331492737252        27.337873077860813        2.5000000000000000     
   5000.0051999999996        1.2248632000000001E-002   16.007129723204478        26.903203092010752        3.0000000000000000     
   7450.0051999999996        1.2700608000000000E-002   15.751180779205180        26.378103517364437        3.5000000000000000     
   12000.004999999999        1.1784996000000001E-002   16.002027366119211        26.257138372002238        2.5000000000000000     
   640.00409000000002        1.1878366000000000E-002   13.989175443894171        25.914027086975935        1.0000000000000000     
   560.00521000000003        1.2995402000000000E-002   15.192113015097464        25.693315028365230        1.0000000000000000     
   12100.004999999999        1.1223075000000001E-002   14.354906876281870        25.493940299709756        2.5000000000000000     
   540.00521000000003        1.3007523000000000E-002   14.961013518219248        25.415564813316035        1.0000000000000000     
   2500.0052000000001        1.1590221000000000E-002   15.909649882741236        24.884543045895079        2.5000000000000000     
   620.00519999999995        1.2748874000000000E-002   14.349691027841518        24.592851071924699       0.50000000000000000     
   640.00432000000001        1.1784441000000000E-002   14.058775212656622        23.309243968405809        1.0000000000000000     
   6350.0051999999996        1.2089094000000000E-002   14.043907346648652        23.051271894669370        3.5000000000000000     
   780.00432000000001        1.1599985000000000E-002   15.863198658270623        22.628097743590608        1.0000000000000000     
   3100.0052000000001        1.2686173000000000E-002   15.652236531423762        22.406147249073118        3.5000000000000000     
   6500.0051999999996        1.2656486000000000E-002   15.659075667952038        21.633865327787561        3.5000000000000000     
   1050.0047000000000        1.1074129000000000E-002   14.999676309659939        21.430931418192415        2.0000000000000000     
   200.00521000000001        1.2760137000000000E-002   15.507822341736176        20.892295276080365        2.0000000000000000     
   6650.0051999999996        1.2091190000000000E-002   14.093628411946174        20.745626191711647        3.5000000000000000     
   700.00405999999998        1.2760216000000000E-002   15.497048647888050        20.624643671496329       0.50000000000000000     
   11300.004999999999        1.2770518000000000E-002   15.472034642926001        20.412867895049207        3.5000000000000000     
   4000.0052000000001        1.1181663000000000E-002   14.621760308439127        20.318518485305976        2.5000000000000000     
   720.00469999999996        1.2046728000000000E-002   14.099746590012106        20.315992103391853        2.0000000000000000     
   700.00519999999995        1.2720369000000000E-002   15.537640673414099        20.199725186855190       0.50000000000000000     
   6200.0051999999996        1.2652762000000000E-002   15.605538941408875        19.819391220175916        3.5000000000000000     
   6300.0051999999996        1.2201539000000001E-002   15.858976124137319        19.461448260545485        3.0000000000000000     
   640.00405999999998        1.2781215000000000E-002   14.604440703565833        19.169101484805029       0.50000000000000000     
   9950.0051999999996        1.2325127000000000E-002   14.187025786350087        19.165865595808196        3.5000000000000000     
   780.00409000000002        1.1704635000000000E-002   15.820276426558953        19.002347088712309        1.0000000000000000     
   1350.0052000000001        1.2423975000000000E-002   15.752393360829915        18.646264056423579        3.0000000000000000     
   1500.0052000000001        1.1708936000000000E-002   15.804879538927205        18.313732731328162        2.5000000000000000     
   3250.0052000000001        1.2136358000000000E-002   14.155043553981630        18.313621987350228        3.5000000000000000     
   1500.0052000000001        1.1739909000000000E-002   15.807315957750459        17.985159197835983        2.5000000000000000     
   9850.0051999999996        1.2761560999999999E-002   15.373044179526577        17.978428543877918        3.5000000000000000     
   6950.0051999999996        1.1620175000000000E-002   14.246311646479757        17.807828880423621        3.0000000000000000     
   5150.0051999999996        1.1630513000000000E-002   14.241608917901704        17.791941658295308        3.0000000000000000     
   1600.0052000000001        1.1250402000000000E-002   14.643662428056079        17.221841284703263        2.5000000000000000     
   640.00519999999995        1.2741839000000000E-002   14.645578461125215        16.898493830013155       0.50000000000000000     
   9900.0051999999996        1.2338844999999999E-002   15.746757497077777        16.811567066217158        3.0000000000000000     
   6900.0051999999996        1.1217751000000000E-002   14.789727837251617        16.403197750666592        2.5000000000000000     
   3350.0052000000001        1.1228781000000000E-002   14.776478465953218        16.118516267634945        2.5000000000000000     
   7250.0051999999996        1.1226264999999999E-002   14.786017699242382        16.111357603626693        2.5000000000000000     
   680.00405999999998        1.2767275999999999E-002   15.198848755412431        15.706332906772984       0.50000000000000000     
   180.00521000000001        1.2787414000000000E-002   14.982395804082605        15.508268660668739        2.0000000000000000     
   7050.0051999999996        1.1481069000000000E-002   15.587479600665953        15.360541681988217        2.5000000000000000     
   180.00521000000001        1.1815920000000001E-002   15.761454734170739        15.342468575582114        1.0000000000000000     
   7100.0051999999996        1.1233285000000001E-002   14.849733015806835        15.260802169783583        2.5000000000000000     
   8650.0051999999996        1.2174228000000000E-002   14.239097846036312        15.233186704238774        3.5000000000000000     
   660.00405999999998        1.2774275999999999E-002   14.901284165007418        15.231204256332997       0.50000000000000000     
   1600.0052000000001        1.1291275000000000E-002   14.701624496105458        14.782977241849157        2.5000000000000000     
   11400.004999999999        1.2346698999999999E-002   14.315707150450432        14.711422316588864        3.5000000000000000     
   680.00519999999995        1.2727588999999999E-002   15.239638060233407        14.670304446720186       0.50000000000000000     
   660.00409000000002        1.1854968000000000E-002   14.256876758625950        14.331660437480402        1.0000000000000000     
   6850.0051999999996        1.1467903999999999E-002   15.536100798757248        14.263255634589726        2.5000000000000000     
   740.00469999999996        1.2003358000000000E-002   14.251143154864796        14.019945848941983        2.0000000000000000     
   7600.0051999999996        1.2160166000000000E-002   14.272695575837735        13.865621462338096        3.5000000000000000     
   1000.0047000000000        1.1271200000000000E-002   15.151472889431838        13.852337559624306        2.0000000000000000     
   7200.0051999999996        1.1474336000000000E-002   15.523424292193262        13.757390908749526        2.5000000000000000     
   660.00519999999995        1.2734745000000000E-002   14.942255044771109        13.579618051388493       0.50000000000000000     
   1950.0052000000001        1.1534404000000000E-002   15.561713492221953        13.307542102738047        2.5000000000000000     
   3300.0052000000001        1.1475600000000001E-002   15.501960898291427        13.174002744958416        2.5000000000000000     
   2000.0052000000001        1.1291191000000001E-002   14.884732166626701        12.892422421987485        2.5000000000000000     
   660.00432000000001        1.1759673999999999E-002   14.323550328185066        12.883518351389263        1.0000000000000000     
   760.00432000000001        1.1628042999999999E-002   15.613949002388075        12.882134578473890        1.0000000000000000     
   2450.0052000000001        1.2633047000000000E-002   15.304761616881736        12.340704120321462        3.5000000000000000     
   8550.0051999999996        1.2571051999999999E-002   15.383144620724313        11.822504979874481        3.5000000000000000     
   2550.0052000000001        1.1361891000000001E-002   15.246124826259930        11.694013618743831        2.5000000000000000     
   6200.0051999999996        1.2182451000000000E-002   14.341341501453810        11.677984346520496        3.5000000000000000     
   980.00469999999996        1.1342989000000000E-002   15.174992273671119        11.557144271561159        2.0000000000000000     
   6100.0051999999996        1.2558557000000000E-002   15.382255991170698        11.452639411076074        3.5000000000000000     
   2550.0052000000001        1.2274512000000000E-002   14.382699293000533        11.410424836422798        3.5000000000000000     
   3950.0052000000001        1.1435811000000001E-002   15.369649236771584        11.373744949423603        2.5000000000000000     
   11100.004999999999        1.1640307000000001E-002   15.568911359375429        11.325979649158860        2.5000000000000000     
   11200.004999999999        1.1604579000000000E-002   15.497168856792776        10.088365998476249        2.5000000000000000     
   760.00409000000002        1.1730980000000000E-002   15.566211670574827        9.8241852599292567        1.0000000000000000     
   10000.004999999999        1.1856887000000000E-002   14.391869446456298        9.7576022733899190        3.0000000000000000     
   7500.0051999999996        1.2537491000000000E-002   15.304148368266883        9.5350704209947423        3.5000000000000000     
   960.00469999999996        1.1411338000000000E-002   15.179314940236736        9.4669203646414477        2.0000000000000000     
   760.00469999999996        1.1958629000000000E-002   14.393797926618614        9.2298125636895225        2.0000000000000000     
   2350.0052000000001        1.2200422000000001E-002   15.566118376258414        9.0164746624906122        3.0000000000000000     
   9900.0051999999996        1.2556332000000000E-002   14.813802887607403        8.6043668372909163        3.5000000000000000     
   1550.0052000000001        1.1496309000000000E-002   15.282848871248245        8.3427029470338319        2.5000000000000000     
   1550.0052000000001        1.1531494999999999E-002   15.311427745184019        7.9121045923719242        2.5000000000000000     
   3150.0052000000001        1.2521129000000001E-002   15.204001590345044        7.8298023996295072        3.5000000000000000     
   940.00469999999996        1.1476559000000001E-002   15.165639522686469        7.5356736245573686        2.0000000000000000     
   2450.0052000000001        1.1799674000000000E-002   14.505036393143723        7.1279868278624887        3.0000000000000000     
   6550.0051999999996        1.2487342000000000E-002   15.189511952329768        6.8354253992279688        3.5000000000000000     
   6850.0051999999996        1.2062546000000000E-002   15.510381728525179        6.6100375840701986        3.0000000000000000     
   680.00409000000002        1.1831130000000000E-002   14.522986006194555        6.4014855461433555        1.0000000000000000     
   1500.0052000000001        1.1883313000000000E-002   14.509430109933824        6.3568666631069934        3.0000000000000000     
   6250.0051999999996        1.2484037999999999E-002   15.137199101984168        6.3279097576435497        3.5000000000000000     
   740.00432000000001        1.1655489000000000E-002   15.361324673121567        6.2310837658290952        1.0000000000000000     
   680.00432000000001        1.1734418000000000E-002   14.586475963993534        6.0383981386621031        1.0000000000000000     
   5050.0051999999996        1.2066159999999999E-002   15.484705466534148        5.9829132026874703        3.0000000000000000     
   1400.0052000000001        1.2263322000000000E-002   15.406439789043070        5.8632944095376418        3.0000000000000000     
   6300.0051999999996        1.2297647000000000E-002   14.620669391296127        5.8121361874118902        3.5000000000000000     
   780.00469999999996        1.1912453000000000E-002   14.527053972309657        5.7835604009548618        2.0000000000000000     
   2500.0052000000001        1.2462613000000001E-002   14.869422903561377        5.7765294046984010        3.5000000000000000     
   920.00469999999996        1.1538925000000000E-002   15.135068495735050        5.7708416090597279        2.0000000000000000     
   3200.0052000000001        1.2339240000000000E-002   14.708583709710830        5.0001808782376802        3.5000000000000000     
   6600.0051999999996        1.2300416999999999E-002   14.671712367801653        4.9505786172837531        3.5000000000000000     
   8600.0051999999996        1.2384848000000000E-002   14.845096874522980        4.3025742038622106        3.5000000000000000     
   900.00469999999996        1.1598673000000000E-002   15.088627247097399        4.2229539440144555        2.0000000000000000     
   7550.0051999999996        1.2358592999999999E-002   14.814763463796467        4.0725379866986913        3.5000000000000000     
   6150.0051999999996        1.2380479000000000E-002   14.888909622863460        3.9276337069913012        3.5000000000000000     
   740.00409000000002        1.1756779000000000E-002   15.309149194878120        3.8682419918830431        1.0000000000000000     
   800.00469999999996        1.1864730000000000E-002   14.650225382121441        3.5160063372624806        2.0000000000000000     
   6400.0051999999996        1.1801102000000001E-002   14.708303774862598        3.1161775406597298        3.0000000000000000     
   880.00469999999996        1.1656013999999999E-002   15.027276397999939        2.9767594010007499        2.0000000000000000     
   720.00432000000001        1.1682349999999999E-002   15.105660238271215        2.8016403304197164        1.0000000000000000     
   700.00432000000001        1.1708651000000000E-002   14.847275748886817        2.7052235068166239        1.0000000000000000     
   6350.0051999999996        1.2012994000000001E-002   15.316395588176148        2.5068752319616250        3.0000000000000000     
   820.00469999999996        1.1815351000000000E-002   14.762597380491750        2.2613814248339348        2.0000000000000000     
   860.00469999999996        1.1711133000000000E-002   14.951921975362440        2.1438911072278684        2.0000000000000000     
   700.00409000000002        1.1806832999999999E-002   14.787248592319269        2.0644162973855451        1.0000000000000000     
   840.00469999999996        1.1764195999999999E-002   14.863423086672237        1.8564195480889034        2.0000000000000000     
   720.00409000000002        1.1782056000000001E-002   15.049396757239657        1.2484907272238912        1.0000000000000000     
   10200.004999999999        1.2003478999999999E-002   14.793942716578231        1.0617926556844002        3.0000000000000000     
   160.00521000000001        1.1839383000000000E-002   14.877750494950993        1.0185690757937214        1.0000000000000000     
   5100.0051999999996        1.1862213000000000E-002   14.901950137610115       0.71497583890946570        3.0000000000000000     
   6900.0051999999996        1.1855708000000000E-002   14.918084172171355       0.68825962411992236        3.0000000000000000     
   9950.0051999999996        1.2114277999999999E-002   15.113498547113991       0.64853454392237597        3.0000000000000000     
   1450.0052000000001        1.2084572999999999E-002   14.995696214385662       0.17927788151103535        3.0000000000000000     
