  #time	ai	proti	chi2	massp                                                                                                                                                                              
   5700.0051999999996        1.3813222999999999E-002   18.840046133796278        99.836382492918716        3.5000000000000000     
   5950.0051999999996        1.0259732000000001E-002   17.018420791477325        99.800764468196945        1.5000000000000000     
   9750.0051999999996        1.3114509000000000E-002   16.343922693256335        99.618058450361090        3.5000000000000000     
   740.00519999999995        1.2705733000000000E-002   16.135143880772027        99.393683355797251       0.50000000000000000     
   1050.0052000000001        1.0035455000000000E-002   18.333003801787108        99.258219518000260        1.0000000000000000     
   940.00521000000003        1.3723443000000000E-002   17.006850296145718        98.915055729734689        2.5000000000000000     
   2300.0052000000001        1.1155508000000000E-002   19.795041800511196        98.383543591259908        1.5000000000000000     
   840.00521000000003        1.3495943999999999E-002   16.699221501368189        98.246830406954444        3.0000000000000000     
   9450.0051999999996        1.3894547000000000E-002   18.577073234716160        98.058050621432827        3.5000000000000000     
   9500.0051999999996        1.3536078999999999E-002   19.249785794237571        98.037582459569762        3.0000000000000000     
   1050.0052000000001        1.3268771000000000E-002   19.519919774948878        97.998399630163874        1.5000000000000000     
   6800.0051999999996        1.2247241000000001E-002   16.041133821033871        97.457117697765952        3.0000000000000000     
   800.00519999999995        1.3472466000000001E-002   16.685871476005083        97.377248920272223        1.5000000000000000     
   960.00522000000001        1.3064134999999999E-002   16.344041706328607        96.864528602325620        2.5000000000000000     
   1200.0043000000001        1.0795384999999999E-002   19.546503959818033        96.069294949900225        1.0000000000000000     
   2000.0052000000001        1.2268225000000001E-002   19.940934780983923        95.979309150523108        2.0000000000000000     
   6000.0051999999996        1.2869268000000000E-002   16.245022515466687        95.889319335770381        3.5000000000000000     
   940.00521000000003        1.3081941999999999E-002   16.370354121879679        95.658603985869405        2.5000000000000000     
   800.00409000000002        1.1677719000000000E-002   16.071021454398686        95.620579167641793        1.0000000000000000     
   2300.0052000000001        1.2193638000000000E-002   19.945144901333354        95.527106284046397        2.0000000000000000     
   8050.0051999999996        1.3773445000000000E-002   18.814211012030711        95.201171982103062        3.5000000000000000     
   10900.004999999999        1.3878414000000000E-002   18.522253769570366        95.029708134241275        3.5000000000000000     
   7850.0051999999996        1.2111647000000000E-002   19.946272386476906        95.011028567770339        2.0000000000000000     
   5200.0051999999996        1.2139934000000000E-002   19.940042450682078        94.583653090623486        2.0000000000000000     
   800.00472000000002        1.3030323999999999E-002   16.352700514654206        94.379077803999337        1.5000000000000000     
   900.00521000000003        1.3828116999999999E-002   17.347075399629208        94.208061390148828        2.0000000000000000     
   860.00521000000003        1.3465814000000000E-002   16.729757378917771        94.053176487006567        3.0000000000000000     
   3450.0052000000001        1.2916680000000000E-002   19.709220934808485        94.043459544441248        2.5000000000000000     
   800.00432000000001        1.1571287000000000E-002   16.108722634473981        94.018120310132872        1.0000000000000000     
   2300.0052000000001        1.3067258000000000E-002   16.381909554032934        93.931407735352209        3.5000000000000000     
   2350.0052000000001        1.2299153000000000E-002   19.914853438984224        93.903902636129018        2.0000000000000000     
   11200.004999999999        1.3114071000000000E-002   16.414133875510533        93.903138640016039        3.5000000000000000     
   2600.0052000000001        1.3829114999999999E-002   18.626981829588171        93.469201379507567        3.5000000000000000     
   5300.0051999999996        1.1074809999999999E-002   19.695878599442910        93.299517942110469        1.5000000000000000     
   620.00521000000003        1.3199422000000001E-002   19.509453722289855        92.926591965010900        1.0000000000000000     
   4800.0051999999996        1.0311892000000000E-002   17.075523054337420        92.609159030855693        1.5000000000000000     
   3100.0052000000001        1.2109920999999999E-002   19.921179512947258        92.575330945535640        2.0000000000000000     
   320.00520999999998        1.3591356000000001E-002   19.078952940028497        92.413836469659955       0.50000000000000000     
   6350.0051999999996        1.3379643000000000E-002   19.332440980004133        91.970345397524284        3.0000000000000000     
   1900.0052000000001        1.3901891000000000E-002   18.246978154239496        91.954694137261072        3.5000000000000000     
   1150.0047000000000        1.2645306000000000E-002   19.805184964420100        91.877812833177202        1.5000000000000000     
   8450.0051999999996        1.2889510000000000E-002   16.304961788599719        91.609563313914776        3.5000000000000000     
   10700.004999999999        1.3001044999999999E-002   19.629062910901350        91.398425780962725        2.5000000000000000     
   5600.0051999999996        1.3762338000000001E-002   18.737427389981402        91.240863061307692        3.5000000000000000     
   2800.0052000000001        1.2927459000000001E-002   19.669382112952864        91.175419903343155        2.5000000000000000     
   11700.004999999999        1.1116958999999999E-002   16.308475331290722        91.025426666445796        2.0000000000000000     
   960.00521000000003        1.3700588000000000E-002   17.153787241984194        90.201892558702497        2.5000000000000000     
   880.00521000000003        1.3435035999999999E-002   16.756011187031397        90.170913650342882        3.0000000000000000     
   6600.0051999999996        1.2838207000000001E-002   19.703633050644545        90.123912377452214        2.5000000000000000     
   660.00521000000003        1.2932885999999999E-002   16.351854443264671        89.666500704948049        1.0000000000000000     
   3250.0052000000001        1.1690028000000000E-002   16.132266812713091        89.612745014204677        2.5000000000000000     
   10800.004999999999        1.2985548000000000E-002   19.612747784298563        89.306506190596565        2.5000000000000000     
   1000.0051999999999        1.0232710000000001E-002   18.665214182729265        89.145599940485994        1.0000000000000000     
   960.00521000000003        1.2720825999999999E-002   19.744365099070308        89.059991417491858        1.0000000000000000     
   860.00521000000003        1.1436583000000000E-002   16.202042663365500        88.752230498617152        2.0000000000000000     
   7000.0051999999996        1.3756127000000000E-002   18.682646114474192        88.749697491588577        3.5000000000000000     
   1900.0052000000001        1.1746599000000000E-002   16.141448525269240        87.960638783139103        2.5000000000000000     
   1750.0052000000001        1.3633480999999999E-002   18.915493530172370        87.659717274553529        3.0000000000000000     
   2050.0047000000000        1.0358839999999999E-002   17.103220500999534        87.440493188560765        1.5000000000000000     
   6400.0051999999996        1.2830424999999999E-002   19.672728990838880        87.190697721802721        2.5000000000000000     
   920.00521000000003        1.3811001999999999E-002   17.548801383583928        87.082714877460660        2.0000000000000000     
   980.00522000000001        1.3031549999999999E-002   16.447497349500594        86.858996605970631        2.5000000000000000     
   980.00521000000003        1.0303992999999999E-002   18.767815288390448        86.649504722385146        1.0000000000000000     
   900.00521000000003        1.3403584000000000E-002   16.777828261099600        86.593796486054714        3.0000000000000000     
   1250.0052000000001        1.2702985999999999E-002   16.278162290039507        86.472858806271176        3.0000000000000000     
   7150.0051999999996        1.1690101000000000E-002   16.168173946499227        86.290599633329023        2.5000000000000000     
   1050.0052000000001        1.3693225000000000E-002   18.763332226234329        86.242177893033386        2.0000000000000000     
   820.00473000000000        1.3164339000000001E-002   16.556168285512566        86.008383326207465        1.5000000000000000     
   4550.0051999999996        1.3374941000000000E-002   19.244682997941091        85.992464204700312        3.0000000000000000     
   6050.0051999999996        1.3728818000000000E-002   18.654967692095930        85.444862325906570        3.5000000000000000     
   200.00521000000001        1.3617710999999999E-002   17.110722022047614        85.195107756133822       0.50000000000000000     
   960.00521000000003        1.3049849000000001E-002   16.482847299733102        85.098380645438624        2.5000000000000000     
   6750.0051999999996        1.2835055000000000E-002   19.645108011865524        85.092429457603259        2.5000000000000000     
   3000.0052000000001        1.2977034000000000E-002   16.436858941267658        84.950134551544892        3.5000000000000000     
   6800.0051999999996        1.1684926000000000E-002   16.187084813340096        84.648325164089897        2.5000000000000000     
   960.00521000000003        1.0371606000000000E-002   18.855646608247426        84.594956239890209        1.0000000000000000     
   260.00520999999998        1.2675542999999999E-002   16.289907900359751        84.519331750095063        2.0000000000000000     
   2000.0047000000000        1.1173605000000000E-002   19.640606650555615        84.362970804028478        1.5000000000000000     
   6100.0051999999996        1.2949321999999999E-002   16.430270979581056        84.131535733202568        3.5000000000000000     
   600.00521000000003        1.3210507000000000E-002   19.376439582317673        83.997828459783733        1.0000000000000000     
   920.00521000000003        1.3371427999999999E-002   16.795054141659215        83.317733311838509        3.0000000000000000     
   980.00519999999995        1.2611605999999999E-002   19.718974746094787        83.223400194618094       0.50000000000000000     
   1850.0047000000000        1.1221767000000001E-002   19.649779214025912        83.185450170142218        1.5000000000000000     
   5750.0051999999996        1.3724164000000001E-002   18.591442540551636        83.063647936018370        3.5000000000000000     
   2650.0052000000001        1.1026632999999999E-002   16.461290837407745        82.876729526061922        2.0000000000000000     
   260.00520999999998        1.3386604000000000E-002   16.820393688162543        82.853543985379872        1.0000000000000000     
   940.00521000000003        1.0435912000000000E-002   18.930081395015360        82.785569272956394        1.0000000000000000     
   980.00521000000003        1.3677322000000000E-002   17.295465165259621        82.744463809977091        2.5000000000000000     
   960.00405999999998        1.3140246000000000E-002   19.415451367468521        82.591588004128312       0.50000000000000000     
   1950.0052000000001        1.3814539000000001E-002   18.070147836371287        82.436816691890996        3.5000000000000000     
   300.00520999999998        1.3595780999999999E-002   18.861052417376296        82.198209299891232       0.50000000000000000     
   940.00521000000003        1.3793632000000000E-002   17.746944118481935        82.028829780719775        2.0000000000000000     
   820.00519999999995        1.3457469999999999E-002   16.929263134575976        81.767407725873426        1.5000000000000000     
   980.00405999999998        1.2653922000000000E-002   19.683416290647571        81.537608171249730       0.50000000000000000     
   9500.0051999999996        1.3784993000000001E-002   18.251310827620738        81.233932530664092        3.5000000000000000     
   920.00521000000003        1.0497220000000000E-002   18.992317409083512        81.076041338134530        1.0000000000000000     
   4050.0052000000001        1.0380607000000000E-002   17.220040311366418        80.769272967725897        1.5000000000000000     
   5850.0051999999996        1.3349603999999999E-002   19.186136230804319        80.708754123491332        3.0000000000000000     
   1450.0052000000001        1.1923939000000000E-002   16.206628665620133        80.549148078476676        2.5000000000000000     
   7000.0051999999996        1.1696481999999999E-002   16.232229127431836        80.428423643654881        2.5000000000000000     
   940.00521000000003        1.3338536000000000E-002   16.807534895720707        80.341292409123696        3.0000000000000000     
   4450.0051999999996        1.2085515000000000E-002   19.790011542802457        80.286351086741391        2.0000000000000000     
   2650.0052000000001        1.3740897000000000E-002   18.414131797551562        80.055691459150381        3.5000000000000000     
   6400.0051999999996        1.2953612999999999E-002   16.486082126341191        80.033126489822138        3.5000000000000000     
   9750.0051999999996        1.3480908000000000E-002   18.996494725932550        79.652258112144608        3.0000000000000000     
   900.00521000000003        1.0555800000000001E-002   19.043410019085631        79.360454521536866        1.0000000000000000     
   2250.0052000000001        1.3192661000000000E-002   16.682355332452811        78.965693774046315        3.5000000000000000     
   960.00521000000003        1.3776000000000000E-002   17.941292836814302        78.940567256724464        2.0000000000000000     
   8100.0051999999996        1.3684096000000000E-002   18.566032111375609        78.914295551793259        3.5000000000000000     
   1450.0052000000001        1.1896219000000000E-002   16.228213098721742        78.749980662251872        2.5000000000000000     
   9850.0051999999996        1.2538419000000000E-002   16.313136795293193        78.385060519967951        3.0000000000000000     
   1000.0051999999999        1.3739922000000000E-002   18.317770888611864        78.207676341932341        2.0000000000000000     
   840.00521000000003        1.1499399000000000E-002   16.304696752877774        78.116359697803830        2.0000000000000000     
   760.00405999999998        1.2738647000000001E-002   16.394560106160640        78.075914852308088       0.50000000000000000     
   1000.0051999999999        1.2998182000000000E-002   16.543477573324306        77.945621791240072        2.5000000000000000     
   1150.0041000000001        1.1078914000000000E-002   19.505924629255652        77.905209591838656        1.0000000000000000     
   780.00405999999998        1.3193839000000001E-002   16.699699313105807        77.900836396976345       0.50000000000000000     
   9700.0051999999996        1.3268930999999999E-002   16.773899503035850        77.837708699191808        3.5000000000000000     
   2050.0052000000001        1.2890599000000001E-002   19.522860626073214        77.806775905113824        2.5000000000000000     
   980.00521000000003        1.3758098999999999E-002   18.131637884580485        77.706019552685291        2.0000000000000000     
   960.00521000000003        1.3304874000000000E-002   16.815117093032395        77.666092582163856        3.0000000000000000     
   880.00521000000003        1.0611887000000000E-002   19.084293746232461        77.563767280062223        1.0000000000000000     
   7350.0051999999996        1.2989773000000000E-002   16.546686923308577        77.294236924033839        3.5000000000000000     
   5800.0051999999996        1.0969471000000000E-002   19.422230731832986        77.118256694627192        1.5000000000000000     
   1100.0047000000000        1.2887457999999999E-002   19.510962244362087        76.764714435119572        1.5000000000000000     
   1000.0051999999999        1.3653632000000001E-002   17.431671945357483        76.437392441255000        2.5000000000000000     
   9950.0051999999996        1.1205214000000000E-002   16.445318509314866        76.217982078927776        2.0000000000000000     
   580.00521000000003        1.3221491000000000E-002   19.243543299956468        75.961005781138255        1.0000000000000000     
   4750.0051999999996        1.1058525000000000E-002   16.535651771157227        75.767272295445593        2.0000000000000000     
   980.00521000000003        1.3016995000000000E-002   16.587531106140759        75.733679973586064        2.5000000000000000     
   1200.0052000000001        1.2825596000000000E-002   16.467806372937904        75.730650762475662        3.0000000000000000     
   860.00521000000003        1.0665684999999999E-002   19.115804013947436        75.635379240374220        1.0000000000000000     
   820.00472000000002        1.3011330999999999E-002   16.584948112869267        75.629055670840927        1.5000000000000000     
   5650.0051999999996        1.3670907000000000E-002   18.481481711347485        75.593874379059301        3.5000000000000000     
   980.00521000000003        1.3270409000000000E-002   16.817648605399533        75.297347186885759        3.0000000000000000     
   3900.0052000000001        1.1049631000000001E-002   19.443055741755281        74.640277338669989        1.5000000000000000     
   2000.0052000000001        1.3723257000000001E-002   17.879620504228779        74.602651516420565        3.5000000000000000     
   4650.0051999999996        1.1003321999999999E-002   19.409409725061998        74.495069994301673        1.5000000000000000     
   1150.0043000000001        1.0921925000000001E-002   19.342754966184852        74.130915245684065        1.0000000000000000     
   1800.0052000000001        1.3547497000000000E-002   18.750681967523679        73.956762139317860        3.0000000000000000     
   6850.0051999999996        1.0959297000000000E-002   19.366856048647701        73.783954774380007        1.5000000000000000     
   820.00409000000002        1.1650208000000000E-002   16.318110692274832        73.777650214568638        1.0000000000000000     
   280.00520999999998        1.3600193999999999E-002   18.622523346167611        73.703906799592900       0.50000000000000000     
   7050.0051999999996        1.3663309000000000E-002   18.421452329782550        73.605475756170577        3.5000000000000000     
   840.00521000000003        1.0717378000000000E-002   19.138690214932666        73.543366123591738        1.0000000000000000     
   760.00519999999995        1.2698312000000000E-002   16.434455617249707        73.464220382481059       0.50000000000000000     
   820.00432000000001        1.1541915999999999E-002   16.350154108262327        73.295808675501760        1.0000000000000000     
   1000.0051999999999        1.3235101000000001E-002   16.814975957402257        73.243912423957255        3.0000000000000000     
   12200.004999999999        1.3706608000000000E-002   18.014739186687976        72.818206410854529        3.5000000000000000     
   5950.0051999999996        1.3006853000000001E-002   16.627821950483977        72.415638957193323        3.5000000000000000     
   280.00520999999998        1.2646401000000000E-002   16.430292881185842        72.045365983381728        2.0000000000000000     
   940.00521000000003        1.2736346000000001E-002   19.528616504480759        71.971845181083864        1.0000000000000000     
   6250.0051999999996        1.2371628000000001E-002   16.349554571757551        71.551935194688468        3.0000000000000000     
   680.00521000000003        1.2919966000000000E-002   16.583908787230310        71.291293675926823        1.0000000000000000     
   820.00521000000003        1.0767125000000001E-002   19.153629051158862        71.271019760896735        1.0000000000000000     
   9550.0051999999996        1.3422451000000000E-002   18.900457036967254        70.854745022238419        3.0000000000000000     
   6100.0051999999996        1.3635558000000001E-002   18.393222893089309        70.741858639006594        3.5000000000000000     
   2250.0052000000001        1.2527636000000000E-002   16.407206150389527        70.384798357765746        3.0000000000000000     
   280.00520999999998        1.3376757000000000E-002   17.043674773181554        70.250446125227270        1.0000000000000000     
   1150.0052000000001        1.2939028000000000E-002   16.613502140940181        70.103747130528362        3.0000000000000000     
   2200.0052000000001        1.3310571000000000E-002   16.959533847777610        70.004155361966014        3.5000000000000000     
   9550.0051999999996        1.3668592000000000E-002   17.910809408633174        69.803859112121785        3.5000000000000000     
   1050.0052000000001        1.3142885999999999E-002   16.784526715913266        69.589093382239142        3.0000000000000000     
   840.00473000000000        1.3146580999999999E-002   16.791524793090989        69.376508454317559        1.5000000000000000     
   5800.0051999999996        1.3630867000000000E-002   18.330982495881322        69.231917884618156        3.5000000000000000     
   840.00519999999995        1.3442269999999999E-002   17.170485812638177        69.205915613135176        1.5000000000000000     
   9700.0051999999996        1.2215204000000000E-002   19.648679689194655        69.111435012796946        2.0000000000000000     
   820.00521000000003        1.1559598000000001E-002   16.397206878343699        69.072491141789442        2.0000000000000000     
   6950.0051999999996        1.0958839999999999E-002   19.295182307845025        69.037784023261466        1.5000000000000000     
   2050.0052000000001        1.3627686999999999E-002   17.674521546330578        68.882533111801806        3.5000000000000000     
   2700.0052000000001        1.3648597000000000E-002   18.186571933557577        68.817032277036844        3.5000000000000000     
   800.00521000000003        1.0815071000000001E-002   19.161233940049282        68.813025732873214        1.0000000000000000     
   560.00521000000003        1.3232378000000000E-002   19.110740856497959        68.812520628583272        1.0000000000000000     
   11000.004999999999        1.3655716000000000E-002   17.906882909781888        68.751660084880811        3.5000000000000000     
   6400.0051999999996        1.3283200000000000E-002   19.049995391182879        68.727315296046541        3.0000000000000000     
   5450.0051999999996        1.0424856999999999E-002   17.485308960373853        68.649561354502225        1.5000000000000000     
   220.00521000000001        1.3613353999999999E-002   17.623783457292255        68.611253590372854       0.50000000000000000     
   1100.0052000000001        1.3044465999999999E-002   16.718194667721399        68.348353529131728        3.0000000000000000     
   8400.0051999999996        1.3028222000000001E-002   16.705331575331392        68.335170364513274        3.5000000000000000     
   1000.0051999999999        1.3312569999999999E-002   18.997302618677033        67.936314388087595        1.5000000000000000     
   11500.004999999999        1.2177785999999999E-002   19.636768540827294        67.765475994852949        2.0000000000000000     
   2950.0052000000001        1.3106857000000000E-002   16.783684565156673        67.613891832394074        3.5000000000000000     
   200.00521000000001        1.1792073000000000E-002   16.368772626969555        67.603407568401835        1.0000000000000000     
   1000.0051999999999        1.2983348000000000E-002   16.684126233231751        67.462426410625838        2.5000000000000000     
   260.00520999999998        1.3604595000000001E-002   18.343459873363386        67.317248130155818       0.50000000000000000     
   2050.0052000000001        1.2146214000000001E-002   19.629181592577979        66.890277934218929        2.0000000000000000     
   9650.0051999999996        1.3411718000000000E-002   17.175437754350515        66.821267222600667        3.5000000000000000     
   3500.0052000000001        1.2813323000000000E-002   19.412498737344162        66.416173982229338        2.5000000000000000     
   780.00521000000003        1.0861345999999999E-002   19.162061965062918        66.173024190588777        1.0000000000000000     
   2150.0052000000001        1.3421904000000000E-002   17.215985300149544        65.912252965730602        3.5000000000000000     
   2100.0052000000001        1.3527406000000000E-002   17.453759860732248        65.783687189060132        3.5000000000000000     
   2850.0052000000001        1.2825543000000000E-002   19.394127838786765        65.627841305976034        2.5000000000000000     
   2400.0052000000001        1.2181579000000000E-002   19.609990251142445        65.625986660772085        2.0000000000000000     
   8150.0051999999996        1.3590259000000000E-002   18.303908424027611        65.532103557384275        3.5000000000000000     
   6050.0051999999996        1.3081409000000000E-002   16.798156586183453        65.346825816331815        3.5000000000000000     
   1050.0052000000001        1.3592458999999999E-002   17.746909904209229        64.999509737128747        2.5000000000000000     
   11100.004999999999        1.3404088999999999E-002   17.212452022980646        64.792445428769170        3.5000000000000000     
   240.00521000000001        1.3608980999999999E-002   18.017665355217424        64.728301348120993       0.50000000000000000     
   9600.0051999999996        1.3544509999999999E-002   17.553176557813149        64.629061079094981        3.5000000000000000     
   4600.0051999999996        1.3278486000000001E-002   18.967241578328753        64.252069443634412        3.0000000000000000     
   2350.0052000000001        1.0975723000000000E-002   19.233241221915723        64.250682296062450        1.5000000000000000     
   9200.0051999999996        1.0514836000000000E-002   17.402906368888786        64.055825300659549        1.5000000000000000     
   940.00405999999998        1.3146423000000001E-002   19.114889543563457        63.931610465894636       0.50000000000000000     
   760.00521000000003        1.0906065000000000E-002   19.156622544232658        63.361737866136586        1.0000000000000000     
   2350.0052000000001        1.2068041000000000E-002   19.588870147889725        63.228446238345349        2.0000000000000000     
   5700.0051999999996        1.3574993000000000E-002   18.213160168048553        63.151008281698999        3.5000000000000000     
   300.00520999999998        1.2616765000000000E-002   16.535614548210773        63.120594298686981        2.0000000000000000     
   540.00521000000003        1.3243171999999999E-002   18.977976712694517        62.547878043418343        1.0000000000000000     
   1100.0047000000000        1.2708241000000000E-002   19.413913524385723        62.518918357143392        1.5000000000000000     
   6350.0051999999996        1.3085876000000000E-002   16.855007416540690        62.253368101405840        3.5000000000000000     
   4950.0051999999996        1.2413960999999999E-002   16.481210379161698        61.952139044987639        3.0000000000000000     
   7100.0051999999996        1.3565923000000001E-002   18.148195222851108        61.851919731041100        3.5000000000000000     
   9100.0051999999996        1.1034241000000000E-002   19.237045323645514        61.574289508794777        1.5000000000000000     
   800.00521000000003        1.1617393000000000E-002   16.480291574909760        61.397543807663425        2.0000000000000000     
   7300.0051999999996        1.3119464000000001E-002   16.905138638724925        61.298026882535154        3.5000000000000000     
   300.00520999999998        1.3366852000000000E-002   17.237100655137681        61.257496933590396        1.0000000000000000     
   1850.0052000000001        1.3457434000000001E-002   18.570204662853484        61.231182988134798        3.0000000000000000     
   740.00521000000003        1.0949334000000000E-002   19.145378959399324        60.394800521672373        1.0000000000000000     
   2750.0052000000001        1.3551763000000000E-002   17.943265415304882        60.279683570859987        3.5000000000000000     
   6650.0051999999996        1.2729760000000000E-002   19.370009951397151        60.236922387427633        2.5000000000000000     
   960.00519999999995        1.2619905000000001E-002   19.423089249640928        60.236629513224848       0.50000000000000000     
   800.00405999999998        1.3188096000000000E-002   17.001640119027126        60.207364969153772       0.50000000000000000     
   1050.0052000000001        1.2911104000000000E-002   16.748945849423727        59.881174544653241        2.5000000000000000     
   840.00472000000002        1.2992033000000000E-002   16.814269537253278        59.752155279904656        1.5000000000000000     
   3400.0052000000001        1.1103752000000000E-002   16.742377516660412        59.621869538839746        2.0000000000000000     
   860.00519999999995        1.3426858000000000E-002   17.409337282679928        59.620157256548673        1.5000000000000000     
   5900.0051999999996        1.3252102000000000E-002   18.902490918159327        59.556233267506158        3.0000000000000000     
   6150.0051999999996        1.3537580000000000E-002   18.118465934159438        59.454663824626039        3.5000000000000000     
   980.00519999999995        1.3329628000000000E-002   18.780943630905266        59.444591104555755        1.5000000000000000     
   7900.0051999999996        1.1983552999999999E-002   19.539715279319850        59.274839363515433        2.0000000000000000     
   960.00405999999998        1.2662026999999999E-002   19.386995427777723        59.050900755416492       0.50000000000000000     
   6750.0051999999996        1.2414295000000001E-002   16.522716179667860        58.850194411812609        3.0000000000000000     
   5850.0051999999996        1.3532872000000000E-002   18.057417909945354        58.824837584622465        3.5000000000000000     
   5350.0051999999996        1.0886956000000000E-002   19.053013981944758        58.692635541350555        1.5000000000000000     
   5250.0051999999996        1.2011501000000001E-002   19.530086031783426        58.532386697358376        2.0000000000000000     
   1100.0052000000001        1.3528319000000000E-002   18.023641600753002        58.407950226074533        2.5000000000000000     
   2450.0052000000001        1.1791217000000000E-002   16.490969095192927        58.019113677228567        2.5000000000000000     
   5900.0051999999996        1.3134946999999999E-002   16.984620376321889        57.977512683603948        3.5000000000000000     
   6450.0051999999996        1.2721840000000000E-002   19.339165573924834        57.860434821620458        2.5000000000000000     
   2900.0052000000001        1.3228233000000001E-002   17.105214255156710        57.729947095536602        3.5000000000000000     
   720.00521000000003        1.0991248000000000E-002   19.128756676932284        57.291806166620532        1.0000000000000000     
   520.00521000000003        1.3253876000000000E-002   18.845152914482572        57.162213259539016        1.0000000000000000     
   920.00521000000003        1.2751645000000001E-002   19.310690612086844        57.072001599614538        1.0000000000000000     
   9800.0051999999996        1.3363223000000000E-002   18.650777535257689        57.047210734913847        3.0000000000000000     
   1900.0047000000000        1.1046410000000000E-002   19.168288076060026        56.855773050758813        1.5000000000000000     
   3150.0052000000001        1.1978990000000000E-002   19.507898859210982        56.855008049219705        2.0000000000000000     
   2050.0047000000000        1.0993149000000001E-002   19.113862627281812        56.360972572490098        1.5000000000000000     
   7050.0051999999996        1.0515251999999999E-002   17.780896737626779        56.312074325885632        1.5000000000000000     
   6800.0051999999996        1.2726232000000001E-002   19.310488579611583        56.119830264540184        2.5000000000000000     
   780.00405999999998        1.2731322999999999E-002   16.694385101194637        55.986589263291265       0.50000000000000000     
   320.00520999999998        1.2586620000000000E-002   16.623988203508933        55.938286236029079        2.0000000000000000     
   840.00432000000001        1.1511842000000000E-002   16.587109631400942        55.863934479766591        1.0000000000000000     
   860.00473000000000        1.3128549999999999E-002   17.024094776205189        55.650403607387261        1.5000000000000000     
   700.00521000000003        1.2906895000000000E-002   16.815723264454384        55.624248178389685        1.0000000000000000     
   8200.0051999999996        1.3491345000000000E-002   18.025974586361709        55.619617512826068        3.5000000000000000     
   6950.0051999999996        1.0515705000000000E-002   17.855717119773566        55.598732681065059        1.5000000000000000     
   2350.0052000000001        1.1151924000000001E-002   16.776570331945788        55.400326154560503        2.0000000000000000     
   840.00409000000002        1.1622074000000000E-002   16.561193450687355        55.324807333538480        1.0000000000000000     
   2800.0052000000001        1.3449861000000000E-002   17.682981587471520        55.064942410369952        3.5000000000000000     
   1150.0052000000001        1.3460962999999999E-002   18.259168557622630        55.039533361675822        2.5000000000000000     
   1400.0052000000001        1.2088593999999999E-002   16.520261038931420        54.936905622022536        2.5000000000000000     
   780.00521000000003        1.1672975000000000E-002   16.554598923589218        54.903239136380982        2.0000000000000000     
   8350.0051999999996        1.3156273000000000E-002   17.073273663192882        54.894724895383170        3.5000000000000000     
   6000.0051999999996        1.3204758000000000E-002   17.141966148672022        54.691599499515199        3.5000000000000000     
   2100.0052000000001        1.2783872999999999E-002   19.251275829962143        54.503701679004749        2.5000000000000000     
   320.00520999999998        1.3356889000000000E-002   17.418194020127189        54.491150986783566        1.0000000000000000     
   5750.0051999999996        1.3474094000000001E-002   17.931094675351485        54.442529356156228        3.5000000000000000     
   700.00521000000003        1.1031894000000000E-002   19.107141663471882        54.074797526337953        1.0000000000000000     
   7150.0051999999996        1.3463479000000000E-002   17.861602630169031        54.023118076441691        3.5000000000000000     
   2850.0052000000001        1.3342267000000000E-002   17.404235406990189        53.915405750595312        3.5000000000000000     
   2450.0052000000001        1.0540500000000000E-002   17.842924044860556        53.870330314285113        1.5000000000000000     
   5900.0051999999996        1.0534946999999999E-002   17.944470601497223        53.736597881486119        1.5000000000000000     
   1200.0052000000001        1.3390121000000000E-002   18.451195823316326        53.400353929672768        2.5000000000000000     
   2150.0047000000000        1.0555870000000000E-002   17.775300203006509        53.400038988327566        1.5000000000000000     
   960.00519999999995        1.3346431000000001E-002   18.560728221386210        53.182316456095947        1.5000000000000000     
   880.00519999999995        1.3411230999999999E-002   17.645611482960312        52.929106331260201        1.5000000000000000     
   7250.0051999999996        1.3241005000000000E-002   17.242072704101382        52.863681414630037        3.5000000000000000     
   500.00520999999998        1.3264496000000001E-002   18.712116858498355        52.651515496156449        1.0000000000000000     
   6300.0051999999996        1.3209345000000001E-002   17.199822574154176        52.569982416719895        3.5000000000000000     
   5900.0051999999996        1.3429636999999999E-002   17.769280811590814        52.427334933684222        3.5000000000000000     
   1250.0052000000001        1.3315492999999999E-002   18.597884972446714        52.199708752664904        2.5000000000000000     
   6200.0051999999996        1.3434336999999999E-002   17.829212496444374        52.162277600379035        3.5000000000000000     
   780.00519999999995        1.2690821000000000E-002   16.734009724909619        51.999125175279374       0.50000000000000000     
   8150.0051999999996        1.1135603000000001E-002   16.847526597273415        51.884427894217978        2.0000000000000000     
   1400.0052000000001        1.2063463000000000E-002   16.564190093407664        51.639439475055084        2.5000000000000000     
   5850.0051999999996        1.0767508000000000E-002   18.733093465600206        51.411565502534010        1.5000000000000000     
   5500.0051999999996        1.1162722999999999E-002   16.835981430925795        51.399299972934571        2.0000000000000000     
   1100.0043000000001        1.1037333000000000E-002   19.055057364052669        50.996845199466392        1.0000000000000000     
   5850.0051999999996        1.3254853000000000E-002   17.318953133822315        50.962023781867671        3.5000000000000000     
   1100.0041000000001        1.1183713000000000E-002   19.171221462167608        50.952104314873800        1.0000000000000000     
   1050.0052000000001        1.2895513000000001E-002   16.888473048028345        50.935892545636520        2.5000000000000000     
   680.00521000000003        1.1071352000000000E-002   19.080886239995383        50.767554511707999        1.0000000000000000     
   7200.0051999999996        1.3355402000000001E-002   17.560164669513533        50.764244665039200        3.5000000000000000     
   5950.0051999999996        1.3320523000000001E-002   17.464827548970391        50.754765635940025        3.5000000000000000     
   4750.0051999999996        1.0578710999999999E-002   17.971461389607384        50.521924396050345        1.5000000000000000     
   1300.0052000000001        1.3236748000000000E-002   18.697878251999533        50.414493322058114        2.5000000000000000     
   340.00520999999998        1.2555950000000000E-002   16.694696300683319        50.322452869703604        2.0000000000000000     
   3850.0052000000001        1.1850227000000000E-002   16.591782993795956        50.137675753109868        2.5000000000000000     
   5800.0051999999996        1.3367617000000000E-002   17.633668735684662        50.114373610095114        3.5000000000000000     
   1900.0052000000001        1.3362936000000001E-002   18.373306023893939        49.923800431797581        3.0000000000000000     
   8250.0051999999996        1.3386649000000000E-002   17.730043619788088        49.891799784850811        3.5000000000000000     
   6900.0051999999996        1.0753446000000000E-002   18.662781777394411        49.829415619500445        1.5000000000000000     
   920.00405999999998        1.3152542000000000E-002   18.813772947275151        49.764487971476100       0.50000000000000000     
   1050.0047000000000        1.2941855000000000E-002   19.049210454776944        49.698335786254425        1.5000000000000000     
   340.00520999999998        1.3346869000000001E-002   17.586364748621286        49.628757772473961        1.0000000000000000     
   6250.0051999999996        1.3325185000000000E-002   17.523701915373717        49.574380790228105        3.5000000000000000     
   9600.0051999999996        1.3301363000000000E-002   18.534076080075163        49.469574853546156        3.0000000000000000     
   760.00521000000003        1.1726510000000001E-002   16.620716511235560        49.430491739015864        2.0000000000000000     
   4700.0051999999996        1.0805519000000000E-002   18.737913084339617        49.282515881500323        1.5000000000000000     
   940.00519999999995        1.3362987000000000E-002   18.336872513398319        49.280418573270943        1.5000000000000000     
   8300.0051999999996        1.3275311000000000E-002   17.413520176152545        49.259420060598387        3.5000000000000000     
   2200.0052000000001        1.2671774000000000E-002   16.767974244627677        49.229193663519311        3.0000000000000000     
   6450.0051999999996        1.3181530000000000E-002   18.752576387818468        49.059610351380897        3.0000000000000000     
   900.00519999999995        1.3395380000000000E-002   17.879100041602960        49.042556056995515        1.5000000000000000     
   480.00520999999998        1.3275034000000000E-002   18.578641778381002        49.013452025079808        1.0000000000000000     
   3950.0052000000001        1.0857158000000000E-002   18.802722458008507        48.761280708520133        1.5000000000000000     
   11700.004999999999        1.2829672000000000E-002   19.115038767097193        48.291676935967836        2.5000000000000000     
   920.00519999999995        1.3379301000000000E-002   18.109591386003455        47.862040406253968        1.5000000000000000     
   7000.0051999999996        1.0752951000000000E-002   18.589375252307430        47.562361616326463        1.5000000000000000     
   2000.0047000000000        1.0623541000000000E-002   17.920013854391836        47.525931442620461        1.5000000000000000     
   660.00521000000003        1.1109696000000001E-002   19.050306788834916        47.394639256501364        1.0000000000000000     
   1350.0052000000001        1.3153517999999999E-002   18.750302452566196        47.338939927531925        2.5000000000000000     
   9800.0051999999996        1.2718261000000000E-002   16.827259733228175        47.280464562668357        3.0000000000000000     
   820.00405999999998        1.3182302999999999E-002   17.303774472487635        47.064260628690711       0.50000000000000000     
   1100.0052000000001        1.2818296000000000E-002   16.901927023652938        46.884315072414523        2.5000000000000000     
   4500.0051999999996        1.1952254000000001E-002   19.365326925191273        46.659930943210021        2.0000000000000000     
   860.00472000000002        1.2972417999999999E-002   17.040420691379957        46.659730914738361        1.5000000000000000     
   5400.0051999999996        1.0673316000000000E-002   18.325668874662075        46.653768438651831        1.5000000000000000     
   4000.0052000000001        1.0637443999999999E-002   18.072033880818015        46.543695669207814        1.5000000000000000     
   360.00520999999998        1.3336791000000001E-002   17.740034647018575        46.364806267625241        1.0000000000000000     
   2400.0052000000001        1.0773189000000001E-002   18.590185004236936        46.334590865218765        1.5000000000000000     
   460.00520999999998        1.3285496000000001E-002   18.444400353638908        46.249792948400049        1.0000000000000000     
   1850.0052000000001        1.1935101000000000E-002   16.643338043051084        46.118587274853660        2.5000000000000000     
   360.00520999999998        1.2524735000000000E-002   16.747832255738015        46.081771179476590        2.0000000000000000     
   4650.0051999999996        1.3176912000000001E-002   18.674955423186340        46.017168385950200        3.0000000000000000     
   740.00521000000003        1.1778151000000001E-002   16.679179599029158        44.844586522907328        2.0000000000000000     
   880.00473000000000        1.3110236000000001E-002   17.253647926540363        44.741635973244406        1.5000000000000000     
   900.00521000000003        1.2766727000000000E-002   19.090754573148388        44.440395640441224        1.0000000000000000     
   440.00520999999998        1.3295885000000000E-002   18.308931931805599        44.368923842902980        1.0000000000000000     
   380.00520999999998        1.3326655000000000E-002   17.887672631940013        44.315775379690436        1.0000000000000000     
   640.00521000000003        1.1146991000000000E-002   19.015686838439638        43.981102846962997        1.0000000000000000     
   2700.0052000000001        1.1235531000000000E-002   16.917545103321086        43.903036247813624        2.0000000000000000     
   420.00520999999998        1.3306205000000000E-002   18.171592187474289        43.390386653818815        1.0000000000000000     
   400.00520999999998        1.3316460000000000E-002   18.031490016969570        43.351466007527542        1.0000000000000000     
   3200.0052000000001        1.1879964999999999E-002   16.689592485038144        43.289405151147292        2.5000000000000000     
   6200.0051999999996        1.2526738000000001E-002   16.797782540619199        43.069492780700877        3.0000000000000000     
   2900.0052000000001        1.2717610000000001E-002   19.097221280574232        42.971466019607035        2.5000000000000000     
   2100.0047000000000        1.0789696000000000E-002   18.499351261687188        42.854688038576512        1.5000000000000000     
   720.00521000000003        1.2893666999999999E-002   17.047171060672500        42.663092695066730        1.0000000000000000     
   1400.0052000000001        1.3065386000000000E-002   18.754734791396533        42.616799367791231        2.5000000000000000     
   380.00520999999998        1.2492958000000000E-002   16.791915232578276        42.561909095565461        2.0000000000000000     
   3550.0052000000001        1.2703748000000001E-002   19.095793605903562        42.400621587007315        2.5000000000000000     
   5950.0051999999996        1.3149292000000000E-002   18.603519934229833        42.127711703944215        3.0000000000000000     
   1950.0047000000000        1.0849225000000001E-002   18.598012915372315        42.047565095690459        1.5000000000000000     
   860.00432000000001        1.1481029000000000E-002   16.819190440409212        41.591052172900532        1.0000000000000000     
   940.00519999999995        1.2628115000000001E-002   19.126298042859709        41.576892917555291       0.50000000000000000     
   720.00521000000003        1.1828030999999999E-002   16.730477115323062        41.031541128539260        2.0000000000000000     
   2100.0052000000001        1.2015257999999999E-002   19.279515397675933        40.934810266860126        2.0000000000000000     
   940.00405999999998        1.2670047000000000E-002   19.089700682911989        40.910263696066977       0.50000000000000000     
   2450.0052000000001        1.2055778000000000E-002   19.273954952416716        40.651808946506371        2.0000000000000000     
   620.00521000000003        1.1183301000000000E-002   18.977272973585301        40.551493168442867        1.0000000000000000     
   1950.0052000000001        1.3263578999999999E-002   18.158990586121412        40.547749390787892        3.0000000000000000     
   9850.0051999999996        1.3237937999999999E-002   18.286478194468671        40.364008068302340        3.0000000000000000     
   860.00409000000002        1.1593287000000001E-002   16.799905586626096        40.141050770391267        1.0000000000000000     
   1350.0052000000001        1.2237434000000000E-002   16.755435564344882        40.132887388495362        2.5000000000000000     
   900.00405999999998        1.3158603000000000E-002   18.512215432321813        40.118140518008140       0.50000000000000000     
   9150.0051999999996        1.0797638000000000E-002   18.392360898324487        39.990538050790860        1.5000000000000000     
   7100.0051999999996        1.1881401000000000E-002   16.742474650647619        39.885892016174772        2.5000000000000000     
   400.00520999999998        1.2460595000000000E-002   16.828859800075278        39.592927293684276        2.0000000000000000     
   1100.0052000000001        1.2801854000000000E-002   17.036627429213549        39.276413807153133        2.5000000000000000     
   10000.004999999999        1.2804190000000000E-002   17.045282303985953        38.955186017327421        3.0000000000000000     
   1050.0047000000000        1.2768175999999999E-002   18.982026331431374        38.861752091850065        1.5000000000000000     
   840.00405999999998        1.3176458000000000E-002   17.606002342500084        38.482191129533675       0.50000000000000000     
   6750.0051999999996        1.1876962000000000E-002   16.765736731160587        38.463603040349433        2.5000000000000000     
   800.00405999999998        1.2723928000000001E-002   16.994371724339445        38.383999358290460       0.50000000000000000     
   1150.0052000000001        1.2719039000000000E-002   16.998634507480141        37.993748234216845        2.5000000000000000     
   700.00521000000003        1.1876273999999999E-002   16.775058744189536        37.894728982953190        2.0000000000000000     
   4900.0051999999996        1.2565270000000000E-002   16.915621217796740        37.385187432319292        3.0000000000000000     
   220.00521000000001        1.1767847999999999E-002   16.802951975331517        37.170462112130949        1.0000000000000000     
   600.00521000000003        1.1218682000000001E-002   18.935273593366425        37.129862908657103        1.0000000000000000     
   420.00520999999998        1.2427619000000001E-002   16.858888671935865        37.124826065735235        2.0000000000000000     
   2150.0052000000001        1.2805650999999999E-002   17.096552687567790        36.632264715269329        3.0000000000000000     
   900.00473000000000        1.3091630000000000E-002   17.479949443015915        36.552717271671803        1.5000000000000000     
   1450.0052000000001        1.2971882000000001E-002   18.711140464669867        36.256885376653443        2.5000000000000000     
   880.00472000000002        1.2952475999999999E-002   17.263152556713692        36.253867872717592        1.5000000000000000     
   2400.0052000000001        1.1932936000000000E-002   19.197617796692786        35.969648113334884        2.0000000000000000     
   1350.0052000000001        1.2214414999999999E-002   16.820093735417220        35.953813656482978        2.5000000000000000     
   6950.0051999999996        1.1887392000000000E-002   16.806289209359921        35.940649288213891        2.5000000000000000     
   680.00521000000003        1.1922989000000000E-002   16.813336547126550        35.352520070986067        2.0000000000000000     
   6700.0051999999996        1.2614375000000001E-002   19.015879268664779        35.236682936057178        2.5000000000000000     
   440.00520999999998        1.2393993000000001E-002   16.882934165528944        35.076663331150215        2.0000000000000000     
   800.00519999999995        1.2683256000000000E-002   17.033704392594387        35.014148954670567       0.50000000000000000     
   880.00405999999998        1.3164609000000001E-002   18.210328849731425        35.013810377967495       0.50000000000000000     
   9650.0051999999996        1.3171820000000001E-002   18.147722862122038        34.874605628029208        3.0000000000000000     
   6700.0051999999996        1.2566940000000000E-002   16.964035990445932        34.866059423660104        3.0000000000000000     
   860.00405999999998        1.3170561000000001E-002   17.908221686397521        34.465909563666813       0.50000000000000000     
   880.00521000000003        1.2781598000000000E-002   18.868974045865073        34.150283358798546        1.0000000000000000     
   2150.0052000000001        1.2670808000000000E-002   18.954698834729971        34.035830836762884        2.5000000000000000     
   580.00521000000003        1.1253189000000000E-002   18.889856012585106        33.739259935870145        1.0000000000000000     
   2000.0052000000001        1.3158856999999999E-002   17.925984254408217        33.710698618318986        3.0000000000000000     
   6500.0051999999996        1.3073990000000001E-002   18.438398056446090        33.641185713633568        3.0000000000000000     
   6500.0051999999996        1.2606281000000000E-002   18.984770651571573        33.433746920693544        2.5000000000000000     
   460.00520999999998        1.2359680000000000E-002   16.901776963340414        33.386587781042842        2.0000000000000000     
   660.00521000000003        1.1968278000000001E-002   16.845689232928244        33.335989815075507        2.0000000000000000     
   1300.0052000000001        1.2373093999999999E-002   16.917218456611401        32.790374390780308        2.5000000000000000     
   11100.004999999999        1.2064638000000001E-002   16.858053892919017        32.705473596726485        2.5000000000000000     
   1200.0052000000001        1.2612478000000000E-002   17.035575020468649        32.631120821539284        2.5000000000000000     
   10800.004999999999        1.2745660000000001E-002   18.861910472295023        32.472462595098079        2.5000000000000000     
   740.00521000000003        1.2880279000000000E-002   17.278120839458584        32.400016597137466        1.0000000000000000     
   1000.0047000000000        1.2993908000000000E-002   18.554266529622044        32.376613476954773        1.5000000000000000     
   6850.0051999999996        1.2610455000000000E-002   18.955414240807070        32.136791754650794        2.5000000000000000     
   480.00520999999998        1.2324639000000000E-002   16.915922619919108        32.015355415610721        2.0000000000000000     
   2600.0052000000001        1.1252003999999999E-002   17.151875596544457        31.970325664594586        2.0000000000000000     
   9750.0051999999996        1.2055474000000000E-002   19.129431440270206        31.967317627150354        2.0000000000000000     
   4700.0051999999996        1.3069597000000001E-002   18.366092347918862        31.951535085529535        3.0000000000000000     
   640.00521000000003        1.2012233000000001E-002   16.872463470163627        31.787205863079208        2.0000000000000000     
   9750.0051999999996        1.2882078999999999E-002   17.299556062210819        31.717127422900404        3.0000000000000000     
   1150.0052000000001        1.2701633000000000E-002   17.125008420655334        31.447478316715909        2.5000000000000000     
   920.00473000000000        1.3072724000000001E-002   17.702760684103154        30.977201164946738        1.5000000000000000     
   500.00520999999998        1.2288825999999999E-002   16.925675584985861        30.939834419729873        2.0000000000000000     
   7950.0051999999996        1.1845194000000000E-002   19.100502682375513        30.876775416718317        2.0000000000000000     
   10900.004999999999        1.2727745000000000E-002   18.838523423408642        30.818358060839600        2.5000000000000000     
   2100.0052000000001        1.2930726999999999E-002   17.397048692770692        30.745076508766473        3.0000000000000000     
   1250.0052000000001        1.2497584000000001E-002   17.009491195042912        30.717437825588068        2.5000000000000000     
   9900.0051999999996        1.3103973999999999E-002   17.900326854195846        30.717334748782037        3.0000000000000000     
   620.00521000000003        1.2054936000000000E-002   16.893974749924126        30.657744539923545        2.0000000000000000     
   560.00521000000003        1.1286869000000000E-002   18.841137561005539        30.401705607605933        1.0000000000000000     
   1050.0043000000001        1.1143325000000001E-002   18.694251222413875        30.396920954081029        1.0000000000000000     
   880.00432000000001        1.1449440999999999E-002   17.045979900504928        30.331738772788594        1.0000000000000000     
   11000.004999999999        1.2091408999999999E-002   16.905508834775826        30.156662018910083        2.5000000000000000     
   520.00521000000003        1.2252196000000000E-002   16.931190124634746        30.148933531573920        2.0000000000000000     
   2050.0052000000001        1.3048156000000000E-002   17.672678044215850        30.144267884721469        3.0000000000000000     
   5300.0051999999996        1.1872717000000000E-002   19.087520106006579        29.972522715722437        2.0000000000000000     
   600.00521000000003        1.2096466000000000E-002   16.910505316208305        29.907608006530328        2.0000000000000000     
   540.00521000000003        1.2214700000000000E-002   16.932508014286814        29.640879948248489        2.0000000000000000     
   9950.0051999999996        1.2959971000000001E-002   17.488287703460593        29.584845850681255        3.0000000000000000     
   580.00521000000003        1.2136894000000001E-002   16.922304950136748        29.504163851734237        2.0000000000000000     
   560.00521000000003        1.2176285000000000E-002   16.929583546574566        29.421693810293814        2.0000000000000000     
   6000.0051999999996        1.3040512000000001E-002   18.287364323161334        29.131088215244976        3.0000000000000000     
   980.00473000000000        1.3014110000000001E-002   18.347838954704539        28.735276971605280        1.5000000000000000     
   3200.0052000000001        1.1837116000000000E-002   19.059053035263222        28.703112421765685        2.0000000000000000     
   1500.0052000000001        1.2872464000000000E-002   18.619777387567066        28.632936711159942        2.5000000000000000     
   900.00472000000002        1.2932196999999999E-002   17.482213135627685        28.427362991013652        1.5000000000000000     
   9700.0051999999996        1.3032584000000000E-002   17.737747827835243        28.375149267047519        3.0000000000000000     
   880.00409000000002        1.1563818999999999E-002   17.033867976334943        28.091623342668910        1.0000000000000000     
   1300.0052000000001        1.2351831000000001E-002   17.000820156858836        28.053634700032287        2.5000000000000000     
   940.00473000000000        1.3053508000000000E-002   17.921841745417272        27.899696867929389        1.5000000000000000     
   1050.0041000000001        1.1280640000000000E-002   18.771381767388675        27.812716226790901        1.0000000000000000     
   4700.0051999999996        1.1280366000000000E-002   17.234150495765828        27.609964144426431        2.0000000000000000     
   12100.004999999999        1.2015586999999999E-002   19.048808779984956        27.506069469306428        2.0000000000000000     
   920.00519999999995        1.2636239000000000E-002   18.828727352188565        27.289727234269584       0.50000000000000000     
   960.00473000000000        1.3033973000000001E-002   18.136949029914366        27.196381374500721        1.5000000000000000     
   920.00405999999998        1.2677982000000001E-002   18.791656778496684        27.159501295249513       0.50000000000000000     
   540.00521000000003        1.1319770999999999E-002   18.789178201022338        27.137843255676362        1.0000000000000000     
   1200.0052000000001        1.2593971000000001E-002   17.150414941599145        26.864907915321474        2.5000000000000000     
   11500.004999999999        1.1989128999999999E-002   19.035142975406195        26.790978156148732        2.0000000000000000     
   6150.0051999999996        1.2669437000000000E-002   17.210802624695880        26.774459955907346        3.0000000000000000     
   860.00521000000003        1.2796264999999999E-002   18.645510694447069        26.268050662166896        1.0000000000000000     
   1250.0052000000001        1.2477805000000000E-002   17.109944642502409        25.512403634009360        2.5000000000000000     
   820.00405999999998        1.2716461000000000E-002   17.294415906751400        25.279132206608011       0.50000000000000000     
   760.00521000000003        1.2866724000000000E-002   17.508436813936900        24.821122220539689        1.0000000000000000     
   2400.0052000000001        1.1971147000000000E-002   17.007938140549921        24.625479982388988        2.5000000000000000     
   2950.0052000000001        1.2602830000000001E-002   18.776482898521177        24.158242524699482        2.5000000000000000     
   4850.0051999999996        1.2704887000000000E-002   17.316846567050284        24.089107672876153        3.0000000000000000     
   520.00521000000003        1.1351936000000000E-002   18.733968390914473        23.967413803057770        1.0000000000000000     
   1000.0047000000000        1.2825342000000000E-002   18.513416724648604        23.619654416842259        1.5000000000000000     
   6550.0051999999996        1.2959811000000000E-002   18.105338801087203        23.308336623740303        3.0000000000000000     
   920.00472000000002        1.2911570000000001E-002   17.697346728772725        23.063972668458330        1.5000000000000000     
   3600.0052000000001        1.2587110000000000E-002   18.756775164407266        22.935170047780325        2.5000000000000000     
   4750.0051999999996        1.2955794000000000E-002   18.038571608409931        22.875749638075590        3.0000000000000000     
   820.00519999999995        1.2675617000000000E-002   17.333434586268094        22.519194782333727       0.50000000000000000     
   6650.0051999999996        1.2707581000000001E-002   17.371719229604416        22.385190288545488        3.0000000000000000     
   900.00432000000001        1.1417039000000000E-002   17.267044504282097        21.926682184597524        1.0000000000000000     
   11700.004999999999        1.1423503000000000E-002   17.265589583605518        21.792686285881267        2.0000000000000000     
   9900.0051999999996        1.1461437999999999E-002   17.243365023563321        21.563637825103019        2.0000000000000000     
   6050.0051999999996        1.2924962999999999E-002   17.951785772494105        21.447030156501608        3.0000000000000000     
   1800.0052000000001        1.2104835000000000E-002   17.079834272769922        21.442382952884113        2.5000000000000000     
   4550.0051999999996        1.1807780000000000E-002   18.905467855073724        21.420513560112905        2.0000000000000000     
   240.00521000000001        1.1743243000000000E-002   17.121901792074219        20.924515004074106        1.0000000000000000     
   500.00520999999998        1.1383406000000000E-002   18.675411506481659        20.909221738432542        1.0000000000000000     
   840.00521000000003        1.2810732999999999E-002   18.420524696893072        20.853226148117994        1.0000000000000000     
   2500.0052000000001        1.1920336000000000E-002   18.902294388796058        20.512037325159461        2.0000000000000000     
   1550.0052000000001        1.2766506000000000E-002   18.481159512477412        20.476148681710455        2.5000000000000000     
   980.00472000000002        1.2847480999999999E-002   18.316591621926094        20.461358343385768        1.5000000000000000     
   6100.0051999999996        1.2801673000000000E-002   17.594056519449129        20.186743397263299        3.0000000000000000     
   2150.0052000000001        1.1873842000000001E-002   18.888627450048503        20.139364080354415        2.0000000000000000     
   940.00472000000002        1.2890583000000001E-002   17.908294451731603        20.038700682357025        1.5000000000000000     
   3800.0052000000001        1.2024653000000000E-002   17.106148937141608        19.989436730040783        2.5000000000000000     
   780.00521000000003        1.2852997000000000E-002   17.737980160793303        19.906457821562093        1.0000000000000000     
   3350.0052000000001        1.1320313000000000E-002   17.424345243600978        19.833820749972077        2.0000000000000000     
   4800.0051999999996        1.2834596000000000E-002   17.689862600723142        19.818393049309062        3.0000000000000000     
   960.00472000000002        1.2869223000000001E-002   18.114796667050342        19.218173406891342        1.5000000000000000     
   6600.0051999999996        1.2838057999999999E-002   17.750832845310800        19.110637899372971        3.0000000000000000     
   900.00409000000002        1.1533636000000000E-002   17.262687034154347        19.028144622186424        1.0000000000000000     
   2300.0052000000001        1.1363445999999999E-002   17.408177067186674        18.886384718846269        2.0000000000000000     
   480.00520999999998        1.1414219000000000E-002   18.613301202018164        17.981943762124725        1.0000000000000000     
   820.00521000000003        1.2825006999999999E-002   18.194172352391494        17.958487143681580        1.0000000000000000     
   900.00405999999998        1.2685836000000001E-002   18.492986308139319        17.835163385773932       0.50000000000000000     
   800.00521000000003        1.2839094000000001E-002   17.966607577123547        17.629845757034513        1.0000000000000000     
   2200.0052000000001        1.2550544000000000E-002   18.631484931623653        17.546797955829931        2.5000000000000000     
   900.00519999999995        1.2644278000000000E-002   18.530500510506325        17.413123637912534       0.50000000000000000     
   8100.0051999999996        1.1344307000000000E-002   17.509720467344504        16.757683623706178        2.0000000000000000     
   840.00405999999998        1.2708920000000000E-002   17.594411103840677        16.676748489425901       0.50000000000000000     
   3150.0052000000001        1.2050697000000001E-002   17.188821584457262        16.514514704276134        2.5000000000000000     
   5450.0051999999996        1.1370945000000000E-002   17.493611516696998        16.303487534942199        2.0000000000000000     
   1000.0042999999999        1.1241249000000000E-002   18.270135862509463        16.216912278173066        1.0000000000000000     
   6750.0051999999996        1.2491043000000000E-002   18.638368345795879        16.215934320021745        2.5000000000000000     
   920.00432000000001        1.1383781000000001E-002   17.481934502132468        16.202943180709934        1.0000000000000000     
   2450.0052000000001        1.1786557000000000E-002   18.766480992765654        15.826275282828597        2.0000000000000000     
   460.00520999999998        1.1444408999999999E-002   18.547290399629105        15.205203686912203        1.0000000000000000     
   11900.004999999999        1.2205774000000001E-002   17.247798648333713        15.203744945039391        2.5000000000000000     
   6550.0051999999996        1.2482719999999999E-002   18.606591483645115        15.024295680950264        2.5000000000000000     
   840.00519999999995        1.2667901000000001E-002   17.633091519097086        14.517839942147326       0.50000000000000000     
   6900.0051999999996        1.2486718000000001E-002   18.577028151900446        14.246397541388312        2.5000000000000000     
   2650.0052000000001        1.1434893000000000E-002   17.508388338104048        14.025698912328217        2.0000000000000000     
   7050.0051999999996        1.2053484000000000E-002   17.261276277139377        13.714331521351966        2.5000000000000000     
   980.00432000000001        1.1278411000000000E-002   18.084794324746877        13.197019713087622        1.0000000000000000     
   940.00432000000001        1.1349623000000000E-002   17.690181897517590        12.974437931635606        1.0000000000000000     
   880.00405999999998        1.2693609000000000E-002   18.193810478713470        12.966399243189507       0.50000000000000000     
   1600.0052000000001        1.2653256999999999E-002   18.296054036033624        12.859817981241010        2.5000000000000000     
   920.00409000000002        1.1502705000000000E-002   17.485954745103410        12.788621143160610        1.0000000000000000     
   6700.0051999999996        1.2049435000000001E-002   17.287507800472710        12.752223465167601        2.5000000000000000     
   440.00520999999998        1.1474010999999999E-002   18.476850360773017        12.601267547299560        1.0000000000000000     
   860.00405999999998        1.2701303000000001E-002   17.894246719119366        12.575241968546308       0.50000000000000000     
   1000.0041000000000        1.1370728000000000E-002   18.314857600618577        12.377964392589563        1.0000000000000000     
   960.00432000000001        1.1314517000000000E-002   17.891302835710626        12.042551005053040        1.0000000000000000     
   8000.0051999999996        1.1694526000000000E-002   18.622049814361493        12.006508235147937        2.0000000000000000     
   880.00519999999995        1.2652234000000000E-002   18.231740167104352        11.977817892463614       0.50000000000000000     
   260.00520999999998        1.1718252000000000E-002   17.373179226161167        11.807155258029173        1.0000000000000000     
   6900.0051999999996        1.2059065000000001E-002   17.324667115531874        11.489079141330581        2.5000000000000000     
   5350.0051999999996        1.1721603000000001E-002   18.606348692943968        11.129090500066258        2.0000000000000000     
   860.00519999999995        1.2660108000000000E-002   17.932564869733220        11.007252258453457       0.50000000000000000     
   3250.0052000000001        1.1682147000000000E-002   18.568362080202920        10.601649482471906        2.0000000000000000     
   3000.0052000000001        1.2480186000000001E-002   18.429203207553325        10.369849853245690        2.5000000000000000     
   420.00520999999998        1.1503055999999999E-002   18.401213097468059        10.198132409892743        1.0000000000000000     
   980.00409000000002        1.1405043000000000E-002   18.118158073824301        9.1983794931762990        1.0000000000000000     
   940.00409000000002        1.1470988999999999E-002   17.703248951560528        9.1978458596461028        1.0000000000000000     
   3650.0052000000001        1.2462368999999999E-002   18.392527429602200        9.1965720340141370        2.5000000000000000     
   11800.004999999999        1.2544672999999999E-002   18.258899449013878        9.0924403655008454        2.5000000000000000     
   2550.0052000000001        1.1449852000000000E-002   17.754728044916554        9.0705291838352728        2.0000000000000000     
   1750.0052000000001        1.2259272999999999E-002   17.459055543838765        8.9960846964039280        2.5000000000000000     
   11600.004999999999        1.1842375000000000E-002   18.576685529651748        8.9352958019694775        2.0000000000000000     
   9800.0051999999996        1.1879494000000001E-002   18.564263337367716        8.3228700294549238        2.0000000000000000     
   960.00409000000002        1.1438448000000000E-002   17.914133922744931        8.0678411909947911        1.0000000000000000     
   400.00520999999998        1.1531575000000001E-002   18.319298255407372        8.0343341144733618        1.0000000000000000     
   4650.0051999999996        1.1475442000000001E-002   17.850740269658683        7.4359893925980174        2.0000000000000000     
   2350.0052000000001        1.2134328000000000E-002   17.472906626273147        7.3967857210628365        2.5000000000000000     
   2550.0052000000001        1.1773435000000000E-002   18.489332555972009        7.2694511254134415        2.0000000000000000     
   1650.0052000000001        1.2531792000000000E-002   18.064648223779230        7.1745534566412434        2.5000000000000000     
   4600.0051999999996        1.1649848000000001E-002   18.403641133529430        7.1383147279985550        2.0000000000000000     
   2200.0052000000001        1.1719992000000000E-002   18.451649001458804        7.0597824616195481        2.0000000000000000     
   280.00520999999998        1.1692866000000000E-002   17.579670242804927        6.7752099560074983        1.0000000000000000     
   2250.0052000000001        1.2422010000000001E-002   18.279229604247796        6.4015404665676474        2.5000000000000000     
   380.00520999999998        1.1559595000000001E-002   18.229851260225118        6.1697043519270087        1.0000000000000000     
   3300.0052000000001        1.1511202999999999E-002   18.027369662506327        5.9917904420941772        2.0000000000000000     
   8050.0051999999996        1.1528817000000000E-002   18.095702586086542        5.7793103854188717        2.0000000000000000     
   2500.0052000000001        1.1626576000000000E-002   18.288629976050231        5.5688187853346580        2.0000000000000000     
   3750.0052000000001        1.2183035000000000E-002   17.572624562864227        5.4037892935314877        2.5000000000000000     
   1700.0052000000001        1.2400955000000000E-002   17.786245791301962        5.1613945130489327        2.5000000000000000     
   5400.0051999999996        1.1555540000000000E-002   18.078644879453183        5.0932429615169026        2.0000000000000000     
   2250.0052000000001        1.1551070000000000E-002   17.961551869721475        5.0754103440105736        2.0000000000000000     
   10900.004999999999        1.2448523000000000E-002   17.971241552718300        5.0499984989628741        2.5000000000000000     
   360.00520999999998        1.1587139999999999E-002   18.132298838485255        4.6989092588737078        1.0000000000000000     
   11000.004999999999        1.2427100000000000E-002   17.938206905012954        4.6558201422658136        2.5000000000000000     
   6800.0051999999996        1.2358513999999999E-002   18.233901944377550        4.5810603160776697        2.5000000000000000     
   11600.004999999999        1.1609791000000000E-002   17.841756972762418        4.4325981574254074        2.0000000000000000     
   300.00520999999998        1.1667075000000001E-002   17.747436991883745        4.3656783098189660        1.0000000000000000     
   3100.0052000000001        1.2205941999999999E-002   17.640409573727165        4.2929345080080266        2.5000000000000000     
   6600.0051999999996        1.2349882000000000E-002   18.200967780453578        4.0701366921456872        2.5000000000000000     
   6950.0051999999996        1.2353773000000000E-002   18.171771091599979        3.8665162220625309        2.5000000000000000     
   2600.0052000000001        1.1612693000000000E-002   18.027883151362023        3.7696047483670965        2.0000000000000000     
   340.00520999999998        1.1614225000000001E-002   18.023990929359215        3.7349480704625826        1.0000000000000000     
   12200.004999999999        1.1643041000000000E-002   17.874818804083755        3.5772516365698905        2.0000000000000000     
   320.00520999999998        1.1640865000000000E-002   17.895613552640935        3.4968621202254826        1.0000000000000000     
   3050.0052000000001        1.2348421000000000E-002   18.051969060401689        3.1024495633261733        2.5000000000000000     
   7000.0051999999996        1.2210041000000000E-002   17.735131581886559        2.8568125183278887        2.5000000000000000     
   3700.0052000000001        1.2328225999999999E-002   17.999376789422225        2.6933175227626576        2.5000000000000000     
   9850.0051999999996        1.1683356000000001E-002   17.941228655617202        2.5929374654839066        2.0000000000000000     
   6650.0051999999996        1.2206150000000001E-002   17.763269400593568        2.4634799918084038        2.5000000000000000     
   2300.0052000000001        1.2283852000000000E-002   17.894572115765680        2.2921750104427190        2.5000000000000000     
