  #time	ai	proti	chi2	massp                                                                                                                                                                              
   940.00521000000003        1.3723443000000000E-002   17.006850296145718        99.600085323890994        2.5000000000000000     
   480.00520999999998        1.3953600000000000E-002   15.591144280388900        99.592903682633661        3.0000000000000000     
   960.00409000000002        1.1438448000000000E-002   17.914133922744931        99.481230741156566        1.0000000000000000     
   160.00521000000001        1.2814224000000001E-002   14.180701402964065        99.320201055184512        2.0000000000000000     
   740.00521000000003        1.3956672999999999E-002   15.629260459178965        99.150430634912979        2.0000000000000000     
   840.00405999999998        1.3176458000000000E-002   17.606002342500084        99.082423573514362       0.50000000000000000     
   7000.0051999999996        1.0233219999999999E-002   16.905404690935683        98.531733901242418        1.5000000000000000     
   11000.004999999999        1.2427100000000000E-002   17.938206905012954        98.476507847486829        2.5000000000000000     
   760.00521000000003        1.3912664999999999E-002   15.484531378535294        98.099886971331031        2.5000000000000000     
   2500.0052000000001        1.0265781000000000E-002   16.954423766718101        97.961009781054230        1.5000000000000000     
   2050.0047000000000        1.0358839999999999E-002   17.103220500999534        97.762542980893073        1.5000000000000000     
   2050.0052000000001        1.3048156000000000E-002   17.672678044215850        97.412070301569713        3.0000000000000000     
   5950.0051999999996        1.3320523000000001E-002   17.464827548970391        97.237519147685077        3.5000000000000000     
   640.00472000000002        1.3172382999999999E-002   14.416839732824405        97.021958125018372        1.5000000000000000     
   9850.0051999999996        1.1683356000000001E-002   17.941228655617202        96.715800222124187        2.0000000000000000     
   720.00522000000001        1.3404727999999999E-002   14.623795299490645        96.680004373544335        2.5000000000000000     
   2100.0047000000000        1.0037021000000000E-002   16.093218508582471        96.549410980219676        1.5000000000000000     
   320.00520999999998        1.3356889000000000E-002   17.418194020127189        96.310551753187156        1.0000000000000000     
   200.00521000000001        1.3617710999999999E-002   17.110722022047614        96.267309630917921       0.50000000000000000     
   820.00521000000003        1.3894167000000001E-002   16.508535530785714        96.161929588193900        2.0000000000000000     
   500.00520999999998        1.3931430999999999E-002   15.673452191844735        95.926484101776140        3.0000000000000000     
   6350.0051999999996        1.2089094000000000E-002   14.043907346648652        95.855902392489696        3.5000000000000000     
   640.00432000000001        1.1784441000000000E-002   14.058775212656622        95.370481187982463        1.0000000000000000     
   7100.0051999999996        1.0232952000000000E-002   16.829762576082064        95.274117605278860        1.5000000000000000     
   4850.0051999999996        1.0490833999999999E-002   14.763932880560562        95.136100221365183        2.0000000000000000     
   760.00521000000003        1.3941357000000000E-002   15.852195578660615        94.767833454614674        2.0000000000000000     
   2200.0047000000000        1.0279834999999999E-002   16.905939178588678        94.492338689175554        1.5000000000000000     
   920.00521000000003        1.3745900000000000E-002   16.854871470196890        94.474304319581165        2.5000000000000000     
   2850.0052000000001        1.3342267000000000E-002   17.404235406990189        94.338945244898838        3.5000000000000000     
   6600.0051999999996        1.2838057999999999E-002   17.750832845310800        94.193920192796767        3.0000000000000000     
   4100.0051999999996        1.0069906999999999E-002   16.194974668819597        94.081857430332448        1.5000000000000000     
   780.00521000000003        1.2852997000000000E-002   17.737980160793303        93.704471701540143        1.0000000000000000     
   5500.0051999999996        1.0126556000000000E-002   16.485081686845422        93.627420859145573        1.5000000000000000     
   800.00521000000003        1.3910110000000000E-002   16.292030057042961        93.345048702841964        2.0000000000000000     
   320.00520999999998        1.1640865000000000E-002   17.895613552640935        93.058214715182643        1.0000000000000000     
   780.00521000000003        1.3925837999999999E-002   16.073183588282518        92.855200676631426        2.0000000000000000     
   920.00472000000002        1.2911570000000001E-002   17.697346728772725        92.798643467475685        1.5000000000000000     
   520.00521000000003        1.3908963999999999E-002   15.753851844993846        92.618316245521612        3.0000000000000000     
   4650.0051999999996        1.1475442000000001E-002   17.850740269658683        92.510013823062792        2.0000000000000000     
   780.00521000000003        1.3892968000000000E-002   15.668723366647811        92.326805865087167        2.5000000000000000     
   2300.0052000000001        1.2283852000000000E-002   17.894572115765680        91.749383920978090        2.5000000000000000     
   660.00473000000000        1.3297493000000001E-002   14.599142503442563        91.147245932075492        1.5000000000000000     
   6650.0051999999996        1.2091190000000000E-002   14.093628411946174        91.064203498746011        3.5000000000000000     
   12200.004999999999        1.1643041000000000E-002   17.874818804083755        91.059129437782289        2.0000000000000000     
   8300.0051999999996        1.3275311000000000E-002   17.413520176152545        90.611436443466772        3.5000000000000000     
   720.00521000000003        1.3392935999999999E-002   14.702624678395672        90.586336826797563        2.5000000000000000     
   720.00469999999996        1.2046728000000000E-002   14.099746590012106        90.328660516246387        2.0000000000000000     
   900.00521000000003        1.3767971000000000E-002   16.698072334222175        90.325664601232873        2.5000000000000000     
   660.00519999999995        1.3572183999999999E-002   14.937525062560372        90.015390344621267        1.5000000000000000     
   540.00521000000003        1.3886185000000001E-002   15.832316773779390        89.645292437315035        3.0000000000000000     
   4800.0051999999996        1.2834596000000000E-002   17.689862600723142        88.804651065672545        3.0000000000000000     
   11600.004999999999        1.1609791000000000E-002   17.841756972762418        88.608292925036039        2.0000000000000000     
   800.00521000000003        1.3872963000000000E-002   15.849683817557596        88.264638265956634        2.5000000000000000     
   2150.0052000000001        1.3421904000000000E-002   17.215985300149544        87.510782336998687        3.5000000000000000     
   880.00521000000003        1.3789668999999999E-002   16.536677160026066        87.273441422394853        2.5000000000000000     
   620.00405999999998        1.2788097000000000E-002   14.308400677756246        87.065127363134778       0.50000000000000000     
   640.00405999999998        1.3232730000000000E-002   14.599273219017592        87.041469654148813       0.50000000000000000     
   560.00521000000003        1.3863079000000000E-002   15.908783606529742        86.984599145090797        3.0000000000000000     
   840.00519999999995        1.3442269999999999E-002   17.170485812638177        86.254496368865517        1.5000000000000000     
   11100.004999999999        1.3404088999999999E-002   17.212452022980646        86.037647093677379        3.5000000000000000     
   820.00521000000003        1.3852642000000000E-002   16.027187769316392        85.825543208896747        2.5000000000000000     
   3250.0052000000001        1.2136358000000000E-002   14.155043553981630        85.561442284127509        3.5000000000000000     
   860.00521000000003        1.3811006000000001E-002   16.370912803090519        85.432980028473025        2.5000000000000000     
   9250.0051999999996        1.0162333000000001E-002   16.198049854098546        85.406097926247554        1.5000000000000000     
   300.00520999999998        1.3366852000000000E-002   17.237100655137681        84.967561740743491        1.0000000000000000     
   840.00521000000003        1.3831994000000000E-002   16.201006740150142        84.915147349681433        2.5000000000000000     
   9950.0051999999996        1.2325127000000000E-002   14.187025786350087        84.814574321819819        3.5000000000000000     
   580.00521000000003        1.3839633000000000E-002   15.983161157167888        84.613332307378826        3.0000000000000000     
   900.00473000000000        1.3091630000000000E-002   17.479949443015915        84.547660142902529        1.5000000000000000     
   2550.0052000000001        1.1449852000000000E-002   17.754728044916554        84.543331426225890        2.0000000000000000     
   9650.0051999999996        1.3411718000000000E-002   17.175437754350515        84.365042134806913        3.5000000000000000     
   740.00522000000001        1.3379357999999999E-002   14.794512747570666        83.895701518844561        2.5000000000000000     
   1700.0052000000001        1.2400955000000000E-002   17.786245791301962        83.785971300050093        2.5000000000000000     
   5850.0051999999996        1.3254853000000000E-002   17.318953133822315        82.857336213544841        3.5000000000000000     
   500.00520999999998        1.3031420000000000E-002   14.500353889024584        82.819141532229381        1.0000000000000000     
   12100.004999999999        1.1223075000000001E-002   14.354906876281870        82.748594779294564        2.5000000000000000     
   600.00521000000003        1.3815829999999999E-002   16.055340234173361        82.507532422940031        3.0000000000000000     
   620.00519999999995        1.2748874000000000E-002   14.349691027841518        82.108297965754929       0.50000000000000000     
   940.00432000000001        1.1349623000000000E-002   17.690181897517590        81.992625626492298        1.0000000000000000     
   6850.0051999999996        1.2215202000000000E-002   17.797952737819791        81.973646355938953        2.5000000000000000     
   5150.0051999999996        1.1630513000000000E-002   14.241608917901704        80.711493888061312        3.0000000000000000     
   620.00521000000003        1.3791654000000000E-002   16.125197694666646        80.642467004569269        3.0000000000000000     
   6950.0051999999996        1.1620175000000000E-002   14.246311646479757        80.492244688294562        3.0000000000000000     
   6100.0051999999996        1.2801673000000000E-002   17.594056519449129        79.592393571749852        3.0000000000000000     
   940.00409000000002        1.1470988999999999E-002   17.703248951560528        79.522738919853794        1.0000000000000000     
   300.00520999999998        1.1667075000000001E-002   17.747436991883745        79.109375270657722        1.0000000000000000     
   640.00521000000003        1.3767089000000000E-002   16.192601171939287        78.992472550376718        3.0000000000000000     
   6650.0051999999996        1.2206150000000001E-002   17.763269400593568        78.790417776445210        2.5000000000000000     
   2600.0052000000001        1.1096597999999999E-002   14.473331492737252        78.671296911142960        2.5000000000000000     
   9950.0051999999996        1.2959971000000001E-002   17.488287703460593        78.413614741529798        3.0000000000000000     
   8650.0051999999996        1.2174228000000000E-002   14.239097846036312        78.278292523532599        3.5000000000000000     
   740.00521000000003        1.3367398000000001E-002   14.881235791891140        78.035267522924144        2.5000000000000000     
   660.00472000000002        1.3155501999999999E-002   14.664385524537325        77.976272834132544        1.5000000000000000     
   840.00519999999995        1.2667901000000001E-002   17.633091519097086        77.826989965096175       0.50000000000000000     
   660.00521000000003        1.3742117000000000E-002   16.257411209226756        77.530808092238303        3.0000000000000000     
   820.00405999999998        1.3182302999999999E-002   17.303774472487635        77.441706972135805       0.50000000000000000     
   680.00519999999995        1.3558462000000000E-002   15.190790953377904        77.090579744435018        1.5000000000000000     
   7250.0051999999996        1.3241005000000000E-002   17.242072704101382        77.070951103335375        3.5000000000000000     
   900.00472000000002        1.2932196999999999E-002   17.482213135627685        76.648675116675037        1.5000000000000000     
   660.00409000000002        1.1854968000000000E-002   14.256876758625950        76.487820653784965        1.0000000000000000     
   740.00469999999996        1.2003358000000000E-002   14.251143154864796        76.462786244760522        2.0000000000000000     
   7000.0051999999996        1.2210041000000000E-002   17.735131581886559        76.369968516121048        2.5000000000000000     
   680.00521000000003        1.3716723000000000E-002   16.319482451610298        76.230176036899167        3.0000000000000000     
   3500.0052000000001        1.0553247000000000E-002   15.023008223307107        76.190181300996386        2.0000000000000000     
   840.00405999999998        1.2708920000000000E-002   17.594411103840677        76.117857102010561       0.50000000000000000     
   1100.0047000000000        1.0845397999999999E-002   14.693683452169385        75.989217950942844        2.0000000000000000     
   760.00521000000003        1.2866724000000000E-002   17.508436813936900        75.664802098969915        1.0000000000000000     
   7600.0051999999996        1.2160166000000000E-002   14.272695575837735        75.230840841625280        3.5000000000000000     
   700.00521000000003        1.3690885000000000E-002   16.378666781911082        75.062018878201741        3.0000000000000000     
   820.00519999999995        1.3457469999999999E-002   16.929263134575976        74.693721394283301        1.5000000000000000     
   280.00520999999998        1.3376757000000000E-002   17.043674773181554        74.617923313221667        1.0000000000000000     
   680.00473000000000        1.3281642000000000E-002   14.849065638077386        74.181404128300500        1.5000000000000000     
   720.00521000000003        1.3664587000000001E-002   16.434812542572022        73.997799052689487        3.0000000000000000     
   11400.004999999999        1.2346698999999999E-002   14.315707150450432        73.926063029333434        3.5000000000000000     
   160.00521000000001        1.3626368999999999E-002   15.463860246016299        73.313052125915959       0.50000000000000000     
   740.00521000000003        1.3637808000000000E-002   16.487766367848817        73.008280072624700        3.0000000000000000     
   760.00522000000001        1.3353512000000000E-002   14.961216355242446        72.776656379027898        2.5000000000000000     
   6300.0051999999996        1.3209345000000001E-002   17.199822574154176        72.552239236619826        3.5000000000000000     
   760.00521000000003        1.3610527000000001E-002   16.537373609577905        72.064193411085583        3.0000000000000000     
   660.00432000000001        1.1759673999999999E-002   14.323550328185066        71.706000189089380        1.0000000000000000     
   780.00521000000003        1.3582723999999999E-002   16.583478798671468        71.136572127324783        3.0000000000000000     
   2100.0052000000001        1.2930726999999999E-002   17.397048692770692        70.449944602538409        3.0000000000000000     
   180.00521000000001        1.3622051000000000E-002   16.424603396901052        70.283440470492806       0.50000000000000000     
   800.00521000000003        1.3554373999999999E-002   16.625926141942788        70.196554435947007        3.0000000000000000     
   880.00473000000000        1.3110236000000001E-002   17.253647926540363        70.106427871351030        1.5000000000000000     
   6200.0051999999996        1.2182451000000000E-002   14.341341501453810        69.610907547294318        3.5000000000000000     
   820.00521000000003        1.3525456000000000E-002   16.664558907867217        69.216366359263901        3.0000000000000000     
   6000.0051999999996        1.3204758000000000E-002   17.141966148672022        68.888213943625345        3.5000000000000000     
   3100.0052000000001        1.2205941999999999E-002   17.640409573727165        68.333889972155362        2.5000000000000000     
   2900.0052000000001        1.3228233000000001E-002   17.105214255156710        68.251372297644707        3.5000000000000000     
   840.00521000000003        1.3495943999999999E-002   16.699221501368189        68.168981440163151        3.0000000000000000     
   660.00405999999998        1.3227305999999999E-002   14.897316739672579        68.054760752725684       0.50000000000000000     
   8100.0051999999996        1.1344307000000000E-002   17.509720467344504        67.729728839071257        2.0000000000000000     
   700.00519999999995        1.3544575000000000E-002   15.443180935352013        67.393987816915825        1.5000000000000000     
   760.00521000000003        1.3341379000000000E-002   15.055364724393820        67.290837246876251        2.5000000000000000     
   2550.0052000000001        1.2274512000000000E-002   14.382699293000533        67.275458521488403        3.5000000000000000     
   860.00521000000003        1.3465814000000000E-002   16.729757378917771        67.028915184169449        3.0000000000000000     
   520.00521000000003        1.3019526999999999E-002   14.730405855235642        66.282615015704621        1.0000000000000000     
   800.00519999999995        1.3472466000000001E-002   16.685871476005083        65.964397456956476        1.5000000000000000     
   2200.0052000000001        1.3310571000000000E-002   16.959533847777610        65.957540260325572        3.5000000000000000     
   880.00521000000003        1.3435035999999999E-002   16.756011187031397        65.772033080625945        3.0000000000000000     
   5450.0051999999996        1.1370945000000000E-002   17.493611516696998        65.664637733565044        2.0000000000000000     
   8250.0051999999996        1.0608047000000001E-002   15.181430133341530        65.189746468335827        2.0000000000000000     
   10000.004999999999        1.1856887000000000E-002   14.391869446456298        65.164128299331878        3.0000000000000000     
   180.00521000000001        1.3425400000000001E-002   15.244067939999024        65.079963124017397        1.0000000000000000     
   260.00520999999998        1.3386604000000000E-002   16.820393688162543        64.892913336902680        1.0000000000000000     
   2650.0052000000001        1.1434893000000000E-002   17.508388338104048        64.864531207617731        2.0000000000000000     
   280.00520999999998        1.1692866000000000E-002   17.579670242804927        64.742232508948248        1.0000000000000000     
   2450.0052000000001        1.0621154000000001E-002   15.173502859308321        64.607847274678932        2.0000000000000000     
   760.00469999999996        1.1958629000000000E-002   14.393797926618614        64.539914584389322        2.0000000000000000     
   920.00432000000001        1.1383781000000001E-002   17.481934502132468        64.396391957680024        1.0000000000000000     
   900.00521000000003        1.3403584000000000E-002   16.777828261099600        64.376623258138082        3.0000000000000000     
   4000.0052000000001        1.1181663000000000E-002   14.621760308439127        64.230501754670556        2.5000000000000000     
   640.00405999999998        1.2781215000000000E-002   14.604440703565833        63.947064972026041       0.50000000000000000     
   780.00522000000001        1.3327171000000001E-002   15.123622705848765        63.235502276202524        2.5000000000000000     
   920.00521000000003        1.3371427999999999E-002   16.795054141659215        62.823148088546205        3.0000000000000000     
   3750.0052000000001        1.2183035000000000E-002   17.572624562864227        62.666243873400084        2.5000000000000000     
   880.00472000000002        1.2952475999999999E-002   17.263152556713692        62.569122759831060        1.5000000000000000     
   3350.0052000000001        1.1320313000000000E-002   17.424345243600978        62.268343845422557        2.0000000000000000     
   5600.0051999999996        1.0640375000000001E-002   15.199174040783943        62.247560796613868        2.0000000000000000     
   8350.0051999999996        1.3156273000000000E-002   17.073273663192882        62.222090996298874        3.5000000000000000     
   680.00472000000002        1.3138388000000001E-002   14.910749554311403        62.059845052327624        1.5000000000000000     
   9750.0051999999996        1.2882078999999999E-002   17.299556062210819        61.672732751235657        3.0000000000000000     
   920.00409000000002        1.1502705000000000E-002   17.485954745103410        61.384094205243606        1.0000000000000000     
   940.00521000000003        1.3338536000000000E-002   16.807534895720707        61.094782554785084        3.0000000000000000     
   720.00519999999995        1.3530517000000001E-002   15.694525262220305        60.894930457043522        1.5000000000000000     
   700.00473000000000        1.3265580000000001E-002   15.097865788520455        60.388473214791105        1.5000000000000000     
   800.00405999999998        1.3188096000000000E-002   17.001640119027126        60.371376866978437       0.50000000000000000     
   740.00521000000003        1.2880279000000000E-002   17.278120839458584        60.212099714131192        1.0000000000000000     
   780.00519999999995        1.3487262999999999E-002   16.440510218207546        60.150014737207982        1.5000000000000000     
   1600.0052000000001        1.1250402000000000E-002   14.643662428056079        60.038718605856950        2.5000000000000000     
   2300.0052000000001        1.1363445999999999E-002   17.408177067186674        59.704090221051267        2.0000000000000000     
   640.00519999999995        1.2741839000000000E-002   14.645578461125215        59.619569500565127       0.50000000000000000     
   6650.0051999999996        1.2707581000000001E-002   17.371719229604416        59.557112141177484        3.0000000000000000     
   960.00521000000003        1.3304874000000000E-002   16.815117093032395        59.177802436397329        3.0000000000000000     
   780.00521000000003        1.3314858000000001E-002   15.224709432538237        58.248177339866757        2.5000000000000000     
   860.00473000000000        1.3128549999999999E-002   17.024094776205189        58.059881156098115        1.5000000000000000     
   740.00519999999995        1.3516281999999999E-002   15.944649391303466        57.554372736915916        1.5000000000000000     
   760.00519999999995        1.3501866000000000E-002   16.193372788609128        57.324865754466153        1.5000000000000000     
   980.00521000000003        1.3270409000000000E-002   16.817648605399533        57.062208270288593        3.0000000000000000     
   2450.0052000000001        1.1799674000000000E-002   14.505036393143723        56.876165688065086        3.0000000000000000     
   240.00521000000001        1.3396394000000001E-002   16.561138763734725        56.619825113393418        1.0000000000000000     
   5900.0051999999996        1.3134946999999999E-002   16.984620376321889        56.439550361627681        3.5000000000000000     
   1500.0052000000001        1.1883313000000000E-002   14.509430109933824        55.885359690351670        3.0000000000000000     
   820.00519999999995        1.2675617000000000E-002   17.333434586268094        55.862652415430652       0.50000000000000000     
   4850.0051999999996        1.2704887000000000E-002   17.316846567050284        55.773763433628218        3.0000000000000000     
   680.00409000000002        1.1831130000000000E-002   14.522986006194555        55.252183780551320        1.0000000000000000     
   9700.0051999999996        1.3268930999999999E-002   16.773899503035850        55.227659676608738        3.5000000000000000     
   800.00522000000001        1.3300314000000001E-002   15.281446426150774        55.178395178180544        2.5000000000000000     
   1750.0052000000001        1.2259272999999999E-002   17.459055543838765        54.901637712188361        2.5000000000000000     
   1000.0051999999999        1.3235101000000001E-002   16.814975957402257        54.741508715597618        3.0000000000000000     
   820.00405999999998        1.2716461000000000E-002   17.294415906751400        54.720722004320251       0.50000000000000000     
   1600.0052000000001        1.1291275000000000E-002   14.701624496105458        54.701751246904081        2.5000000000000000     
   2350.0052000000001        1.2134328000000000E-002   17.472906626273147        54.687446939006016        2.5000000000000000     
   780.00469999999996        1.1912453000000000E-002   14.527053972309657        54.430860335669479        2.0000000000000000     
   680.00405999999998        1.3221840000000000E-002   15.196170445400599        53.475874865456070       0.50000000000000000     
   540.00521000000003        1.3007523000000000E-002   14.961013518219248        52.364888099201195        1.0000000000000000     
   3350.0052000000001        1.1228781000000000E-002   14.776478465953218        52.294591891842956        2.5000000000000000     
   6900.0051999999996        1.1217751000000000E-002   14.789727837251617        51.916804829697796        2.5000000000000000     
   7300.0051999999996        1.3119464000000001E-002   16.905138638724925        51.811891037736487        3.5000000000000000     
   7250.0051999999996        1.1226264999999999E-002   14.786017699242382        51.810471577591059        2.5000000000000000     
   680.00432000000001        1.1734418000000000E-002   14.586475963993534        51.714598577728545        1.0000000000000000     
   4700.0051999999996        1.1280366000000000E-002   17.234150495765828        51.025013023186389        2.0000000000000000     
   220.00521000000001        1.3406125000000000E-002   16.248686349297692        50.975812850120249        1.0000000000000000     
   200.00521000000001        1.3415794999999999E-002   15.827817151541828        50.853062892981100        1.0000000000000000     
   800.00521000000003        1.3287815000000000E-002   15.388963759854130        50.795820841556875        2.5000000000000000     
   860.00472000000002        1.2972417999999999E-002   17.040420691379957        50.701799932271008        1.5000000000000000     
   1000.0051999999999        1.0897627000000000E-002   15.116185497134776        49.908858618071747        2.0000000000000000     
   6300.0051999999996        1.2297647000000000E-002   14.620669391296127        49.778665312300831        3.5000000000000000     
   720.00473000000000        1.3249298000000000E-002   15.345356310139415        49.732597989043597        1.5000000000000000     
   700.00472000000002        1.3121031999999999E-002   15.155736050276211        49.237360101978368        1.5000000000000000     
   260.00520999999998        1.1718252000000000E-002   17.373179226161167        49.125076761985099        1.0000000000000000     
   900.00432000000001        1.1417039000000000E-002   17.267044504282097        48.631131816952632        1.0000000000000000     
   840.00473000000000        1.3146580999999999E-002   16.791524793090989        48.528988384720989        1.5000000000000000     
   820.00522000000001        1.3272921999999999E-002   15.434397534173437        48.505915994128067        2.5000000000000000     
   11700.004999999999        1.1423503000000000E-002   17.265589583605518        48.351643854914450        2.0000000000000000     
   1050.0052000000001        1.3142885999999999E-002   16.784526715913266        48.041765615726163        3.0000000000000000     
   780.00405999999998        1.3193839000000001E-002   16.699699313105807        47.870768602522809       0.50000000000000000     
   6150.0051999999996        1.2669437000000000E-002   17.210802624695880        47.854721797254591        3.0000000000000000     
   7100.0051999999996        1.1233285000000001E-002   14.849733015806835        47.774150410468515        2.5000000000000000     
   6350.0051999999996        1.3085876000000000E-002   16.855007416540690        47.754110187586448        3.5000000000000000     
   2800.0052000000001        1.0742053000000000E-002   15.433457773291796        47.585020495949060        2.0000000000000000     
   720.00521000000003        1.2893666999999999E-002   17.047171060672500        47.380198621736056        1.0000000000000000     
   2250.0052000000001        1.3192661000000000E-002   16.682355332452811        47.201227965982291        3.5000000000000000     
   2600.0052000000001        1.1252003999999999E-002   17.151875596544457        47.157884866415735        2.0000000000000000     
   1050.0047000000000        1.1074129000000000E-002   14.999676309659939        46.447115189655065        2.0000000000000000     
   6600.0051999999996        1.2300416999999999E-002   14.671712367801653        46.364958992956353        3.5000000000000000     
   2150.0052000000001        1.2805650999999999E-002   17.096552687567790        46.287533184298923        3.0000000000000000     
   800.00469999999996        1.1864730000000000E-002   14.650225382121441        46.004735964927605        2.0000000000000000     
   2950.0052000000001        1.3106857000000000E-002   16.783684565156673        45.982348992731545        3.5000000000000000     
   9900.0051999999996        1.1461437999999999E-002   17.243365023563321        45.900139456150839        2.0000000000000000     
   900.00409000000002        1.1533636000000000E-002   17.262687034154347        45.296847254752727        1.0000000000000000     
   660.00405999999998        1.2774275999999999E-002   14.901284165007418        45.166995113806010       0.50000000000000000     
   6050.0051999999996        1.3081409000000000E-002   16.798156586183453        45.162485036217305        3.5000000000000000     
   820.00521000000003        1.3260229000000000E-002   15.547819684143411        44.816106115925827        2.5000000000000000     
   3200.0052000000001        1.2339240000000000E-002   14.708583709710830        44.570994213394052        3.5000000000000000     
   6900.0051999999996        1.2059065000000001E-002   17.324667115531874        43.955789726934562        2.5000000000000000     
   1150.0052000000001        1.2701633000000000E-002   17.125008420655334        43.948320009695180        2.5000000000000000     
   2000.0052000000001        1.1291191000000001E-002   14.884732166626701        43.655813173831923        2.5000000000000000     
   10000.004999999999        1.2804190000000000E-002   17.045282303985953        43.483416280970957        3.0000000000000000     
   700.00405999999998        1.3216331000000000E-002   15.495754208625289        43.343124671277984       0.50000000000000000     
   840.00522000000001        1.3244970000000000E-002   15.582184132378941        43.113011831085544        2.5000000000000000     
   1100.0052000000001        1.2801854000000000E-002   17.036627429213549        42.939156619349816        2.5000000000000000     
   9900.0051999999996        1.2556332000000000E-002   14.813802887607403        42.914221434407388        3.5000000000000000     
   6400.0051999999996        1.1801102000000001E-002   14.708303774862598        42.700987617810547        3.0000000000000000     
   740.00473000000000        1.3232789999999999E-002   15.591342835856999        42.169298342842296        1.5000000000000000     
   1200.0052000000001        1.2593971000000001E-002   17.150414941599145        41.906401626964524        2.5000000000000000     
   820.00473000000000        1.3164339000000001E-002   16.556168285512566        41.625213200185627        1.5000000000000000     
   6700.0051999999996        1.2049435000000001E-002   17.287507800472710        41.503002655598607        2.5000000000000000     
   660.00519999999995        1.2734745000000000E-002   14.942255044771109        41.466864981728314       0.50000000000000000     
   180.00521000000001        1.2787414000000000E-002   14.982395804082605        41.388477685248134        2.0000000000000000     
   2700.0052000000001        1.0763829000000001E-002   15.653959570904437        41.196569836201178        2.0000000000000000     
   840.00472000000002        1.2992033000000000E-002   16.814269537253278        41.179109558752330        1.5000000000000000     
   560.00521000000003        1.2995402000000000E-002   15.192113015097464        41.087663814704698        1.0000000000000000     
   840.00521000000003        1.3232076000000001E-002   15.700968849256608        40.185774323059718        2.5000000000000000     
   1100.0052000000001        1.3044465999999999E-002   16.718194667721399        40.167821141116903        3.0000000000000000     
   11900.004999999999        1.2205774000000001E-002   17.247798648333713        39.983609039913219        2.5000000000000000     
   760.00405999999998        1.3199532999999999E-002   16.398047666094392        39.933035763713974       0.50000000000000000     
   7050.0051999999996        1.2053484000000000E-002   17.261276277139377        39.841958456625690        2.5000000000000000     
   1050.0052000000001        1.2895513000000001E-002   16.888473048028345        39.783197680847238        2.5000000000000000     
   720.00472000000002        1.3103427000000001E-002   15.399143180227192        39.464502823821363        1.5000000000000000     
   820.00469999999996        1.1815351000000000E-002   14.762597380491750        39.131511301430940        2.0000000000000000     
   860.00522000000001        1.3216436000000000E-002   15.724513393571012        38.890237122938657        2.5000000000000000     
   8400.0051999999996        1.3028222000000001E-002   16.705331575331392        38.868328775832836        3.5000000000000000     
   800.00519999999995        1.2683256000000000E-002   17.033704392594387        38.384588113662389       0.50000000000000000     
   11800.004999999999        1.0858367000000001E-002   15.518550754828036        38.377983532680950        2.0000000000000000     
   7550.0051999999996        1.2358592999999999E-002   14.814763463796467        38.334363775793349        3.5000000000000000     
   1150.0052000000001        1.2719039000000000E-002   16.998634507480141        37.857198986300396        2.5000000000000000     
   4800.0051999999996        1.0800544000000000E-002   15.727457728545730        37.824351403518250        2.0000000000000000     
   800.00405999999998        1.2723928000000001E-002   16.994371724339445        37.821171809008483       0.50000000000000000     
   700.00409000000002        1.1806832999999999E-002   14.787248592319269        37.701985619339752        1.0000000000000000     
   720.00405999999998        1.3210777000000000E-002   15.795985706503405        37.690071212676919       0.50000000000000000     
   760.00473000000000        1.3216047999999999E-002   15.835625755291963        37.644792613399893        1.5000000000000000     
   800.00473000000000        1.3181830000000000E-002   16.318252764489785        37.450175963880227        1.5000000000000000     
   2500.0052000000001        1.2462613000000001E-002   14.869422903561377        37.305383286996481        3.5000000000000000     
   700.00521000000003        1.2906895000000000E-002   16.815723264454384        37.196575173015525        1.0000000000000000     
   980.00521000000003        1.0988181000000000E-002   15.319776402271938        37.162046740076349        2.0000000000000000     
   1100.0052000000001        1.2818296000000000E-002   16.901927023652938        37.077017729988555        2.5000000000000000     
   8600.0051999999996        1.2384848000000000E-002   14.845096874522980        37.047729501831519        3.5000000000000000     
   860.00521000000003        1.3203332000000000E-002   15.848101851250506        36.777025557235191        2.5000000000000000     
   8150.0051999999996        1.1135603000000001E-002   16.847526597273415        36.637088075965622        2.0000000000000000     
   740.00405999999998        1.3205178000000000E-002   16.096779619438596        36.545509488192316       0.50000000000000000     
   1250.0052000000001        1.2477805000000000E-002   17.109944642502409        36.506867556589711        2.5000000000000000     
   10200.004999999999        1.2003478999999999E-002   14.793942716578231        36.364655774665536        3.0000000000000000     
   10000.004999999999        1.0900814999999999E-002   15.506468900609377        36.294516601886677        2.0000000000000000     
   1200.0052000000001        1.2612478000000000E-002   17.035575020468649        36.188622762382337        2.5000000000000000     
   780.00473000000000        1.3199064000000000E-002   16.077999418881877        36.095961447551609        1.5000000000000000     
   1000.0051999999999        1.2983348000000000E-002   16.684126233231751        35.875050675178116        2.5000000000000000     
   880.00522000000001        1.3187295999999999E-002   15.861091261445182        35.724187497761150        2.5000000000000000     
   2700.0052000000001        1.1235531000000000E-002   16.917545103321086        35.657546825656915        2.0000000000000000     
   3150.0052000000001        1.2050697000000001E-002   17.188821584457262        35.396672587270174        2.5000000000000000     
   700.00432000000001        1.1708651000000000E-002   14.847275748886817        35.341435089840864        1.0000000000000000     
   11200.004999999999        1.3114071000000000E-002   16.414133875510533        35.316527937086413        3.5000000000000000     
   5950.0051999999996        1.3006853000000001E-002   16.627821950483977        35.197835114768004        3.5000000000000000     
   5500.0051999999996        1.1162722999999999E-002   16.835981430925795        34.997443554327482        2.0000000000000000     
   880.00432000000001        1.1449440999999999E-002   17.045979900504928        34.929728686250655        1.0000000000000000     
   1050.0052000000001        1.2911104000000000E-002   16.748945849423727        34.775760235225590        2.5000000000000000     
   980.00521000000003        1.3016995000000000E-002   16.587531106140759        34.486791816914995        2.5000000000000000     
   6150.0051999999996        1.2380479000000000E-002   14.888909622863460        34.482151653222679        3.5000000000000000     
   880.00521000000003        1.3173974000000000E-002   15.988910945342852        34.458449735970063        2.5000000000000000     
   820.00472000000002        1.3011330999999999E-002   16.584948112869267        34.123868194718575        1.5000000000000000     
   9750.0051999999996        1.3114509000000000E-002   16.343922693256335        34.010329731257301        3.5000000000000000     
   3400.0052000000001        1.1103752000000000E-002   16.742377516660412        33.859621972655731        2.0000000000000000     
   840.00469999999996        1.1764195999999999E-002   14.863423086672237        33.685264265903584        2.0000000000000000     
   900.00522000000001        1.3157523000000001E-002   15.991624220602302        33.498242922570697        2.5000000000000000     
   960.00521000000003        1.3049849000000001E-002   16.482847299733102        33.383112159983938        2.5000000000000000     
   240.00521000000001        1.1743243000000000E-002   17.121901792074219        33.114693848200353        1.0000000000000000     
   900.00521000000003        1.3143975000000000E-002   16.123090535377784        33.095753654826588        2.5000000000000000     
   2350.0052000000001        1.1151924000000001E-002   16.776570331945788        33.057360015011554        2.0000000000000000     
   3450.0052000000001        1.0852818000000000E-002   15.955835848465794        32.949426995946595        2.0000000000000000     
   940.00521000000003        1.3081941999999999E-002   16.370354121879679        32.694018050328175        2.5000000000000000     
   740.00472000000002        1.3085562000000000E-002   15.640761754863231        32.687425707673427        1.5000000000000000     
   920.00521000000003        1.3113306999999999E-002   16.250337320451010        32.553032775358083        2.5000000000000000     
   580.00521000000003        1.2983161000000000E-002   15.423625484701619        32.470329318572709        1.0000000000000000     
   1000.0051999999999        1.2998182000000000E-002   16.543477573324306        32.293380484213536        2.5000000000000000     
   160.00521000000001        1.1839383000000000E-002   14.877750494950993        32.131043401020079        1.0000000000000000     
   2300.0052000000001        1.3067258000000000E-002   16.381909554032934        32.122364980698599        3.5000000000000000     
   920.00522000000001        1.3127091000000000E-002   16.115819811319753        32.093710368951228        2.5000000000000000     
   7350.0051999999996        1.2989773000000000E-002   16.546686923308577        31.962930605869794        3.5000000000000000     
   1250.0052000000001        1.2497584000000001E-002   17.009491195042912        31.666557301593325        2.5000000000000000     
   980.00522000000001        1.3031549999999999E-002   16.447497349500594        31.608733202616211        2.5000000000000000     
   880.00409000000002        1.1563818999999999E-002   17.033867976334943        31.478420875228736        1.0000000000000000     
   1150.0052000000001        1.2939028000000000E-002   16.613502140940181        31.453962376399808        3.0000000000000000     
   940.00522000000001        1.3095972000000001E-002   16.233387903948124        31.390614938935212        2.5000000000000000     
   1000.0047000000000        1.1271200000000000E-002   15.151472889431838        31.278692568686530        2.0000000000000000     
   6700.0051999999996        1.2566940000000000E-002   16.964035990445932        31.269658575434431        3.0000000000000000     
   960.00522000000001        1.3064134999999999E-002   16.344041706328607        31.268701190094330        2.5000000000000000     
   680.00405999999998        1.2767275999999999E-002   15.198848755412431        30.763894687401113       0.50000000000000000     
   8200.0051999999996        1.0894571000000000E-002   16.084491068406166        30.727801905198728        2.0000000000000000     
   5100.0051999999996        1.1862213000000000E-002   14.901950137610115        30.617468067240015        3.0000000000000000     
   3800.0052000000001        1.2024653000000000E-002   17.106148937141608        30.604330127853107        2.5000000000000000     
   9800.0051999999996        1.2718261000000000E-002   16.827259733228175        30.006438400291930        3.0000000000000000     
   2400.0052000000001        1.0908688000000000E-002   16.043933519085890        29.822302388955155        2.0000000000000000     
   6900.0051999999996        1.1855708000000000E-002   14.918084172171355        29.784050148430047        3.0000000000000000     
   680.00521000000003        1.2919966000000000E-002   16.583908787230310        29.682173639006272        1.0000000000000000     
   800.00472000000002        1.3030323999999999E-002   16.352700514654206        29.649131198522667        1.5000000000000000     
   860.00469999999996        1.1711133000000000E-002   14.951921975362440        29.547791522405976        2.0000000000000000     
   1800.0052000000001        1.2104835000000000E-002   17.079834272769922        29.425809991951663        2.5000000000000000     
   4750.0051999999996        1.1058525000000000E-002   16.535651771157227        29.332450795033779        2.0000000000000000     
   5550.0051999999996        1.0923257000000000E-002   16.083106952690780        29.157057800132215        2.0000000000000000     
   2650.0052000000001        1.1026632999999999E-002   16.461290837407745        29.005814872314790        2.0000000000000000     
   4900.0051999999996        1.2565270000000000E-002   16.915621217796740        28.947309463461700        3.0000000000000000     
   760.00472000000002        1.3067429000000000E-002   15.880376587358505        28.842862200852529        1.5000000000000000     
   6400.0051999999996        1.2953612999999999E-002   16.486082126341191        28.641340655535853        3.5000000000000000     
   3000.0052000000001        1.2977034000000000E-002   16.436858941267658        28.636030356601836        3.5000000000000000     
   1300.0052000000001        1.2351831000000001E-002   17.000820156858836        28.135650383471653        2.5000000000000000     
   780.00472000000002        1.3049020000000000E-002   16.117765388676158        27.857792558894584        1.5000000000000000     
   980.00469999999996        1.1342989000000000E-002   15.174992273671119        27.807530103705957        2.0000000000000000     
   680.00519999999995        1.2727588999999999E-002   15.239638060233407        27.688401047080326       0.50000000000000000     
   960.00521000000003        1.1073336000000000E-002   15.504524300643970        27.605059340436966        2.0000000000000000     
   6100.0051999999996        1.2949321999999999E-002   16.430270979581056        27.158635389232959        3.5000000000000000     
   880.00469999999996        1.1656013999999999E-002   15.027276397999939        26.612938796590740        2.0000000000000000     
   600.00521000000003        1.2970793000000000E-002   15.655459200229915        26.528686390836281        1.0000000000000000     
   2200.0052000000001        1.2671774000000000E-002   16.767974244627677        26.026618817777628        3.0000000000000000     
   2750.0052000000001        1.1008010000000000E-002   16.235928152674077        25.992657534585941        2.0000000000000000     
   960.00469999999996        1.1411338000000000E-002   15.179314940236736        25.501172874946668        2.0000000000000000     
   780.00405999999998        1.2731322999999999E-002   16.694385101194637        25.425100293558330       0.50000000000000000     
   2400.0052000000001        1.1971147000000000E-002   17.007938140549921        25.419294013723611        2.5000000000000000     
   780.00519999999995        1.2690821000000000E-002   16.734009724909619        25.400098458954048       0.50000000000000000     
   1450.0052000000001        1.2084572999999999E-002   14.995696214385662        25.394466410756767        3.0000000000000000     
   660.00521000000003        1.2932885999999999E-002   16.351854443264671        24.851946963039357        1.0000000000000000     
   900.00469999999996        1.1598673000000000E-002   15.088627247097399        24.791590976151333        2.0000000000000000     
   1300.0052000000001        1.2373093999999999E-002   16.917218456611401        24.512220298628648        2.5000000000000000     
   6250.0051999999996        1.2484037999999999E-002   15.137199101984168        24.467954117819716        3.5000000000000000     
   2550.0052000000001        1.1361891000000001E-002   15.246124826259930        24.387771927443861        2.5000000000000000     
   9850.0051999999996        1.2761560999999999E-002   15.373044179526577        24.326219378370162        3.5000000000000000     
   940.00469999999996        1.1476559000000001E-002   15.165639522686469        24.253696991997998        2.0000000000000000     
   920.00469999999996        1.1538925000000000E-002   15.135068495735050        24.017416278516933        2.0000000000000000     
   720.00409000000002        1.1782056000000001E-002   15.049396757239657        23.778652193789881        1.0000000000000000     
   480.00520999999998        1.2324639000000000E-002   16.915922619919108        23.607617658091645        2.0000000000000000     
   460.00520999999998        1.2359680000000000E-002   16.901776963340414        23.564284407811655        2.0000000000000000     
   860.00432000000001        1.1481029000000000E-002   16.819190440409212        23.510096752676201        1.0000000000000000     
   500.00520999999998        1.2288825999999999E-002   16.925675584985861        23.507393139819950        2.0000000000000000     
   440.00520999999998        1.2393993000000001E-002   16.882934165528944        23.370080232927986        2.0000000000000000     
   620.00521000000003        1.2958295000000000E-002   15.887514122635933        23.274560641304333        1.0000000000000000     
   520.00521000000003        1.2252196000000000E-002   16.931190124634746        23.267946200117930        2.0000000000000000     
   420.00520999999998        1.2427619000000001E-002   16.858888671935865        23.013693679866300        2.0000000000000000     
   540.00521000000003        1.2214700000000000E-002   16.932508014286814        22.891681578071658        2.0000000000000000     
   6200.0051999999996        1.2526738000000001E-002   16.797782540619199        22.847747445275747        3.0000000000000000     
   9800.0051999999996        1.2946328000000000E-002   15.879568975121762        22.751009003782531        3.5000000000000000     
   640.00521000000003        1.2945661000000001E-002   16.119683565507341        22.714973188230470        1.0000000000000000     
   3150.0052000000001        1.2521129000000001E-002   15.204001590345044        22.629722441305322        3.5000000000000000     
   720.00432000000001        1.1682349999999999E-002   15.105660238271215        22.518627829246959        1.0000000000000000     
   1200.0052000000001        1.2825596000000000E-002   16.467806372937904        22.511289642326638        3.0000000000000000     
   400.00520999999998        1.2460595000000000E-002   16.828859800075278        22.478907811249655        2.0000000000000000     
   560.00521000000003        1.2176285000000000E-002   16.929583546574566        22.380048677607800        2.0000000000000000     
   6550.0051999999996        1.2487342000000000E-002   15.189511952329768        22.359827320076320        3.5000000000000000     
   8450.0051999999996        1.2889510000000000E-002   16.304961788599719        22.105744245261938        3.5000000000000000     
   2450.0052000000001        1.2633047000000000E-002   15.304761616881736        22.102622985306809        3.5000000000000000     
   11700.004999999999        1.1116958999999999E-002   16.308475331290722        21.872961856422105        2.0000000000000000     
   2350.0052000000001        1.2933218999999999E-002   16.055024412389255        21.848135795775086        3.5000000000000000     
   11300.004999999999        1.2770518000000000E-002   15.472034642926001        21.811135707077518        3.5000000000000000     
   380.00520999999998        1.2492958000000000E-002   16.791915232578276        21.753432973533990        2.0000000000000000     
   580.00521000000003        1.2136894000000001E-002   16.922304950136748        21.734659096958360        2.0000000000000000     
   2400.0052000000001        1.2011456000000000E-002   15.069259068007351        21.660247415301470        3.0000000000000000     
   600.00521000000003        1.2096466000000000E-002   16.910505316208305        20.958139894075718        2.0000000000000000     
   360.00520999999998        1.2524735000000000E-002   16.747832255738015        20.864997504796477        2.0000000000000000     
   700.00405999999998        1.2760216000000000E-002   15.497048647888050        20.772211272695962       0.50000000000000000     
   9950.0051999999996        1.1205214000000000E-002   16.445318509314866        20.749834663494010        2.0000000000000000     
   11000.004999999999        1.2091408999999999E-002   16.905508834775826        20.707545778098339        2.5000000000000000     
   940.00521000000003        1.1153708999999999E-002   15.672293951703123        20.589993593918592        2.0000000000000000     
   200.00521000000001        1.2760137000000000E-002   15.507822341736176        20.501178200927747        2.0000000000000000     
   6000.0051999999996        1.2869268000000000E-002   16.245022515466687        20.391573132447249        3.5000000000000000     
   860.00409000000002        1.1593287000000001E-002   16.799905586626096        20.131610029328669        1.0000000000000000     
   620.00521000000003        1.2054936000000000E-002   16.893974749924126        20.055219848316046        2.0000000000000000     
   9950.0051999999996        1.2114277999999999E-002   15.113498547113991        19.973606612290776        3.0000000000000000     
   340.00520999999998        1.2555950000000000E-002   16.694696300683319        19.792083847911378        2.0000000000000000     
   7500.0051999999996        1.2537491000000000E-002   15.304148368266883        19.327651715808909        3.5000000000000000     
   1550.0052000000001        1.1496309000000000E-002   15.282848871248245        19.200259061041208        2.5000000000000000     
   640.00521000000003        1.2012233000000001E-002   16.872463470163627        19.033553259530372        2.0000000000000000     
   7400.0051999999996        1.2850683000000000E-002   16.163459149343080        18.759512393978415        3.5000000000000000     
   11100.004999999999        1.2064638000000001E-002   16.858053892919017        18.510863311660533        2.5000000000000000     
   320.00520999999998        1.2586620000000000E-002   16.623988203508933        18.337107707524829        2.0000000000000000     
   700.00519999999995        1.2720369000000000E-002   15.537640673414099        18.317691572239198       0.50000000000000000     
   1350.0052000000001        1.2214414999999999E-002   16.820093735417220        17.963187734367452        2.5000000000000000     
   660.00521000000003        1.1968278000000001E-002   16.845689232928244        17.904913567781815        2.0000000000000000     
   3950.0052000000001        1.1435811000000001E-002   15.369649236771584        17.891282916606610        2.5000000000000000     
   2400.0052000000001        1.2789102000000000E-002   15.697691500862803        17.851810594786951        3.5000000000000000     
   8550.0051999999996        1.2571051999999999E-002   15.383144620724313        17.665273769530771        3.5000000000000000     
   3050.0052000000001        1.2837387000000000E-002   16.061216572216683        17.624112294993523        3.5000000000000000     
   760.00405999999998        1.2738647000000001E-002   16.394560106160640        17.531927272723507       0.50000000000000000     
   220.00521000000001        1.1767847999999999E-002   16.802951975331517        17.465660232531519        1.0000000000000000     
   1550.0052000000001        1.1531494999999999E-002   15.311427745184019        17.340717052176398        2.5000000000000000     
   6100.0051999999996        1.2558557000000000E-002   15.382255991170698        17.339839677088925        3.5000000000000000     
   760.00519999999995        1.2698312000000000E-002   16.434455617249707        16.909783792905333       0.50000000000000000     
   680.00521000000003        1.1922989000000000E-002   16.813336547126550        16.686175339941489        2.0000000000000000     
   300.00520999999998        1.2616765000000000E-002   16.535614548210773        16.682050503740783        2.0000000000000000     
   6450.0051999999996        1.2811102000000000E-002   16.089101169178608        16.645637643890336        3.5000000000000000     
   6950.0051999999996        1.1887392000000000E-002   16.806289209359921        16.569570801509123        2.5000000000000000     
   6150.0051999999996        1.2807054000000000E-002   16.034394984805957        16.312980169220424        3.5000000000000000     
   1350.0052000000001        1.2237434000000000E-002   16.755435564344882        15.676444551842385        2.5000000000000000     
   920.00521000000003        1.1229815000000001E-002   15.824664667493332        15.598186052606273        2.0000000000000000     
   700.00521000000003        1.1876273999999999E-002   16.775058744189536        15.400604072283988        2.0000000000000000     
   720.00405999999998        1.2753092000000001E-002   15.795795628484072        15.221175330554551       0.50000000000000000     
   280.00520999999998        1.2646401000000000E-002   16.430292881185842        15.074655799825432        2.0000000000000000     
   6750.0051999999996        1.1876962000000000E-002   16.765736731160587        15.037276854567041        2.5000000000000000     
   3100.0052000000001        1.2686173000000000E-002   15.652236531423762        14.794320904735116        3.5000000000000000     
   840.00432000000001        1.1511842000000000E-002   16.587109631400942        14.574898850369955        1.0000000000000000     
   6200.0051999999996        1.2652762000000000E-002   15.605538941408875        14.542444306997421        3.5000000000000000     
   1250.0052000000001        1.2702985999999999E-002   16.278162290039507        14.289089961465862        3.0000000000000000     
   740.00405999999998        1.2745902999999999E-002   16.094997620268767        14.134896527675449       0.50000000000000000     
   7100.0051999999996        1.1881401000000000E-002   16.742474650647619        14.133357848421994        2.5000000000000000     
   720.00521000000003        1.1828030999999999E-002   16.730477115323062        14.079253464086220        2.0000000000000000     
   8500.0051999999996        1.2738037000000001E-002   15.866594990708261        14.062388421580762        3.5000000000000000     
   220.00521000000001        1.2732402000000000E-002   15.862170665813364        13.885241037550715        2.0000000000000000     
   7450.0051999999996        1.2700608000000000E-002   15.751180779205180        13.819064931393951        3.5000000000000000     
   6050.0051999999996        1.2720545999999999E-002   15.831754611920632        13.687326852847185        3.5000000000000000     
   6500.0051999999996        1.2656486000000000E-002   15.659075667952038        13.680082167226862        3.5000000000000000     
   260.00520999999998        1.2675542999999999E-002   16.289907900359751        13.510123902309449        2.0000000000000000     
   740.00409000000002        1.1756779000000000E-002   15.309149194878120        13.410781963587166        1.0000000000000000     
   720.00519999999995        1.2713085000000001E-002   15.836173708253604        13.383232399589939       0.50000000000000000     
   740.00432000000001        1.1655489000000000E-002   15.361324673121567        13.164849903108403        1.0000000000000000     
   3300.0052000000001        1.1475600000000001E-002   15.501960898291427        13.075957833309012        2.5000000000000000     
   740.00519999999995        1.2705733000000000E-002   16.135143880772027        12.908074010471998       0.50000000000000000     
   740.00521000000003        1.1778151000000001E-002   16.679179599029158        12.762547381942429        2.0000000000000000     
   240.00521000000001        1.2704207000000000E-002   16.108826471416283        12.693768110807987        2.0000000000000000     
   7200.0051999999996        1.1474336000000000E-002   15.523424292193262        12.586176333991345        2.5000000000000000     
   6850.0051999999996        1.1467903999999999E-002   15.536100798757248        12.458215750521699        2.5000000000000000     
   3200.0052000000001        1.1879964999999999E-002   16.689592485038144        12.248654580048163        2.5000000000000000     
   900.00521000000003        1.1302090000000001E-002   15.962990233207465        12.211202887662155        2.0000000000000000     
   6350.0051999999996        1.2012994000000001E-002   15.316395588176148        11.687095549562349        3.0000000000000000     
   760.00521000000003        1.1726510000000001E-002   16.620716511235560        11.502143992924756        2.0000000000000000     
   840.00409000000002        1.1622074000000000E-002   16.561193450687355        11.444153710019405        1.0000000000000000     
   6750.0051999999996        1.2414295000000001E-002   16.522716179667860        11.121813801015222        3.0000000000000000     
   2250.0052000000001        1.2527636000000000E-002   16.407206150389527        11.105415163381743        3.0000000000000000     
   7050.0051999999996        1.1481069000000000E-002   15.587479600665953        10.986561779045347        2.5000000000000000     
   1400.0052000000001        1.2263322000000000E-002   15.406439789043070        10.541304817968578        3.0000000000000000     
   1850.0052000000001        1.1935101000000000E-002   16.643338043051084        10.452392642897546        2.5000000000000000     
   780.00521000000003        1.1672975000000000E-002   16.554598923589218        10.363132822701395        2.0000000000000000     
   11200.004999999999        1.1604579000000000E-002   15.497168856792776        10.229923154618733        2.5000000000000000     
   1950.0052000000001        1.1534404000000000E-002   15.561713492221953        10.221867583600657        2.5000000000000000     
   880.00521000000003        1.1370906000000000E-002   16.088441608015074        10.089529965665536        2.0000000000000000     
   4950.0051999999996        1.2413960999999999E-002   16.481210379161698        10.073178507271004        3.0000000000000000     
   9850.0051999999996        1.2538419000000000E-002   16.313136795293193        9.6987420962990960        3.0000000000000000     
   800.00521000000003        1.1617393000000000E-002   16.480291574909760        9.4267028474912049        2.0000000000000000     
   3850.0052000000001        1.1850227000000000E-002   16.591782993795956        9.3159763492869292        2.5000000000000000     
   860.00521000000003        1.1436583000000000E-002   16.202042663365500        8.9564992132652677        2.0000000000000000     
   820.00521000000003        1.1559598000000001E-002   16.397206878343699        8.7931807726227866        2.0000000000000000     
   840.00521000000003        1.1499399000000000E-002   16.304696752877774        8.5860370577463652        2.0000000000000000     
   820.00432000000001        1.1541915999999999E-002   16.350154108262327        8.3112214384260810        1.0000000000000000     
   1300.0052000000001        1.2569729999999999E-002   16.041115775334987        8.1570699057699194        3.0000000000000000     
   1400.0052000000001        1.2063463000000000E-002   16.564190093407664        8.0584501146361678        2.5000000000000000     
   11100.004999999999        1.1640307000000001E-002   15.568911359375429        7.8804117830733418        2.5000000000000000     
   760.00432000000001        1.1628042999999999E-002   15.613949002388075        7.1846846288673625        1.0000000000000000     
   2450.0052000000001        1.1791217000000000E-002   16.490969095192927        7.1160247135515506        2.5000000000000000     
   1400.0052000000001        1.2088593999999999E-002   16.520261038931420        6.9630109448979729        2.5000000000000000     
   5050.0051999999996        1.2066159999999999E-002   15.484705466534148        6.7476398531894324        3.0000000000000000     
   760.00409000000002        1.1730980000000000E-002   15.566211670574827        6.5136018298509946        1.0000000000000000     
   6250.0051999999996        1.2371628000000001E-002   16.349554571757551        6.5073943089219721        3.0000000000000000     
   6850.0051999999996        1.2062546000000000E-002   15.510381728525179        6.0909511732812494        3.0000000000000000     
   1350.0052000000001        1.2423975000000000E-002   15.752393360829915        6.0265963910232392        3.0000000000000000     
   2350.0052000000001        1.2200422000000001E-002   15.566118376258414        5.7105559480939627        3.0000000000000000     
   820.00409000000002        1.1650208000000000E-002   16.318110692274832        5.5887214742402751        1.0000000000000000     
   10100.004999999999        1.2447423000000001E-002   16.038103774184673        5.0409812151790687        3.0000000000000000     
   800.00432000000001        1.1571287000000000E-002   16.108722634473981        4.8903864137444595        1.0000000000000000     
   200.00521000000001        1.1792073000000000E-002   16.368772626969555        4.4806721465614840        1.0000000000000000     
   9900.0051999999996        1.2338844999999999E-002   15.746757497077777        4.4736925800256309        3.0000000000000000     
   780.00432000000001        1.1599985000000000E-002   15.863198658270623        4.4681653712676450        1.0000000000000000     
   2500.0052000000001        1.1590221000000000E-002   15.909649882741236        4.4020495192591369        2.5000000000000000     
   7000.0051999999996        1.1696481999999999E-002   16.232229127431836        3.6513386749739203        2.5000000000000000     
   2300.0052000000001        1.2371350999999999E-002   16.008929321215923        3.4495326235843375        3.0000000000000000     
   6800.0051999999996        1.1684926000000000E-002   16.187084813340096        3.3568089207755110        2.5000000000000000     
   7150.0051999999996        1.1690101000000000E-002   16.168173946499227        3.1079967622864757        2.5000000000000000     
   1500.0052000000001        1.1708936000000000E-002   15.804879538927205        3.0697562392738251        2.5000000000000000     
   780.00409000000002        1.1704635000000000E-002   15.820276426558953        2.9885262380136997        1.0000000000000000     
   3900.0052000000001        1.1655825999999999E-002   16.018297144644357        2.9697633438261875        2.5000000000000000     
   3250.0052000000001        1.1690028000000000E-002   16.132266812713091        2.8394288715601665        2.5000000000000000     
   800.00409000000002        1.1677719000000000E-002   16.071021454398686        2.7227273760821062        1.0000000000000000     
   1500.0052000000001        1.1739909000000000E-002   15.807315957750459        2.6193617682494663        2.5000000000000000     
   180.00521000000001        1.1815920000000001E-002   15.761454734170739        2.2697322566430711        1.0000000000000000     
   1900.0052000000001        1.1746599000000000E-002   16.141448525269240        2.1054938687458540        2.5000000000000000     
   1450.0052000000001        1.1896219000000000E-002   16.228213098721742        1.5712928345302444        2.5000000000000000     
   6800.0051999999996        1.2247241000000001E-002   16.041133821033871        1.5705026587968391        3.0000000000000000     
   5000.0051999999996        1.2248632000000001E-002   16.007129723204478        1.5467176874689850        3.0000000000000000     
   6300.0051999999996        1.2201539000000001E-002   15.858976124137319        1.5126425885956212        3.0000000000000000     
   1450.0052000000001        1.1923939000000000E-002   16.206628665620133        1.2120170049207883        2.5000000000000000     
