  #time	ai	proti	chi2	massp                                                                                                                                                                              
   4000.0052000000001        1.3907110000000000E-002   25.409805844138667        99.634946677300533        2.0000000000000000     
   3950.0052000000001        1.3354273999999999E-002   27.465940538502057        99.575993952986664        1.5000000000000000     
   4050.0052000000001        1.3858327000000000E-002   25.274602864581880        99.489510044980108        2.0000000000000000     
   6550.0051999999996        1.3990427999999999E-002   26.126940903134354        99.447945393987268        2.0000000000000000     
   8950.0051999999996        1.3662689000000000E-002   24.900376022461639        99.342692658454339        2.0000000000000000     
   1400.0052000000001        1.2643590000000000E-002   24.114523740350823        99.230718219508347        1.0000000000000000     
   11400.004999999999        1.2062377000000001E-002   27.985185613925328        98.621317365296278        1.0000000000000000     
   5650.0051999999996        1.3277213000000000E-002   27.508588596534960        97.677815388946613        1.5000000000000000     
   3250.0052000000001        1.2513000000000000E-002   24.093951528707649        97.404741998496775        1.5000000000000000     
   11700.004999999999        1.2060180000000000E-002   27.971628164127164        97.273478357783546        1.0000000000000000     
   4500.0051999999996        1.3274447000000000E-002   27.504396786477592        97.185621539661440        1.5000000000000000     
   1450.0052000000001        1.3887577999999999E-002   25.449792344768785        96.641983523810893        1.0000000000000000     
   1300.0041000000001        1.3025683000000000E-002   24.323720016568984        96.548504218782853       0.50000000000000000     
   1550.0047000000000        1.3917627000000000E-002   26.415612331717739        96.250677551237146        1.0000000000000000     
   6900.0051999999996        1.3635572000000000E-002   24.919780979100246        96.049225016982675        2.0000000000000000     
   1100.0052000000001        1.3399642000000000E-002   24.632174353472674        95.748619267005637       0.50000000000000000     
   6400.0051999999996        1.2317346000000000E-002   24.070353048761699        95.606143356435766        1.5000000000000000     
   1900.0052000000001        1.3892941000000001E-002   25.541137131305799        94.844523412800854        1.5000000000000000     
   8700.0051999999996        1.3945645000000000E-002   26.008256913696282        94.640070847701210        2.0000000000000000     
   3950.0052000000001        1.1914854000000001E-002   27.943041862222657        94.566535187898751        1.0000000000000000     
   6600.0051999999996        1.3943542999999999E-002   25.967555635637208        94.460305511119657        2.0000000000000000     
   4450.0051999999996        1.0978032000000000E-002   24.347253252597703        94.399759385853926        1.0000000000000000     
   1500.0047000000000        1.3941455000000000E-002   25.939647670591903        94.322252775496011        1.0000000000000000     
   3150.0052000000001        1.3478067999999999E-002   27.252257156010756        93.820826526231741        1.5000000000000000     
   5250.0051999999996        1.2313001000000001E-002   24.096953398910834        92.988897223404649        1.5000000000000000     
   8900.0051999999996        1.3724167000000001E-002   25.144463761755201        92.617355680538680        2.0000000000000000     
   6850.0051999999996        1.3690416000000000E-002   25.106088072505827        91.414622693282951        2.0000000000000000     
   6300.0051999999996        1.2316507000000001E-002   24.120872106545335        90.782455520852437        1.5000000000000000     
   6650.0051999999996        1.3895495000000001E-002   25.804067017702778        90.782280224035787        2.0000000000000000     
   8750.0051999999996        1.3893597000000001E-002   25.809012255726206        90.554652423750213        2.0000000000000000     
   7900.0051999999996        1.3258326000000001E-002   27.423670641324097        90.255560920974872        1.5000000000000000     
   1950.0052000000001        1.3855427999999999E-002   25.604139145688471        89.982976210637545        1.5000000000000000     
   5450.0047000000004        1.1867235000000000E-002   27.889499589016260        89.695878415191913        1.0000000000000000     
   8850.0051999999996        1.3783024000000000E-002   25.377218540884986        89.175786986495240        2.0000000000000000     
   1550.0052000000001        1.3838491000000000E-002   26.410591144463485        88.715860268576478        1.0000000000000000     
   6800.0051999999996        1.3743755000000000E-002   25.287499387531650        88.708469032289216        2.0000000000000000     
   8800.0051999999996        1.3839443000000000E-002   25.598706200378739        88.614685750388944        2.0000000000000000     
   4750.0051999999996        1.2361828000000000E-002   24.153137428462554        88.545519117293480        1.5000000000000000     
   6700.0051999999996        1.3846224000000001E-002   25.636328908908204        88.519997223610758        2.0000000000000000     
   1500.0052000000001        1.2194559000000001E-002   24.129286019927093        88.435597433459648        1.0000000000000000     
   6150.0051999999996        1.1912226000000000E-002   27.874079354776661        87.996939969860961        1.0000000000000000     
   6750.0051999999996        1.3795666999999999E-002   25.464190562567772        87.787797062146055        2.0000000000000000     
   1500.0052000000001        1.3276055000000000E-002   27.371731620940981        87.749100727659197       0.50000000000000000     
   2350.0052000000001        1.1367515000000000E-002   24.238111226784593        87.607231302628975        1.0000000000000000     
   1300.0041000000001        1.2511581000000001E-002   24.200726683939685        87.477487554726750       0.50000000000000000     
   1500.0052000000001        1.3863289000000001E-002   25.943582457066050        86.875725299731556        1.0000000000000000     
   2050.0052000000001        1.1327808000000000E-002   24.268987000958738        86.206200531073804        1.0000000000000000     
   4000.0052000000001        1.3305469000000000E-002   27.316163276172443        85.913377849644021        1.5000000000000000     
   2000.0052000000001        1.3817229000000000E-002   25.658715207489703        85.469917785396774        1.5000000000000000     
   5600.0051999999996        1.3225671000000000E-002   27.382464748199975        85.336954979979950        1.5000000000000000     
   3200.0052000000001        1.3432611000000001E-002   27.164960053152942        85.237656650302483        1.5000000000000000     
   4050.0052000000001        1.2414536000000000E-002   24.207332448471494        84.637423962671576        1.5000000000000000     
   1300.0052000000001        1.2465692000000000E-002   24.222479696893544        84.411184590351041       0.50000000000000000     
   4600.0047000000004        1.1006353000000000E-002   24.463437163824675        83.708992241111247        1.0000000000000000     
   5700.0051999999996        1.3226701000000000E-002   27.328411728938683        81.736827210500650        1.5000000000000000     
   4550.0051999999996        1.3223660000000000E-002   27.325274660180508        81.342418595633475        1.5000000000000000     
   2050.0052000000001        1.3778334000000000E-002   25.705087138447038        81.236139216371527        1.5000000000000000     
   3200.0052000000001        1.2587045000000000E-002   24.296590965971191        81.155602504330830        1.5000000000000000     
   1450.0052000000001        1.2596695999999999E-002   24.308521491596409        80.428639838219766        1.0000000000000000     
   8600.0051999999996        1.2367052000000000E-002   24.255710111323392        79.431857564386817        1.5000000000000000     
   1600.0041000000001        1.2354756999999999E-002   27.738388241801623        78.696153114482854       0.50000000000000000     
   1600.0052000000001        1.2304532999999999E-002   27.736226863112826        77.680599578265642       0.50000000000000000     
   2100.0052000000001        1.3738732000000000E-002   25.743444446333037        77.225246768102750        1.5000000000000000     
   4150.0047000000004        1.1857787999999999E-002   27.749678798944885        77.040001555172992        1.0000000000000000     
   3250.0052000000001        1.3386013000000000E-002   27.068229211549962        76.553643690713102        1.5000000000000000     
   7950.0051999999996        1.3208294000000001E-002   27.252660562031792        75.728322527633850        1.5000000000000000     
   1550.0041000000001        1.2929428999999999E-002   27.467481080910595        75.433474208424656       0.50000000000000000     
   5900.0047000000004        1.1027362000000001E-002   24.581994875838650        73.919079976608970        1.0000000000000000     
   1150.0052000000001        1.3385297000000001E-002   24.987246854453758        73.617919460348645       0.50000000000000000     
   2150.0052000000001        1.3698405000000000E-002   25.773938402432716        73.392088353447036        1.5000000000000000     
   4050.0052000000001        1.3255388000000000E-002   27.159853858989159        73.031501107257853        1.5000000000000000     
   6350.0051999999996        1.2400095000000000E-002   24.366166209749348        70.737219793070750        1.5000000000000000     
   5650.0051999999996        1.3173745000000001E-002   27.195414856257578        70.167350765110683        1.5000000000000000     
   4000.0052000000001        1.1841628000000000E-002   27.666971737096478        70.096909527878708        1.0000000000000000     
   2200.0052000000001        1.3657331000000000E-002   25.796682910749173        69.702100497193825        1.5000000000000000     
   1550.0052000000001        1.2132769000000000E-002   24.338962810917479        69.416801738521258        1.0000000000000000     
   1450.0052000000001        1.3292582000000001E-002   27.048287968655394        69.241898590399217       0.50000000000000000     
   5200.0051999999996        1.2395510000000000E-002   24.388498326945598        68.834143321644547        1.5000000000000000     
   3150.0052000000001        1.2658106000000001E-002   24.484196176437621        68.269117304223002        1.5000000000000000     
   2300.0052000000001        1.1464297000000000E-002   24.441250233930411        67.916961987990135        1.0000000000000000     
   3300.0052000000001        1.3338212000000000E-002   26.962074739626910        67.909980611673149        1.5000000000000000     
   2000.0052000000001        1.1428410999999999E-002   24.455243414002858        67.824671007326316        1.0000000000000000     
   5750.0051999999996        1.3174796000000001E-002   27.142980456842189        67.163749928403064        1.5000000000000000     
   4600.0051999999996        1.3171489000000000E-002   27.140878453364806        66.849753825526491        1.5000000000000000     
   6250.0051999999996        1.2399185000000000E-002   24.415590483639438        66.742552824887994        1.5000000000000000     
   4700.0051999999996        1.2442316000000000E-002   24.431935265244245        66.361759821165492        1.5000000000000000     
   2250.0052000000001        1.3615482000000000E-002   25.811748519285121        66.130521077911951        1.5000000000000000     
   6600.0051999999996        1.1095878999999999E-002   24.661427392898091        65.230284875644514        1.0000000000000000     
   1500.0052000000001        1.2548089000000000E-002   24.482870711850143        65.052069386630194        1.0000000000000000     
   4000.0052000000001        1.2493028000000000E-002   24.467064403781748        64.824202329651172        1.5000000000000000     
   5500.0047000000004        1.1792413000000000E-002   27.593240450276696        64.537685537335832        1.0000000000000000     
   6200.0051999999996        1.1839170000000000E-002   27.588004438978064        63.690607831666654        1.0000000000000000     
   2300.0052000000001        1.3572825000000000E-002   25.819164171833787        62.662005034619568        1.5000000000000000     
   8000.0051999999996        1.3156896000000000E-002   27.077179953605672        62.468126007696654        1.5000000000000000     
   4100.0051999999996        1.3203957000000001E-002   26.996911914682833        61.083646677564602        1.5000000000000000     
   12100.004999999999        1.1224562000000000E-002   24.654879942442804        60.266300938608580        1.0000000000000000     
   11800.004999999999        1.1228461000000000E-002   24.661680799196795        59.659267211408419        1.0000000000000000     
   3350.0052000000001        1.3289145000000000E-002   26.846504881096546        59.461635183895154        1.5000000000000000     
   2350.0052000000001        1.3529318000000000E-002   25.818907503691662        59.290203863315938        1.5000000000000000     
   3100.0052000000001        1.2726428000000000E-002   24.657385304821648        58.257795795807411        1.5000000000000000     
   1200.0052000000001        1.3370636999999999E-002   25.340519729856926        57.839002360817474       0.50000000000000000     
   5700.0051999999996        1.3120343000000000E-002   27.003058913005727        56.532391351018738        1.5000000000000000     
   2400.0052000000001        1.3484916000000000E-002   25.810906600711082        56.018298776243832        1.5000000000000000     
   8550.0051999999996        1.2451324999999999E-002   24.573841102882007        55.940585128237430        1.5000000000000000     
   1400.0052000000001        1.3308815999999999E-002   26.717590558271425        55.698390059450176       0.50000000000000000     
   1600.0052000000001        1.2068252999999999E-002   24.509188402087148        55.679440661990135        1.0000000000000000     
   4400.0051999999996        1.1099977000000000E-002   24.817295376348447        55.220790664382505        1.0000000000000000     
   1950.0052000000001        1.1523312000000001E-002   24.600368153202822        54.655017725293575        1.0000000000000000     
   4200.0047000000004        1.1782063000000001E-002   27.460033097303004        54.479828001485522        1.0000000000000000     
   5800.0051999999996        1.3121410999999999E-002   26.952014191643311        54.097342213447689        1.5000000000000000     
   4650.0051999999996        1.3117848000000000E-002   26.950967398756156        53.848079519598748        1.5000000000000000     
   11900.004999999999        1.1264509000000001E-002   24.745193672866691        52.887147752520306        1.0000000000000000     
   2250.0052000000001        1.1555905000000000E-002   24.615356513931847        52.861447634056219        1.0000000000000000     
   2450.0052000000001        1.3439562000000000E-002   25.795023967611723        52.858850728721386        1.5000000000000000     
   1550.0052000000001        1.2497721999999999E-002   24.636829142121218        52.649048354762300        1.0000000000000000     
   3400.0052000000001        1.3238740000000001E-002   26.721525335443541        51.376891482503837        1.5000000000000000     
   6300.0051999999996        1.2479097999999999E-002   24.648881514333254        51.376400327667710        1.5000000000000000     
   1350.0041000000001        1.3007238000000001E-002   24.993204964887212        50.704116310533365       0.50000000000000000     
   3050.0052000000001        1.2792225000000001E-002   24.816701699076237        50.695382739376527        1.5000000000000000     
   8050.0051999999996        1.3104012999999999E-002   26.896529602586966        50.565251752772134        1.5000000000000000     
   4150.0051999999996        1.3151098000000000E-002   26.827202589311838        50.232269398038170        1.5000000000000000     
   5150.0051999999996        1.2474361000000000E-002   24.667489663540199        50.015052838639434        1.5000000000000000     
   2500.0052000000001        1.3393192000000000E-002   25.770826577449370        49.837612574227457        1.5000000000000000     
   3950.0052000000001        1.2568228000000001E-002   24.713757760394863        49.432553148408353        1.5000000000000000     
   4650.0051999999996        1.2519344000000000E-002   24.698146907027095        49.113490728420366        1.5000000000000000     
   4050.0052000000001        1.1765103000000001E-002   27.376512769909027        48.749098816257863        1.0000000000000000     
   1250.0052000000001        1.3355657999999999E-002   25.691099609965999        48.330703848433487       0.50000000000000000     
   6200.0051999999996        1.2478131000000000E-002   24.697456587226647        48.130713907684246        1.5000000000000000     
   4550.0047000000004        1.1126102000000001E-002   24.926081160131496        47.924984831067555        1.0000000000000000     
   1350.0052000000001        1.3324743999999999E-002   26.380549996901053        47.494126250720861       0.50000000000000000     
   2550.0052000000001        1.3345739000000001E-002   25.737672577667229        46.995730551949727        1.5000000000000000     
   1650.0052000000001        1.2000857000000000E-002   24.640008727832498        46.239423492478757        1.0000000000000000     
   1900.0052000000001        1.1613125000000000E-002   24.705329192688215        45.646118063464939        1.0000000000000000     
   3000.0052000000001        1.2855691000000001E-002   24.962627026622712        45.208744457432502        1.5000000000000000     
   1300.0052000000001        1.3340360000000001E-002   26.038080289609368        44.950378219590419       0.50000000000000000     
   5750.0051999999996        1.3065369000000000E-002   26.805082218055585        44.579213050482309        1.5000000000000000     
   11600.004999999999        1.1913923000000000E-002   27.330024185246526        44.409338273119666        1.0000000000000000     
   2600.0052000000001        1.3297129000000000E-002   25.695014728516345        44.388993517503053        1.5000000000000000     
   3450.0052000000001        1.3186923999999999E-002   26.587185458695281        43.839385139543189        1.5000000000000000     
   5550.0047000000004        1.1714115000000001E-002   27.283358498505091        43.218480598872695        1.0000000000000000     
   6250.0051999999996        1.1762773000000001E-002   27.288152851661948        42.890359304125660        1.0000000000000000     
   1600.0052000000001        1.2445543999999999E-002   24.770425691261647        42.759060040455296        1.0000000000000000     
   5850.0051999999996        1.3066451000000000E-002   26.755205803492920        42.691339537379562        1.5000000000000000     
   4700.0051999999996        1.3062644000000000E-002   26.755269786534598        42.491119031010243        1.5000000000000000     
   2650.0052000000001        1.3247283000000000E-002   25.642381809441947        42.090143177422611        1.5000000000000000     
   1500.0041000000001        1.2949464000000001E-002   26.882454887176262        42.005213438402677       0.50000000000000000     
   11500.004999999999        1.1889607999999999E-002   27.286141946210023        41.658686269569316        1.0000000000000000     
   2200.0052000000001        1.1642916000000000E-002   24.762426388987510        41.477434663197457        1.0000000000000000     
   2950.0052000000001        1.2916998000000001E-002   25.095596161378246        41.470791335654170        1.5000000000000000     
   5850.0047000000004        1.1145274000000000E-002   25.042940156413849        41.163002222353271        1.0000000000000000     
   11800.004999999999        1.1886970000000000E-002   27.273320693584385        40.853033048396057        1.0000000000000000     
   4200.0051999999996        1.3096722999999999E-002   26.650557803019986        40.650671048918120        1.5000000000000000     
   1700.0052000000001        1.1930400000000001E-002   24.731496755547322        40.348614836919666        1.0000000000000000     
   1550.0041000000001        1.2382466000000000E-002   27.211303729784579        40.338423265226844       0.50000000000000000     
   2700.0052000000001        1.3196116000000001E-002   25.579359034620705        40.190809355568923        1.5000000000000000     
   8100.0051999999996        1.3049509000000001E-002   26.709929511630580        40.136727329889304        1.5000000000000000     
   1850.0052000000001        1.1698355000000001E-002   24.770707498564288        40.053742991804434        1.0000000000000000     
   1550.0052000000001        1.2333040000000000E-002   27.213930936400892        39.613598040938292       0.50000000000000000     
   2900.0052000000001        1.2976302000000000E-002   25.216008687751170        39.195200068146271        1.5000000000000000     
   1350.0041000000001        1.2487041000000001E-002   24.848515685100708        39.078125890237949       0.50000000000000000     
   8500.0051999999996        1.2530909000000000E-002   24.870836093515017        38.921886755803044        1.5000000000000000     
   2750.0052000000001        1.3143537000000000E-002   25.505565075853514        38.803570584212117        1.5000000000000000     
   2850.0052000000001        1.3033741999999999E-002   25.324238688418738        38.131897829401204        1.5000000000000000     
   2800.0052000000001        1.3089449000000000E-002   25.420641269750870        38.063892797018205        1.5000000000000000     
   3900.0052000000001        1.2640416000000000E-002   24.948209111135743        37.909917867656787        1.5000000000000000     
   1750.0052000000001        1.1856670000000000E-002   24.783739227592928        37.495842808697674        1.0000000000000000     
   1800.0052000000001        1.1779420000000001E-002   24.796806659254408        37.408242773219271        1.0000000000000000     
   3500.0052000000001        1.3133616000000001E-002   26.443558219117712        37.045729706685556        1.5000000000000000     
   1350.0052000000001        1.2440503000000000E-002   24.867077102473946        36.938928907499907       0.50000000000000000     
   6250.0051999999996        1.2554703000000000E-002   24.919689608911451        36.869148501689068        1.5000000000000000     
   4600.0051999999996        1.2593216000000001E-002   24.952734110976582        36.216776251539748        1.5000000000000000     
   5100.0051999999996        1.2549888000000000E-002   24.935025266285766        35.913699436753269        1.5000000000000000     
   4250.0047000000004        1.1702795000000000E-002   27.155569911339960        35.591814917145101        1.0000000000000000     
   6550.0051999999996        1.1209856000000001E-002   25.109906670624540        35.414842091675069        1.0000000000000000     
   1650.0052000000001        1.2391498000000001E-002   24.883801420251984        34.979248101217081        1.0000000000000000     
   5800.0051999999996        1.3008719000000000E-002   26.601135539157408        34.471949950967939        1.5000000000000000     
   6150.0051999999996        1.2553692000000000E-002   24.967619287202538        34.309618768651205        1.5000000000000000     
   5900.0051999999996        1.3009811000000000E-002   26.552212282884550        33.116417588054873        1.5000000000000000     
   2150.0052000000001        1.1725810000000000E-002   24.884056862696529        33.012730211985946        1.0000000000000000     
   4750.0051999999996        1.3005778000000001E-002   26.553480412962642        32.948249869935871        1.5000000000000000     
   4250.0051999999996        1.3040738000000000E-002   26.466770297782183        32.525253594177876        1.5000000000000000     
   8150.0051999999996        1.2993230000000000E-002   26.516511066250310        31.332238908768161        1.5000000000000000     
   3550.0052000000001        1.3078726000000001E-002   26.290652718344109        31.203221050792123        1.5000000000000000     
   4100.0051999999996        1.1684946000000000E-002   27.070610190233158        31.136629330061510        1.0000000000000000     
   3850.0052000000001        1.2709837999999999E-002   25.171088548701697        29.774104632952749        1.5000000000000000     
   4350.0051999999996        1.1213249000000000E-002   25.254373228269927        29.373410835652265        1.0000000000000000     
   1700.0052000000001        1.2335515000000000E-002   24.977012718428856        28.976831699515774        1.0000000000000000     
   1400.0041000000001        1.2988381000000000E-002   25.643907236821747        27.592477568172946       0.50000000000000000     
   8450.0051999999996        1.2606327000000001E-002   25.148536681751427        27.315555255496150        1.5000000000000000     
   4550.0051999999996        1.2664198999999999E-002   25.196526563728291        27.168246936127233        1.5000000000000000     
   2100.0052000000001        1.1804983999999999E-002   24.981522428772209        26.883194358942870        1.0000000000000000     
   6200.0051999999996        1.2627209000000000E-002   25.179593854467665        26.661434328126958        1.5000000000000000     
   3600.0052000000001        1.3022156000000000E-002   26.128416569202468        26.532343896953780        1.5000000000000000     
   5850.0051999999996        1.2950277000000000E-002   26.390831937797952        26.394400535108495        1.5000000000000000     
   5600.0047000000004        1.1631973000000000E-002   26.958511519548381        26.354704632460802        1.0000000000000000     
   6300.0051999999996        1.1682688000000000E-002   26.973258270446873        26.197963579866677        1.0000000000000000     
   4300.0051999999996        1.2983036000000000E-002   26.275591711193883        26.057765378396663        1.5000000000000000     
   5050.0051999999996        1.2622379000000000E-002   25.192056713494768        26.003199349164884        1.5000000000000000     
   5950.0051999999996        1.2951376000000001E-002   26.342651761351597        25.563164129114455        1.5000000000000000     
   4800.0051999999996        1.2947135000000000E-002   26.345253248081235        25.406613882668371        1.5000000000000000     
   1450.0041000000001        1.2969118999999999E-002   26.274173417867388        25.359068610944153       0.50000000000000000     
   4500.0047000000004        1.1237497000000001E-002   25.357009159179501        24.871201586050219        1.0000000000000000     
   6100.0051999999996        1.2626162999999999E-002   25.227074976403102        24.737329916913001        1.5000000000000000     
   3800.0052000000001        1.2776707999999999E-002   25.382956547765691        24.600448958556324        1.5000000000000000     
   1750.0052000000001        1.2277517999999999E-002   25.050047417438453        24.485653160915753        1.0000000000000000     
   8200.0051999999996        1.2935000000000000E-002   26.315310002466187        24.341135971545807        1.5000000000000000     
   3650.0052000000001        1.2963797000000001E-002   25.956736376133808        23.269411130886674        1.5000000000000000     
   2050.0052000000001        1.1880771000000000E-002   25.055837825475461        22.641443509877224        1.0000000000000000     
   3750.0052000000001        1.2841215000000000E-002   25.584278816017868        22.011670240976546        1.5000000000000000     
   3700.0052000000001        1.2903527999999999E-002   25.775436584379204        21.669790354062631        1.5000000000000000     
   4500.0051999999996        1.2732524000000000E-002   25.430240008668580        21.530446893355936        1.5000000000000000     
   4350.0051999999996        1.2923502000000000E-002   26.076729788775570        21.468586185099781        1.5000000000000000     
   1800.0052000000001        1.2217412000000000E-002   25.102834728571604        21.304337010032810        1.0000000000000000     
   4300.0047000000004        1.1619608999999999E-002   26.835035041080310        21.049520481076293        1.0000000000000000     
   5800.0047000000004        1.1255032000000000E-002   25.473230627529393        20.811582814179133        1.0000000000000000     
   5900.0051999999996        1.2889916000000000E-002   26.173742929529997        20.553428293268475        1.5000000000000000     
   6150.0051999999996        1.2696877000000001E-002   25.429466365218001        20.278654909553012        1.5000000000000000     
   6000.0051999999996        1.2891016000000000E-002   26.126099885599963        20.245268326052877        1.5000000000000000     
   8400.0051999999996        1.2678032000000001E-002   25.408801732430799        20.231069935295931        1.5000000000000000     
   4850.0051999999996        1.2886590999999999E-002   26.130200357568807        20.074894340027388        1.5000000000000000     
   2000.0052000000001        1.1953454000000001E-002   25.107804347476588        19.954489722102540        1.0000000000000000     
   5000.0051999999996        1.2692086000000000E-002   25.439408154135130        19.831156597016694        1.5000000000000000     
   8250.0051999999996        1.2874617000000000E-002   26.105251337329566        19.400819475432236        1.5000000000000000     
   1850.0052000000001        1.2155090000000000E-002   25.135244568910302        19.296371065703752        1.0000000000000000     
   4400.0051999999996        1.2862004000000000E-002   25.869834879600788        18.999847290542288        1.5000000000000000     
   6050.0051999999996        1.2695807000000000E-002   25.476693150829291        18.949936398444773        1.5000000000000000     
   4450.0051999999996        1.2798399000000000E-002   25.654495284305064        18.920362510426465        1.5000000000000000     
   1950.0052000000001        1.2023272000000000E-002   25.138054454833206        18.587292167565153        1.0000000000000000     
   1900.0052000000001        1.2090426000000000E-002   25.147076574307111        18.391380257606979        1.0000000000000000     
   4150.0051999999996        1.1600767999999999E-002   26.747994415283969        17.972045662465167        1.0000000000000000     
   6050.0051999999996        1.2828590000000001E-002   25.902084001581603        17.403724131213544        1.5000000000000000     
   6100.0051999999996        1.2763936000000000E-002   25.670071174959084        17.311281698266725        1.5000000000000000     
   6500.0051999999996        1.1316184999999999E-002   25.528868756896458        17.239190486587944        1.0000000000000000     
   4900.0051999999996        1.2824008000000000E-002   25.907882782515603        17.186869996839917        1.5000000000000000     
   5950.0051999999996        1.2827493000000001E-002   25.949390576232329        17.182650333574372        1.5000000000000000     
   4950.0051999999996        1.2759230999999999E-002   25.677805467911064        17.006026347475732        1.5000000000000000     
   8350.0051999999996        1.2746422000000000E-002   25.653610199843925        16.928293007742052        1.5000000000000000     
   8300.0051999999996        1.2811846999999999E-002   25.885137181901030        16.807226282443736        1.5000000000000000     
   6000.0051999999996        1.2762849000000000E-002   25.717239935781304        16.547296943429490        1.5000000000000000     
   1500.0041000000001        1.2409561000000000E-002   26.658001106964040        15.017641626461852       0.50000000000000000     
   5650.0047000000004        1.1545556000000000E-002   26.617126485859512        14.684111194236934        1.0000000000000000     
   4300.0051999999996        1.1319075000000000E-002   25.662846862989653        14.433277836480967        1.0000000000000000     
   6350.0051999999996        1.1598509999999999E-002   26.641838044226649        14.328757274591508        1.0000000000000000     
   1500.0052000000001        1.2360902000000000E-002   26.665093648110417        14.314995193964410       0.50000000000000000     
   4450.0047000000004        1.1341698000000001E-002   25.760357659013845        12.269749874527230        1.0000000000000000     
   1400.0041000000001        1.2461856000000000E-002   25.475137576110090        12.219788282875214       0.50000000000000000     
   4350.0047000000004        1.1532061999999999E-002   26.496928115756130        11.647588194417967        1.0000000000000000     
   1400.0052000000001        1.2414639999999999E-002   25.490195269009064        10.795679857038499       0.50000000000000000     
   5750.0047000000004        1.1357758000000001E-002   25.876938650523382        10.690472567191408        1.0000000000000000     
   12000.004999999999        1.1476037999999999E-002   25.639890156035868        10.105382179246730        1.0000000000000000     
   4200.0051999999996        1.1512111000000000E-002   26.407134791537398        10.094860547194500        1.0000000000000000     
   11700.004999999999        1.1724299000000001E-002   26.566841917334472        9.9330198728261010        1.0000000000000000     
   11700.004999999999        1.1479497999999999E-002   25.648731566695254        9.8577963562806428        1.0000000000000000     
   5700.0047000000004        1.1454354000000000E-002   26.257342170778067        9.0988640811418140        1.0000000000000000     
   11600.004999999999        1.1697136000000000E-002   26.513739348830871        8.8913679450478647        1.0000000000000000     
   6450.0051999999996        1.1415879000000000E-002   25.921943879701786        8.6822529403542816        1.0000000000000000     
   11900.004999999999        1.1694084000000000E-002   26.502720086155197        8.6578020319078615        1.0000000000000000     
   4250.0051999999996        1.1418431000000000E-002   26.046173231598029        8.5088621525526769        1.0000000000000000     
   4400.0047000000004        1.1439632999999999E-002   26.139435825056353        8.3363384820974797        1.0000000000000000     
   6400.0051999999996        1.1509762000000000E-002   26.292105110777054        8.1414675496460198        1.0000000000000000     
   11800.004999999999        1.1510414000000000E-002   25.714530946031267        8.0296760462879497        1.0000000000000000     
   1450.0041000000001        1.2436028000000000E-002   26.078839458050677        4.9084021587543729       0.50000000000000000     
