  #time	ai	proti	chi2	massp                                                                                                                                                                              
   9300.0051999999996        1.3930097000000001E-002   20.514536650733820        99.750564367099429        3.0000000000000000     
   620.00521000000003        1.3523165000000000E-002   21.285456884541205        99.310777180297563       0.50000000000000000     
   960.00521000000003        1.0371606000000000E-002   18.855646608247426        99.030294984940994        1.0000000000000000     
   1600.0052000000001        1.3869743000000000E-002   19.320357727694844        98.946316680417823        3.0000000000000000     
   1800.0052000000001        1.3547497000000000E-002   18.750681967523679        98.888564643924326        3.0000000000000000     
   9450.0051999999996        1.2848183000000001E-002   21.798795611850185        98.876999865450188        2.0000000000000000     
   4250.0051999999996        1.3870815999999999E-002   20.665796921569932        98.580955256238425        3.0000000000000000     
   820.00521000000003        1.2825006999999999E-002   18.194172352391494        98.541249502978715        1.0000000000000000     
   3050.0052000000001        1.2348421000000000E-002   18.051969060401689        97.905540697805009        2.5000000000000000     
   1900.0052000000001        1.3117362000000000E-002   21.632945271426994        97.875202053275046        2.0000000000000000     
   2800.0052000000001        1.0050890000000000E-002   20.323667837775890        97.594771253288528        1.0000000000000000     
   980.00409000000002        1.1405043000000000E-002   18.118158073824301        97.382569482652556        1.0000000000000000     
   1100.0052000000001        1.3923148000000000E-002   19.557182849736698        97.364635987282895        2.0000000000000000     
   5400.0051999999996        1.1555540000000000E-002   18.078644879453183        97.228752270346448        2.0000000000000000     
   1500.0052000000001        1.3782361999999999E-002   20.842781490330754        97.177376970656937        2.5000000000000000     
   960.00519999999995        1.3346431000000001E-002   18.560728221386210        97.109493008343065        1.5000000000000000     
   4150.0051999999996        1.2724506999999999E-002   21.826597868946461        96.534252374380230        2.0000000000000000     
   1650.0052000000001        1.3794368000000000E-002   19.200092267456526        96.490226090338538        3.0000000000000000     
   8050.0051999999996        1.1528817000000000E-002   18.095702586086542        96.209049081748418        2.0000000000000000     
   1750.0052000000001        1.3633480999999999E-002   18.915493530172370        96.110364005467659        3.0000000000000000     
   300.00520999999998        1.3595780999999999E-002   18.861052417376296        96.092967148165570       0.50000000000000000     
   9600.0051999999996        1.3301363000000000E-002   18.534076080075163        96.061965457468389        3.0000000000000000     
   5550.0051999999996        1.3849215000000000E-002   20.639306847373188        95.707738047879360        3.0000000000000000     
   6300.0051999999996        1.3381117999999999E-002   21.382651969023687        95.480335919238456        2.5000000000000000     
   1700.0052000000001        1.3715687000000001E-002   19.065182886805598        95.436625994216143        3.0000000000000000     
   4700.0051999999996        1.3069597000000001E-002   18.366092347918862        95.342298404451384        3.0000000000000000     
   6700.0051999999996        1.1713882000000000E-002   21.926254204345504        94.807966580966053        1.5000000000000000     
   12100.004999999999        1.0074323000000000E-002   20.259268617869360        94.386307747330363        1.0000000000000000     
   980.00473000000000        1.3014110000000001E-002   18.347838954704539        93.951379557560060        1.5000000000000000     
   880.00405999999998        1.2693609000000000E-002   18.193810478713470        93.585348969210585       0.50000000000000000     
   4400.0051999999996        1.1737400000000000E-002   21.915701624789310        93.471784233314338        1.5000000000000000     
   1300.0052000000001        1.3021547000000000E-002   21.641192608942578        93.426785632720012        1.5000000000000000     
   2100.0047000000000        1.0789696000000000E-002   18.499351261687188        92.919560377808210        1.5000000000000000     
   6100.0051999999996        1.3373965999999999E-002   21.349401105151873        92.716648821333621        2.5000000000000000     
   1550.0052000000001        1.3717442000000000E-002   20.869500328776418        92.640949290037781        2.5000000000000000     
   1250.0052000000001        1.3315492999999999E-002   18.597884972446714        92.411210309597379        2.5000000000000000     
   9800.0051999999996        1.3363223000000000E-002   18.650777535257689        91.969456168380958        3.0000000000000000     
   1250.0052000000001        1.3786639000000000E-002   20.693707600161044        91.832732444445355        2.0000000000000000     
   6450.0051999999996        1.3379766000000000E-002   21.329693740435463        91.795992540048900        2.5000000000000000     
   600.00521000000003        1.3527857000000001E-002   21.151909704819417        91.531076472567833       0.50000000000000000     
   360.00520999999998        1.1587139999999999E-002   18.132298838485255        91.469022824397300        1.0000000000000000     
   12200.004999999999        1.0150693000000001E-002   20.483972228087019        91.354141590441685        1.0000000000000000     
   480.00520999999998        1.3275034000000000E-002   18.578641778381002        91.149272931234322        1.0000000000000000     
   940.00521000000003        1.3004899000000000E-002   21.619915957369553        90.848742048922972        1.0000000000000000     
   9550.0051999999996        1.3890919000000000E-002   20.241158783480863        90.843310058274298        3.0000000000000000     
   6500.0051999999996        1.3073990000000001E-002   18.438398056446090        89.801378395320398        3.0000000000000000     
   940.00521000000003        1.0435912000000000E-002   18.930081395015360        89.777429563046695        1.0000000000000000     
   1000.0042999999999        1.1241249000000000E-002   18.270135862509463        89.203323852062198        1.0000000000000000     
   6100.0051999999996        1.3799921000000000E-002   20.566931831155468        89.028186538092058        3.0000000000000000     
   900.00405999999998        1.3158603000000000E-002   18.512215432321813        88.896595832115551       0.50000000000000000     
   880.00519999999995        1.2652234000000000E-002   18.231740167104352        88.803798892435736       0.50000000000000000     
   980.00472000000002        1.2847480999999999E-002   18.316591621926094        88.802194114060768        1.5000000000000000     
   7000.0051999999996        1.0752951000000000E-002   18.589375252307430        88.624835161826326        1.5000000000000000     
   1950.0052000000001        1.2892999000000000E-002   21.655645589006625        88.465237224887886        2.0000000000000000     
   2450.0052000000001        1.3518944000000000E-002   21.108426675306386        88.395016240510969        2.5000000000000000     
   1150.0052000000001        1.3879336000000001E-002   19.969463034332442        88.320912139679720        2.0000000000000000     
   1450.0041000000001        1.0179044000000000E-002   19.550530237048143        87.947599581390904        1.0000000000000000     
   2400.0052000000001        1.0773189000000001E-002   18.590185004236936        87.316089220181311        1.5000000000000000     
   1200.0052000000001        1.3833860000000000E-002   20.349028237078993        87.121584404078362        2.0000000000000000     
   11400.004999999999        1.3489434000000000E-002   21.121763703311501        86.919188025123901        2.5000000000000000     
   6950.0051999999996        1.2353773000000000E-002   18.171771091599979        86.689404593750211        2.5000000000000000     
   1600.0052000000001        1.3649845000000001E-002   20.861551694601129        86.606499047502567        2.5000000000000000     
   4300.0051999999996        1.3796341000000000E-002   20.453274969029088        85.807483568497886        3.0000000000000000     
   1100.0041000000001        1.3095320000000001E-002   21.493933062340837        85.789047281410745       0.50000000000000000     
   9350.0051999999996        1.3839554000000000E-002   20.215885416286163        85.764140036601518        3.0000000000000000     
   3150.0052000000001        1.3438584000000000E-002   21.152974095392533        84.971831366142069        2.5000000000000000     
   1950.0052000000001        1.3041931000000000E-002   21.518118701617343        84.757614678163236        2.0000000000000000     
   580.00521000000003        1.3532522000000000E-002   21.018623840661260        84.655457424680549       0.50000000000000000     
   320.00520999999998        1.3591356000000001E-002   19.078952940028497        84.518542702108348       0.50000000000000000     
   1100.0052000000001        1.3644641000000001E-002   19.178171180598184        84.506168595300934        2.0000000000000000     
   6600.0051999999996        1.2349882000000000E-002   18.200967780453578        83.973356265486402        2.5000000000000000     
   6900.0051999999996        1.0753446000000000E-002   18.662781777394411        83.551236875070757        1.5000000000000000     
   3650.0052000000001        1.1768855000000000E-002   21.813026794699987        83.512351851557867        1.5000000000000000     
   1600.0052000000001        1.2653256999999999E-002   18.296054036033624        83.254412279956199        2.5000000000000000     
   11800.004999999999        1.2544672999999999E-002   18.258899449013878        83.202493255461334        2.5000000000000000     
   380.00520999999998        1.1559595000000001E-002   18.229851260225118        83.184576034193171        1.0000000000000000     
   5600.0051999999996        1.3774331000000001E-002   20.421726158757732        83.152590107603075        3.0000000000000000     
   1950.0047000000000        1.0849225000000001E-002   18.598012915372315        82.246272360444067        1.5000000000000000     
   920.00521000000003        1.0497220000000000E-002   18.992317409083512        81.844300406887442        1.0000000000000000     
   5950.0051999999996        1.3149292000000000E-002   18.603519934229833        81.775717099358218        3.0000000000000000     
   920.00521000000003        1.3018170000000001E-002   21.491756175789593        81.550165574079557        1.0000000000000000     
   500.00520999999998        1.3264496000000001E-002   18.712116858498355        81.439828788362348        1.0000000000000000     
   980.00519999999995        1.3329628000000000E-002   18.780943630905266        81.350227361190264        1.5000000000000000     
   6800.0051999999996        1.2358513999999999E-002   18.233901944377550        81.190863595172615        2.5000000000000000     
   1000.0041000000000        1.1370728000000000E-002   18.314857600618577        80.892202288848438        1.0000000000000000     
   9550.0051999999996        1.3422451000000000E-002   18.900457036967254        80.809041028851922        3.0000000000000000     
   9600.0051999999996        1.3796332000000000E-002   19.946917424380569        80.740664425162677        3.0000000000000000     
   1300.0052000000001        1.3236748000000000E-002   18.697878251999533        80.626667221711813        2.5000000000000000     
   8900.0051999999996        1.1718932000000000E-002   21.773402888241151        80.598923372759714        1.5000000000000000     
   9750.0051999999996        1.3480908000000000E-002   18.996494725932550        80.002785508443097        3.0000000000000000     
   11800.004999999999        1.2810263000000001E-002   21.590779580993697        79.677644055720620        2.0000000000000000     
   11200.004999999999        1.2792232000000001E-002   21.599762062143327        79.671753818410778        2.0000000000000000     
   1650.0052000000001        1.3579443000000000E-002   20.821137288557679        79.222668571349487        2.5000000000000000     
   2050.0052000000001        1.1843879000000000E-002   21.773205361817329        79.215773233600629        1.5000000000000000     
   840.00521000000003        1.2810732999999999E-002   18.420524696893072        78.800754731839888        1.0000000000000000     
   560.00521000000003        1.3537162000000000E-002   20.885430777921400        78.671369318798241       0.50000000000000000     
   4650.0051999999996        1.3176912000000001E-002   18.674955423186340        78.521625098607899        3.0000000000000000     
   2250.0052000000001        1.2422010000000001E-002   18.279229604247796        78.478577893724960        2.5000000000000000     
   5850.0051999999996        1.0767508000000000E-002   18.733093465600206        78.102218147070005        1.5000000000000000     
   4950.0051999999996        1.2670700000000000E-002   21.634140362750546        78.006328957842015        2.0000000000000000     
   7600.0051999999996        1.2642960999999999E-002   21.637745743404416        77.390247712770773        2.0000000000000000     
   6150.0051999999996        1.3722878000000001E-002   20.340197183917859        77.101071833801726        3.0000000000000000     
   5100.0051999999996        1.1662242999999999E-002   21.722791908045064        77.052291669617546        1.5000000000000000     
   1000.0047000000000        1.2993908000000000E-002   18.554266529622044        76.949959186361127        1.5000000000000000     
   2500.0052000000001        1.1626576000000000E-002   18.288629976050231        76.705819060263735        2.0000000000000000     
   9400.0051999999996        1.3744025000000000E-002   19.906019701794019        76.261391262209926        3.0000000000000000     
   1150.0052000000001        1.2561147000000000E-002   21.652438451181254        76.135968127096618        1.0000000000000000     
   1350.0043000000001        1.0322369000000000E-002   19.519848517991420        76.124783829075341        1.0000000000000000     
   400.00520999999998        1.1531575000000001E-002   18.319298255407372        76.104506545086977        1.0000000000000000     
   340.00520999999998        1.3586918000000000E-002   19.276321913978091        76.050470563505598       0.50000000000000000     
   4700.0051999999996        1.0805519000000000E-002   18.737913084339617        75.491206666458780        1.5000000000000000     
   4350.0051999999996        1.3718973000000001E-002   20.232049582470410        75.217883278535751        3.0000000000000000     
   9650.0051999999996        1.3696811999999999E-002   19.642499475230856        75.174443255330843        3.0000000000000000     
   900.00521000000003        1.0555800000000001E-002   19.043410019085631        75.019452742345749        1.0000000000000000     
   9700.0051999999996        1.3591867000000001E-002   19.326320423586694        74.697120796757616        3.0000000000000000     
   2500.0052000000001        1.3444670000000001E-002   20.947769616847015        74.633468354890255        2.5000000000000000     
   6350.0051999999996        1.3300954000000000E-002   21.134012622496449        74.461649632082455        2.5000000000000000     
   6450.0051999999996        1.3181530000000000E-002   18.752576387818468        73.801970832154254        3.0000000000000000     
   2850.0052000000001        1.2647896000000000E-002   21.588827215297943        73.603527321594981        2.0000000000000000     
   540.00521000000003        1.3541778000000001E-002   20.752105270922566        73.568546076890385       0.50000000000000000     
   9500.0051999999996        1.3536078999999999E-002   19.249785794237571        73.059003780232331        3.0000000000000000     
   900.00521000000003        1.3031272999999999E-002   21.362714386339178        73.012862441397175        1.0000000000000000     
   5650.0051999999996        1.3696487000000000E-002   20.195402418202807        72.906259762070690        3.0000000000000000     
   520.00521000000003        1.3253876000000000E-002   18.845152914482572        72.646921349801545        1.0000000000000000     
   1550.0052000000001        1.2766506000000000E-002   18.481159512477412        72.360195887704194        2.5000000000000000     
   1350.0052000000001        1.3153517999999999E-002   18.750302452566196        72.308693926755694        2.5000000000000000     
   1000.0047000000000        1.2825342000000000E-002   18.513416724648604        72.277980501850763        1.5000000000000000     
   6150.0051999999996        1.3293691999999999E-002   21.101120344829155        72.152626327143267        2.5000000000000000     
   9450.0051999999996        1.3643049000000001E-002   19.584382915594919        71.808692712454430        3.0000000000000000     
   2000.0052000000001        1.2807641999999999E-002   21.488474211250058        71.696026116200599        2.0000000000000000     
   1550.0047000000000        1.2258165999999999E-002   21.671955167482441        71.552092142105906        1.5000000000000000     
   10500.004999999999        1.3426634999999999E-002   20.906654151917312        71.432731318677867        2.5000000000000000     
   6500.0051999999996        1.3299363000000000E-002   21.080400583334743        71.390241918854016        2.5000000000000000     
   2000.0052000000001        1.2963404000000000E-002   21.385904201599306        71.221942821958194        2.0000000000000000     
   1700.0052000000001        1.3506086000000000E-002   20.750269656355389        70.779992361792026        2.5000000000000000     
   1250.0052000000001        1.3075134000000000E-002   21.291963169442322        70.627048945199746        1.5000000000000000     
   10600.004999999999        1.3414013000000001E-002   20.900592624079771        70.262497889101240        2.5000000000000000     
   360.00520999999998        1.3582468000000000E-002   19.452510881719405        70.098735581241698       0.50000000000000000     
   420.00520999999998        1.1503055999999999E-002   18.401213097468059        70.076820878562884        1.0000000000000000     
   3650.0052000000001        1.2462368999999999E-002   18.392527429602200        69.943827263384804        2.5000000000000000     
   1500.0047000000000        1.2343580000000000E-002   21.633799262370481        69.683679313380878        1.5000000000000000     
   1600.0047000000000        1.2167755000000001E-002   21.657631989052508        69.397136767196713        1.5000000000000000     
   520.00521000000003        1.3546371000000000E-002   20.618350112675394        69.340506022708396       0.50000000000000000     
   5900.0051999999996        1.3252102000000000E-002   18.902490918159327        69.307141160973799        3.0000000000000000     
   880.00521000000003        1.0611887000000000E-002   19.084293746232461        69.134392908031032        1.0000000000000000     
   4200.0051999999996        1.2632577000000001E-002   21.534304605515882        68.856105837408592        2.0000000000000000     
   3200.0052000000001        1.3361128000000000E-002   20.947120372340493        68.742662473933592        2.5000000000000000     
   900.00405999999998        1.2685836000000001E-002   18.492986308139319        68.536531060823563       0.50000000000000000     
   3950.0052000000001        1.0857158000000000E-002   18.802722458008507        68.489034319736575        1.5000000000000000     
   920.00405999999998        1.3152542000000000E-002   18.813772947275151        68.387192688961164       0.50000000000000000     
   1150.0052000000001        1.3594050000000000E-002   19.559364217849801        68.378885440164808        2.0000000000000000     
   1000.0051999999999        1.3312569999999999E-002   18.997302618677033        68.206052512345522        1.5000000000000000     
   6200.0051999999996        1.3642649999999999E-002   20.104288520690957        67.729381351332776        3.0000000000000000     
   4600.0051999999996        1.3278486000000001E-002   18.967241578328753        67.527911513131372        3.0000000000000000     
   3000.0052000000001        1.2480186000000001E-002   18.429203207553325        67.449527396806232        2.5000000000000000     
   1400.0052000000001        1.3065386000000000E-002   18.754734791396533        67.143319497190646        2.5000000000000000     
   4400.0051999999996        1.3638460000000000E-002   20.001433140191622        67.113834028142122        3.0000000000000000     
   4600.0051999999996        1.1649848000000001E-002   18.403641133529430        66.774199597767705        2.0000000000000000     
   1500.0052000000001        1.2872464000000000E-002   18.619777387567066        66.655196821301729        2.5000000000000000     
   1400.0041000000001        1.0376787000000000E-002   19.845798416293487        66.464967605007104        1.0000000000000000     
   500.00520999999998        1.3550942999999999E-002   20.483777787004591        65.986631275133746       0.50000000000000000     
   380.00520999999998        1.3578006000000000E-002   19.617493571933444        65.910355624960232       0.50000000000000000     
   1500.0052000000001        1.3172466000000001E-002   21.113504702444068        65.364231900596863        2.0000000000000000     
   5700.0051999999996        1.3615419000000000E-002   19.959596314582281        65.280278378867138        3.0000000000000000     
   880.00521000000003        1.3044211999999999E-002   21.232880463960779        65.259323728783855        1.0000000000000000     
   5600.0051999999996        1.1589601000000000E-002   21.561464637794728        65.164977253272653        1.5000000000000000     
   1450.0052000000001        1.2971882000000001E-002   18.711140464669867        65.142838048798239        2.5000000000000000     
   440.00520999999998        1.1474010999999999E-002   18.476850360773017        64.916229910890422        1.0000000000000000     
   540.00521000000003        1.3243171999999999E-002   18.977976712694517        64.750206708332172        1.0000000000000000     
   1450.0052000000001        1.3240933000000000E-002   21.019007176770554        64.457259591398198        2.0000000000000000     
   900.00519999999995        1.2644278000000000E-002   18.530500510506325        64.363071188062520       0.50000000000000000     
   1550.0052000000001        1.3100825999999999E-002   21.165428036358009        64.251010273832222        2.0000000000000000     
   6650.0051999999996        1.1588308000000000E-002   21.547781888769073        64.127975380840766        1.5000000000000000     
   860.00521000000003        1.0665684999999999E-002   19.115804013947436        64.054978190753474        1.0000000000000000     
   1450.0047000000000        1.2424404000000000E-002   21.542605158442782        63.993734206303202        1.5000000000000000     
   6400.0051999999996        1.3283200000000000E-002   19.049995391182879        63.727776326756526        3.0000000000000000     
   9500.0051999999996        1.2738713000000000E-002   21.412798766277486        63.542430461241757        2.0000000000000000     
   480.00520999999998        1.3555495000000001E-002   20.347880381437378        63.514639336350321       0.50000000000000000     
   1650.0047000000000        1.2071857000000000E-002   21.591467415722988        63.448297213387555        1.5000000000000000     
   400.00520999999998        1.3573531999999999E-002   19.774554854232914        63.170714808935436       0.50000000000000000     
   5850.0051999999996        1.3349603999999999E-002   19.186136230804319        62.095131597788601        3.0000000000000000     
   1400.0052000000001        1.3306396000000000E-002   20.881282049089005        62.083215548613815        2.0000000000000000     
   460.00520999999998        1.3560028000000000E-002   20.210000408845591        61.944691353631498       0.50000000000000000     
   2200.0052000000001        1.1719992000000000E-002   18.451649001458804        61.894880681525819        2.0000000000000000     
   4450.0051999999996        1.3554513000000001E-002   19.760632622189053        61.845188227847672        3.0000000000000000     
   860.00521000000003        1.2796264999999999E-002   18.645510694447069        61.716980160999597        1.0000000000000000     
   2550.0052000000001        1.3367527000000001E-002   20.773639939419144        61.716223206078325        2.5000000000000000     
   1100.0052000000001        1.2559872999999999E-002   21.467988423541346        61.711193484847975       0.50000000000000000     
   420.00520999999998        1.3569045000000000E-002   19.924613182740508        61.689637711447752       0.50000000000000000     
   1750.0052000000001        1.3429600999999999E-002   20.650769033805304        61.681486129974687        2.5000000000000000     
   4550.0051999999996        1.3374941000000000E-002   19.244682997941091        61.524165139803387        3.0000000000000000     
   440.00520999999998        1.3564544000000000E-002   20.069281411130241        61.314949134857628       0.50000000000000000     
   6250.0051999999996        1.3558938000000000E-002   19.858363684477208        61.258716397736904        3.0000000000000000     
   1050.0043000000001        1.1143325000000001E-002   18.694251222413875        60.971797801491149        1.0000000000000000     
   1600.0052000000001        1.3025825000000000E-002   21.176267358555872        60.898046034047361        2.0000000000000000     
   1100.0041000000001        1.2603420000000001E-002   21.436378056652309        60.682439373533143       0.50000000000000000     
   5750.0051999999996        1.3530824000000000E-002   19.713460420259313        60.638179142167516        3.0000000000000000     
   460.00520999999998        1.1444408999999999E-002   18.547290399629105        60.476162374821961        1.0000000000000000     
   4500.0051999999996        1.3466801000000000E-002   19.508735136451946        59.821161031713757        3.0000000000000000     
   840.00521000000003        1.0717378000000000E-002   19.138690214932666        59.674345043654185        1.0000000000000000     
   4450.0051999999996        1.1614480000000000E-002   21.495563316323565        59.633381109570045        1.5000000000000000     
   1200.0052000000001        1.3541325000000000E-002   19.904263156056430        59.621210466742831        2.0000000000000000     
   5800.0051999999996        1.3442354000000000E-002   19.456018069176039        59.407537466746703        3.0000000000000000     
   1300.0043000000001        1.0499201000000000E-002   19.651066839160976        59.353802482656420        1.0000000000000000     
   6750.0051999999996        1.1588322999999999E-002   21.484240510111452        59.311194677350798        1.5000000000000000     
   1350.0052000000001        1.3369015000000000E-002   20.700260129685887        59.114159988283944        2.0000000000000000     
   6350.0051999999996        1.3379643000000000E-002   19.332440980004133        58.726248387862285        3.0000000000000000     
   2550.0052000000001        1.1773435000000000E-002   18.489332555972009        58.336194006305000        2.0000000000000000     
   860.00521000000003        1.3056991000000000E-002   21.102340062626588        58.309590199635011        1.0000000000000000     
   6300.0051999999996        1.3471402000000000E-002   19.601454432001262        58.096563000697209        3.0000000000000000     
   560.00521000000003        1.3232378000000000E-002   19.110740856497959        57.738435308820868        1.0000000000000000     
   2050.0052000000001        1.2881533000000001E-002   21.235920479429240        57.614996382524751        2.0000000000000000     
   1300.0052000000001        1.3428946000000001E-002   20.476373887028302        56.720471189003689        2.0000000000000000     
   480.00520999999998        1.1414219000000000E-002   18.613301202018164        56.651822407856137        1.0000000000000000     
   6900.0051999999996        1.2486718000000001E-002   18.577028151900446        56.543581090789367        2.5000000000000000     
   1250.0052000000001        1.3486335000000000E-002   20.210563760505586        56.338223493991606        2.0000000000000000     
   6400.0051999999996        1.3217204999999999E-002   20.874495194511198        56.158247732830446        2.5000000000000000     
   820.00521000000003        1.0767125000000001E-002   19.153629051158862        55.908115102860734        1.0000000000000000     
   2100.0052000000001        1.1726614999999999E-002   21.467440245521697        55.703004300054495        1.5000000000000000     
   1650.0052000000001        1.2947247000000000E-002   21.147631689344365        55.358384486981095        2.0000000000000000     
   1400.0047000000000        1.2500994000000000E-002   21.398661718303931        55.181238616632712        1.5000000000000000     
   11300.004999999999        1.2701189000000000E-002   21.309709877632990        55.175148775259132        2.0000000000000000     
   2050.0052000000001        1.2718254999999999E-002   21.295888182388072        54.880410057380260        2.0000000000000000     
   2200.0052000000001        1.2550544000000000E-002   18.631484931623653        54.398303695204135        2.5000000000000000     
   6550.0051999999996        1.2482719999999999E-002   18.606591483645115        54.365146143990046        2.5000000000000000     
   1700.0047000000000        1.1969878000000000E-002   21.473874387030666        54.330324473377729        1.5000000000000000     
   6200.0051999999996        1.3209838000000000E-002   20.841984028519143        54.316128583752551        2.5000000000000000     
   3250.0052000000001        1.3280336000000000E-002   20.728486783042381        54.248833324248814        2.5000000000000000     
   3250.0052000000001        1.1682147000000000E-002   18.568362080202920        53.765440175798652        2.0000000000000000     
   6550.0051999999996        1.3215350000000001E-002   20.820031521520736        53.738184334378332        2.5000000000000000     
   3700.0052000000001        1.1648021000000000E-002   21.420062625749786        53.511675591327119        1.5000000000000000     
   5350.0051999999996        1.0886956000000000E-002   19.053013981944758        53.391237504868698        1.5000000000000000     
   500.00520999999998        1.1383406000000000E-002   18.675411506481659        53.368070122917587        1.0000000000000000     
   5000.0051999999996        1.2576390000000000E-002   21.333591998144470        52.767325334948453        2.0000000000000000     
   800.00521000000003        1.0815071000000001E-002   19.161233940049282        52.689632208459578        1.0000000000000000     
   1350.0041000000001        1.0549483000000000E-002   19.996640557603833        52.600273986122012        1.0000000000000000     
   940.00405999999998        1.3146423000000001E-002   19.114889543563457        52.442656451946434       0.50000000000000000     
   1800.0052000000001        1.3349781999999999E-002   20.524240915501348        52.418501721746821        2.5000000000000000     
   6750.0051999999996        1.2491043000000000E-002   18.638368345795879        52.379098662687568        2.5000000000000000     
   840.00521000000003        1.3069615000000000E-002   20.971179533661996        52.181649113082095        1.0000000000000000     
   1200.0052000000001        1.3126532000000000E-002   20.902666415016981        52.097026091487706        1.5000000000000000     
   7650.0051999999996        1.2548218000000000E-002   21.334654097947499        52.046112469745992        2.0000000000000000     
   9800.0051999999996        1.1879494000000001E-002   18.564263337367716        51.896534994086863        2.0000000000000000     
   580.00521000000003        1.3221491000000000E-002   19.243543299956468        51.606676511307072        1.0000000000000000     
   11600.004999999999        1.1842375000000000E-002   18.576685529651748        51.266741575219307        2.0000000000000000     
   1050.0041000000001        1.1280640000000000E-002   18.771381767388675        50.674538806587968        1.0000000000000000     
   520.00521000000003        1.1351936000000000E-002   18.733968390914473        50.570573918774485        1.0000000000000000     
   5350.0051999999996        1.1721603000000001E-002   18.606348692943968        50.494220032497211        2.0000000000000000     
   2600.0052000000001        1.3287237000000000E-002   20.585176217861026        49.985259340787962        2.5000000000000000     
   780.00521000000003        1.0861345999999999E-002   19.162061965062918        49.966828167279260        1.0000000000000000     
   2900.0052000000001        1.2552620000000000E-002   21.299570717124592        49.856821957615097        2.0000000000000000     
   8000.0051999999996        1.1694526000000000E-002   18.622049814361493        49.801525672619377        2.0000000000000000     
   11500.004999999999        1.3294120000000000E-002   20.523690640144800        48.724963435431057        2.5000000000000000     
   540.00521000000003        1.1319770999999999E-002   18.789178201022338        48.220022525144650        1.0000000000000000     
   1250.0043000000001        1.0655477999999999E-002   19.654055310649987        48.185430608537139        1.0000000000000000     
   920.00405999999998        1.2677982000000001E-002   18.791656778496684        47.993822824669962       0.50000000000000000     
   1700.0052000000001        1.2864835999999999E-002   21.081017171923015        47.913485896266749        2.0000000000000000     
   760.00521000000003        1.0906065000000000E-002   19.156622544232658        47.699483909642368        1.0000000000000000     
   3600.0052000000001        1.2587110000000000E-002   18.756775164407266        47.257652882187273        2.5000000000000000     
   880.00521000000003        1.2781598000000000E-002   18.868974045865073        47.252878381803463        1.0000000000000000     
   10900.004999999999        1.2727745000000000E-002   18.838523423408642        46.966015238737732        2.5000000000000000     
   820.00521000000003        1.3082088000000000E-002   20.839483321219515        46.891168112666634        1.0000000000000000     
   2950.0052000000001        1.2602830000000001E-002   18.776482898521177        46.509952006448913        2.5000000000000000     
   600.00521000000003        1.3210507000000000E-002   19.376439582317673        46.353871349893808        1.0000000000000000     
   560.00521000000003        1.1286869000000000E-002   18.841137561005539        46.287949033605109        1.0000000000000000     
   10800.004999999999        1.2745660000000001E-002   18.861910472295023        46.281414954056963        2.5000000000000000     
   5150.0051999999996        1.1533933000000000E-002   21.278248528546776        46.278442787530210        1.5000000000000000     
   1050.0052000000001        1.3268771000000000E-002   19.519919774948878        46.006423684757699        1.5000000000000000     
   740.00521000000003        1.0949334000000000E-002   19.145378959399324        45.856905015003072        1.0000000000000000     
   1100.0043000000001        1.1037333000000000E-002   19.055057364052669        45.491108958283263        1.0000000000000000     
   1050.0041000000001        1.3111713000000001E-002   20.757970755194428        45.260637635505191       0.50000000000000000     
   2050.0047000000000        1.0993149000000001E-002   19.113862627281812        44.974710183646017        1.5000000000000000     
   1050.0047000000000        1.2941855000000000E-002   19.049210454776944        44.777290455218640        1.5000000000000000     
   580.00521000000003        1.1253189000000000E-002   18.889856012585106        44.753658349104867        1.0000000000000000     
   4250.0051999999996        1.2535747999999999E-002   21.225949904887909        44.749476462723678        2.0000000000000000     
   920.00519999999995        1.2636239000000000E-002   18.828727352188565        44.416991504980807       0.50000000000000000     
   720.00521000000003        1.0991248000000000E-002   19.128756676932284        44.416138857116948        1.0000000000000000     
   1350.0047000000000        1.2573666000000001E-002   21.202845856987413        44.398270218395218        1.5000000000000000     
   2100.0052000000001        1.2796025000000001E-002   21.067611910396820        44.336274747314789        2.0000000000000000     
   1100.0052000000001        1.2605458999999999E-002   21.179210380537132        43.927942483187550        1.0000000000000000     
   600.00521000000003        1.1218682000000001E-002   18.935273593366425        43.602503379114893        1.0000000000000000     
   1850.0052000000001        1.3266391000000001E-002   20.372041681938434        43.554031372089142        2.5000000000000000     
   700.00521000000003        1.1031894000000000E-002   19.107141663471882        43.360631498456762        1.0000000000000000     
   1750.0047000000000        1.1861094000000001E-002   21.304922142446422        43.052915622744401        1.5000000000000000     
   620.00521000000003        1.1183301000000000E-002   18.977272973585301        42.824195742181004        1.0000000000000000     
   680.00521000000003        1.1071352000000000E-002   19.080886239995383        42.678930753229466        1.0000000000000000     
   800.00521000000003        1.3094414000000000E-002   20.707332137064117        42.451520028101243        1.0000000000000000     
   640.00521000000003        1.1146991000000000E-002   19.015686838439638        42.412419049749602        1.0000000000000000     
   8950.0051999999996        1.1575528000000000E-002   21.231154063230409        42.397919253086201        1.5000000000000000     
   660.00521000000003        1.1109696000000001E-002   19.050306788834916        42.363960522935628        1.0000000000000000     
   1300.0041000000001        1.0702690000000001E-002   20.023695876151002        42.089370391570320        1.0000000000000000     
   620.00521000000003        1.3199422000000001E-002   19.509453722289855        41.981221254315756        1.0000000000000000     
   3300.0052000000001        1.3195890000000000E-002   20.496335755007500        41.912553467862296        2.5000000000000000     
   1200.0043000000001        1.0795384999999999E-002   19.546503959818033        41.418900596805649        1.0000000000000000     
   960.00405999999998        1.3140246000000000E-002   19.415451367468521        41.046452495417803       0.50000000000000000     
   6450.0051999999996        1.3129511000000000E-002   20.603011125470463        40.985439254598845        2.5000000000000000     
   2350.0052000000001        1.0975723000000000E-002   19.233241221915723        40.926560799603166        1.5000000000000000     
   1050.0047000000000        1.2768175999999999E-002   18.982026331431374        40.659118895146939        1.5000000000000000     
   1150.0052000000001        1.3175862000000000E-002   20.475696458479280        40.223465669181927        1.5000000000000000     
   1900.0047000000000        1.1046410000000000E-002   19.168288076060026        40.026965946293728        1.5000000000000000     
   10600.004999999999        1.3225651000000000E-002   20.303811701846275        39.863049928187202        2.5000000000000000     
   1150.0043000000001        1.0921925000000001E-002   19.342754966184852        39.855419648688205        1.0000000000000000     
   2650.0052000000001        1.3203480000000000E-002   20.381515604706841        39.847958396862190        2.5000000000000000     
   6250.0051999999996        1.3122043999999999E-002   20.570928064189125        39.623541157739254        2.5000000000000000     
   6950.0051999999996        1.0958839999999999E-002   19.295182307845025        39.519554118470808        1.5000000000000000     
   6600.0051999999996        1.3127366000000000E-002   20.547581192631785        39.269982893949241        2.5000000000000000     
   2450.0052000000001        1.1786557000000000E-002   18.766480992765654        39.178175310322317        2.0000000000000000     
   1750.0052000000001        1.2778291000000001E-002   20.977777068807843        39.044621976985248        2.0000000000000000     
   780.00521000000003        1.3106596999999999E-002   20.574805935041088        38.873970884763409        1.0000000000000000     
   10700.004999999999        1.3211850000000001E-002   20.293097142835652        38.862160731928853        2.5000000000000000     
   2100.0052000000001        1.2624437000000001E-002   21.078130699324465        38.807183921353882        2.0000000000000000     
   2150.0052000000001        1.2670808000000000E-002   18.954698834729971        38.565947228757807        2.5000000000000000     
   640.00521000000003        1.3188231000000000E-002   19.642585955475969        38.490944402794156        1.0000000000000000     
   9100.0051999999996        1.1034241000000000E-002   19.237045323645514        37.869757850693460        1.5000000000000000     
   5650.0051999999996        1.1455369000000000E-002   21.095557477090345        37.421727274652277        1.5000000000000000     
   1100.0052000000001        1.3223238000000000E-002   20.013782114660515        37.412530673071444        1.5000000000000000     
   6850.0051999999996        1.0959297000000000E-002   19.366856048647701        37.098351002926073        1.5000000000000000     
   11700.004999999999        1.2829672000000000E-002   19.115038767097193        36.787800569090763        2.5000000000000000     
   6850.0051999999996        1.2610455000000000E-002   18.955414240807070        36.595367541067922        2.5000000000000000     
   6700.0051999999996        1.1452525000000000E-002   21.073340801859548        36.294733334274930        1.5000000000000000     
   760.00521000000003        1.3118641000000000E-002   20.441981494950177        36.167634654037272        1.0000000000000000     
   660.00521000000003        1.3176930999999999E-002   19.775817475640498        35.885611286897557        1.0000000000000000     
   1900.0052000000001        1.3179145000000000E-002   20.195242019259940        35.712561155542659        2.5000000000000000     
   2150.0052000000001        1.1600829999999999E-002   21.120880341576257        35.392734990991222        1.5000000000000000     
   900.00521000000003        1.2766727000000000E-002   19.090754573148388        35.364938596072143        1.0000000000000000     
   9550.0051999999996        1.2621827000000000E-002   21.008304538098482        35.083671217894505        2.0000000000000000     
   6500.0051999999996        1.2606281000000000E-002   18.984770651571573        34.956681718149262        2.5000000000000000     
   5800.0051999999996        1.0969471000000000E-002   19.422230731832986        34.895184769674181        1.5000000000000000     
   740.00521000000003        1.3130552000000000E-002   20.308933028867273        34.339687569056174        1.0000000000000000     
   980.00405999999998        1.3134010999999999E-002   19.715342192703762        34.175276948351012       0.50000000000000000     
   680.00521000000003        1.3165517000000000E-002   19.909116205010282        34.167245246705548        1.0000000000000000     
   4500.0051999999996        1.1481778000000000E-002   21.041835694268794        33.849390908923723        1.5000000000000000     
   1100.0041000000001        1.1183713000000000E-002   19.171221462167608        33.829958608392687        1.0000000000000000     
   1250.0041000000001        1.0840255000000000E-002   19.942665538905946        33.707394332788120        1.0000000000000000     
   6700.0051999999996        1.2614375000000001E-002   19.015879268664779        33.648756116903158        2.5000000000000000     
   4650.0051999999996        1.1003321999999999E-002   19.409409725061998        33.554098708237888        1.5000000000000000     
   720.00521000000003        1.3142331000000000E-002   20.175729949568826        33.395029843656204        1.0000000000000000     
   700.00521000000003        1.3153985000000000E-002   20.042437583196310        33.337059898026894        1.0000000000000000     
   2900.0052000000001        1.2717610000000001E-002   19.097221280574232        33.249338251925863        2.5000000000000000     
   1300.0047000000000        1.2642706000000000E-002   20.956540774051273        33.201031211511854        1.5000000000000000     
   1500.0047000000000        1.2095666000000000E-002   21.145641203051110        33.041142775785730        1.5000000000000000     
   6800.0051999999996        1.1452402000000000E-002   21.007686733822332        32.882402700341359        1.5000000000000000     
   3550.0052000000001        1.2703748000000001E-002   19.095793605903562        32.821261282138259        2.5000000000000000     
   1450.0047000000000        1.2188483000000000E-002   21.119935103670713        32.244511053453664        1.5000000000000000     
   3350.0052000000001        1.3107425000000001E-002   20.249795202470043        32.219695847622489        2.5000000000000000     
   940.00405999999998        1.2670047000000000E-002   19.089700682911989        31.940195672196950       0.50000000000000000     
   2150.0052000000001        1.2706535000000000E-002   20.880216047629801        31.849299971526591        2.0000000000000000     
   1000.0041000000000        1.3127715999999999E-002   20.014445297236623        31.798802687897901       0.50000000000000000     
   2700.0052000000001        1.3115892000000001E-002   20.161727507278695        31.784270110215779        2.5000000000000000     
   5050.0051999999996        1.2476889000000000E-002   21.016125512197931        31.498353889491572        2.0000000000000000     
   2150.0052000000001        1.1873842000000001E-002   18.888627450048503        31.276618743588063        2.0000000000000000     
   1800.0047000000000        1.1744608000000000E-002   21.084167897602157        31.016126803007076        1.5000000000000000     
   1550.0047000000000        1.1996763000000001E-002   21.112768525150710        30.956605795819421        1.5000000000000000     
   4550.0051999999996        1.1807780000000000E-002   18.905467855073724        30.873727771012799        2.0000000000000000     
   7700.0051999999996        1.2448443000000000E-002   21.016475351755158        30.858081108570936        2.0000000000000000     
   3750.0052000000001        1.1517717000000000E-002   20.993035765576074        30.467922654134448        1.5000000000000000     
   3900.0052000000001        1.1049631000000001E-002   19.443055741755281        30.334704483550908        1.5000000000000000     
   2500.0052000000001        1.1920336000000000E-002   18.902294388796058        30.282598154368266        2.0000000000000000     
   2950.0052000000001        1.2451968000000001E-002   20.990263000746985        29.622396619212314        2.0000000000000000     
   1950.0052000000001        1.3087710000000001E-002   19.994589809748881        29.578559350839576        2.5000000000000000     
   11600.004999999999        1.3076302999999999E-002   19.860797177474947        29.445140788979053        2.5000000000000000     
   6500.0051999999996        1.3037452999999999E-002   20.318343790705850        29.441288691235272        2.5000000000000000     
   1800.0052000000001        1.2687254000000000E-002   20.839061121048946        29.408540706347345        2.0000000000000000     
   2100.0052000000001        1.2783872999999999E-002   19.251275829962143        29.376119431650746        2.5000000000000000     
   940.00519999999995        1.2628115000000001E-002   19.126298042859709        28.947089007981894       0.50000000000000000     
   1400.0047000000000        1.2275794000000000E-002   21.036305253865148        28.749772036548400        1.5000000000000000     
   6300.0051999999996        1.3029888000000000E-002   20.286714919668260        28.571869721099624        2.5000000000000000     
   6650.0051999999996        1.3034993999999999E-002   20.261890561445089        28.494982457204852        2.5000000000000000     
   10700.004999999999        1.3001044999999999E-002   19.629062910901350        28.492136565581241        2.5000000000000000     
   1200.0041000000001        1.0964966000000000E-002   19.766382367436879        28.146815797506719        1.0000000000000000     
   10800.004999999999        1.2985548000000000E-002   19.612747784298563        28.031729586870959        2.5000000000000000     
   1150.0041000000001        1.1078914000000000E-002   19.505924629255652        27.312748174046281        1.0000000000000000     
   11900.004999999999        1.2582473000000000E-002   20.856390751012622        26.816997735834818        2.0000000000000000     
   11300.004999999999        1.2562792999999999E-002   20.862227365352567        26.504299606463874        2.0000000000000000     
   1600.0047000000000        1.1891081000000000E-002   21.021311740640535        26.373524741111229        1.5000000000000000     
   2750.0052000000001        1.3024048999999999E-002   19.924759485216278        26.358438557019767        2.5000000000000000     
   2850.0052000000001        1.2825543000000000E-002   19.394127838786765        26.215058601891943        2.5000000000000000     
   920.00521000000003        1.2751645000000001E-002   19.310690612086844        26.002941316860252        1.0000000000000000     
   2000.0052000000001        1.2991687000000000E-002   19.770470722450685        25.903171083473509        2.5000000000000000     
   3400.0052000000001        1.3014520000000000E-002   19.987826973279123        25.734976624431457        2.5000000000000000     
   1100.0047000000000        1.2887457999999999E-002   19.510962244362087        25.668491521696989        1.5000000000000000     
   2050.0052000000001        1.2890599000000001E-002   19.522860626073214        25.520714856038452        2.5000000000000000     
   3500.0052000000001        1.2813323000000000E-002   19.412498737344162        25.166301477155152        2.5000000000000000     
   6800.0051999999996        1.2726232000000001E-002   19.310488579611583        25.070973228709924        2.5000000000000000     
   5200.0051999999996        1.1394823000000000E-002   20.797315697892515        25.048788074827158        1.5000000000000000     
   4300.0051999999996        1.2433425000000000E-002   20.899751690572508        24.935258016946733        2.0000000000000000     
   2150.0052000000001        1.2525712000000000E-002   20.835056146389672        24.342296693724858        2.0000000000000000     
   2800.0052000000001        1.2927459000000001E-002   19.669382112952864        24.237210602970912        2.5000000000000000     
   6450.0051999999996        1.2721840000000000E-002   19.339165573924834        23.943878439929193        2.5000000000000000     
   5300.0051999999996        1.1074809999999999E-002   19.695878599442910        23.711660071699256        1.5000000000000000     
   1250.0047000000000        1.2708377000000000E-002   20.661629903001970        23.488802874556825        1.5000000000000000     
   11500.004999999999        1.1989128999999999E-002   19.035142975406195        23.276680720263421        2.0000000000000000     
   1350.0047000000000        1.2358101000000000E-002   20.895891472911178        23.271445999875453        1.5000000000000000     
   6650.0051999999996        1.2729760000000000E-002   19.370009951397151        23.235928350428111        2.5000000000000000     
   3450.0052000000001        1.2916680000000000E-002   19.709220934808485        23.121368177235794        2.5000000000000000     
   3200.0052000000001        1.1837116000000000E-002   19.059053035263222        22.797809071435225        2.0000000000000000     
   12100.004999999999        1.2015586999999999E-002   19.048808779984956        22.625191616272328        2.0000000000000000     
   1050.0041000000001        1.2624860999999999E-002   20.712160002726588        22.440578585422280       0.50000000000000000     
   1050.0052000000001        1.2581841999999999E-002   20.745575513367147        22.360573990864246       0.50000000000000000     
   1050.0052000000001        1.2648075000000000E-002   20.683703032587793        22.186276242097520        1.0000000000000000     
   6550.0051999999996        1.2940544000000000E-002   20.019096521440620        22.124693443779474        2.5000000000000000     
   6700.0051999999996        1.2937749000000000E-002   19.961600987060535        22.021192889536355        2.5000000000000000     
   6350.0051999999996        1.2932875999999999E-002   19.987894546035882        21.760105433910603        2.5000000000000000     
   5300.0051999999996        1.1872717000000000E-002   19.087520106006579        21.220512375894760        2.0000000000000000     
   1100.0047000000000        1.2708241000000000E-002   19.413913524385723        21.127567152129465        1.5000000000000000     
   7950.0051999999996        1.1845194000000000E-002   19.100502682375513        20.826507478688338        2.0000000000000000     
   2200.0052000000001        1.2612650000000000E-002   20.672727863046603        20.697570142390013        2.0000000000000000     
   5700.0051999999996        1.1309138999999999E-002   20.589764817023603        20.627786861715794        1.5000000000000000     
   6750.0051999999996        1.2835055000000000E-002   19.645108011865524        20.581630193622495        2.5000000000000000     
   2200.0052000000001        1.1465077000000001E-002   20.730232859109531        20.484566075440760        1.5000000000000000     
   960.00405999999998        1.2662026999999999E-002   19.386995427777723        20.351359130980399       0.50000000000000000     
   2000.0047000000000        1.1173605000000000E-002   19.640606650555615        20.302307657623544        1.5000000000000000     
   1650.0047000000000        1.1777767000000000E-002   20.871054603207075        20.203090198510075        1.5000000000000000     
   1850.0047000000000        1.1619291000000000E-002   20.810419577164698        20.042980537054845        1.5000000000000000     
   6400.0051999999996        1.2830424999999999E-002   19.672728990838880        19.917800642803261        2.5000000000000000     
   6750.0051999999996        1.1304375000000000E-002   20.557928691879553        19.879464525470503        1.5000000000000000     
   1850.0052000000001        1.2591300000000000E-002   20.665745241892317        19.821310538961331        2.0000000000000000     
   6600.0051999999996        1.2838207000000001E-002   19.703633050644545        19.760609409987620        2.5000000000000000     
   940.00521000000003        1.2736346000000001E-002   19.528616504480759        19.110196308407886        1.0000000000000000     
   9750.0051999999996        1.2055474000000000E-002   19.129431440270206        19.024173985865463        2.0000000000000000     
   2300.0052000000001        1.1155508000000000E-002   19.795041800511196        18.879365909549421        1.5000000000000000     
   9000.0051999999996        1.1416411000000000E-002   20.636017124561917        18.627347720219859        1.5000000000000000     
   6900.0051999999996        1.1140819000000000E-002   19.923244157727289        18.602087180125320        1.5000000000000000     
   4550.0051999999996        1.1337453000000001E-002   20.548584468227467        18.497836479977789        1.5000000000000000     
   6800.0051999999996        1.1141188000000000E-002   19.993003929965443        18.440175840075980        1.5000000000000000     
   1850.0047000000000        1.1221767000000001E-002   19.649779214025912        18.207530704043918        1.5000000000000000     
   5750.0051999999996        1.1148343999999999E-002   20.035768203260250        18.164933582712159        1.5000000000000000     
   6850.0051999999996        1.1304120000000001E-002   20.490190519073099        18.113393417359195        1.5000000000000000     
   960.00519999999995        1.2619905000000001E-002   19.423089249640928        17.927705810036294       0.50000000000000000     
   1200.0047000000000        1.2770915000000001E-002   20.320474551071069        17.425347551886322        1.5000000000000000     
   1150.0047000000000        1.2830541000000001E-002   19.935866181898813        17.347788350855030        1.5000000000000000     
   1300.0047000000000        1.2435841000000000E-002   20.700280163555295        17.008741993316374        1.5000000000000000     
   4600.0051999999996        1.1179072000000000E-002   20.007983893684791        16.849663944747874        1.5000000000000000     
   3800.0052000000001        1.1376206000000000E-002   20.526449843939663        16.656710100508569        1.5000000000000000     
   2400.0052000000001        1.1932936000000000E-002   19.197617796692786        16.207869033003231        2.0000000000000000     
   5250.0051999999996        1.1242751000000000E-002   20.272985870265540        16.198684002916210        1.5000000000000000     
   3850.0052000000001        1.1221205999999999E-002   20.013058943226124        15.167266526826907        1.5000000000000000     
   5100.0051999999996        1.2371538000000000E-002   20.679745195622910        15.002350240513811        2.0000000000000000     
   9600.0051999999996        1.2496515999999999E-002   20.582274211328624        14.639284944643583        2.0000000000000000     
   960.00521000000003        1.2720825999999999E-002   19.744365099070308        14.623483728841908        1.0000000000000000     
   9050.0051999999996        1.1237786000000000E-002   19.976729817713981        14.537792812914279        1.5000000000000000     
   7750.0051999999996        1.2342985000000001E-002   20.680940209809304        14.532956792125479        2.0000000000000000     
   1700.0047000000000        1.1655753000000000E-002   20.661172613852301        13.891380381916235        1.5000000000000000     
   3000.0052000000001        1.2345235000000000E-002   20.659063123437143        13.838784974412622        2.0000000000000000     
   2250.0052000000001        1.1317473999999999E-002   20.290635825980353        13.757773625955267        1.5000000000000000     
   2450.0052000000001        1.2055778000000000E-002   19.273954952416716        13.256314521284137        2.0000000000000000     
   980.00405999999998        1.2653922000000000E-002   19.683416290647571        13.195981143231847       0.50000000000000000     
   2100.0052000000001        1.2015257999999999E-002   19.279515397675933        12.983271332287597        2.0000000000000000     
   1000.0051999999999        1.2689094999999999E-002   20.168649386466079        12.582363943106632        1.0000000000000000     
   980.00521000000003        1.2705077000000000E-002   19.957766217809958        12.472932333780497        1.0000000000000000     
   1900.0047000000000        1.1483706000000000E-002   20.481429207254781        12.458339564857008        1.5000000000000000     
   2200.0052000000001        1.2421500000000000E-002   20.566064605249377        12.452284668571316        2.0000000000000000     
   11400.004999999999        1.2458754000000001E-002   20.532094532034673        12.339495643313025        2.0000000000000000     
   1250.0047000000000        1.2509398000000000E-002   20.451530947777808        11.584163155984356        1.5000000000000000     
   2250.0052000000001        1.2513878000000001E-002   20.443847452700695        11.526779190594780        2.0000000000000000     
   1150.0047000000000        1.2645306000000000E-002   19.805184964420100        11.359318790805341        1.5000000000000000     
   980.00519999999995        1.2611605999999999E-002   19.718974746094787        11.325927727851036       0.50000000000000000     
   1900.0052000000001        1.2489915000000001E-002   20.458342485780424        11.252363684055897        2.0000000000000000     
   1950.0047000000000        1.1335978000000000E-002   20.093452554209353        11.241465459734851        1.5000000000000000     
   1000.0041000000000        1.2645730000000001E-002   19.978836181828129        10.435379028830537       0.50000000000000000     
   4350.0051999999996        1.2324893000000000E-002   20.553554681558399        10.299456078130520        2.0000000000000000     
   4500.0051999999996        1.1952254000000001E-002   19.365326925191273        10.127239512841829        2.0000000000000000     
   1800.0047000000000        1.1379798000000000E-002   20.054452888642949        9.6903914307843504        1.5000000000000000     
   1750.0047000000000        1.1523682000000000E-002   20.389965232095243        9.4737931574463730        1.5000000000000000     
   1000.0051999999999        1.2603217000000000E-002   20.013825627784616        9.1015478862809740       0.50000000000000000     
   1200.0047000000000        1.2579118000000000E-002   20.152175305672827        8.9633749458795400        1.5000000000000000     
   3150.0052000000001        1.1978990000000000E-002   19.507898859210982        6.0651236417779879        2.0000000000000000     
   5250.0051999999996        1.2011501000000001E-002   19.530086031783426        5.5237850987951749        2.0000000000000000     
   7900.0051999999996        1.1983552999999999E-002   19.539715279319850        5.3033130400072608        2.0000000000000000     
   2300.0052000000001        1.2409620999999999E-002   20.191921324127705        5.1155791418907519        2.0000000000000000     
   1950.0052000000001        1.2382476999999999E-002   20.216911078443204        4.8334769367326542        2.0000000000000000     
   2400.0052000000001        1.2181579000000000E-002   19.609990251142445        4.6269633644401162        2.0000000000000000     
   2350.0052000000001        1.2068041000000000E-002   19.588870147889725        4.3414332043425663        2.0000000000000000     
   5150.0051999999996        1.2259542999999999E-002   20.322036711249702        4.2767553138559524        2.0000000000000000     
   9700.0051999999996        1.2215204000000000E-002   19.648679689194655        4.2434680265475473        2.0000000000000000     
   2250.0052000000001        1.2311097000000000E-002   20.270019793695720        4.2423008778344080        2.0000000000000000     
   11500.004999999999        1.2177785999999999E-002   19.636768540827294        4.0886238098416188        2.0000000000000000     
   7800.0051999999996        1.2231047000000000E-002   20.325314564275565        3.9803070370488998        2.0000000000000000     
   2050.0052000000001        1.2146214000000001E-002   19.629181592577979        3.9721205515282998        2.0000000000000000     
   9650.0051999999996        1.2361514000000001E-002   20.130760072890915        3.6947643738001488        2.0000000000000000     
   3050.0052000000001        1.2231568000000000E-002   20.303668849777427        3.6459627227557618        2.0000000000000000     
   12000.004999999999        1.2321680000000000E-002   20.021485232204906        2.5984910704322721        2.0000000000000000     
   2350.0052000000001        1.2299153000000000E-002   19.914853438984224        2.4185614641822681        2.0000000000000000     
   11400.004999999999        1.2299373000000001E-002   20.019985469720339        2.2505904161308616        2.0000000000000000     
   4400.0051999999996        1.2209279999999999E-002   20.184727428411399        1.9480585600843603        2.0000000000000000     
   2000.0052000000001        1.2268225000000001E-002   19.940934780983923        1.8858338563348900        2.0000000000000000     
   4450.0051999999996        1.2085515000000000E-002   19.790011542802457        1.2851991609135220        2.0000000000000000     
   2300.0052000000001        1.2193638000000000E-002   19.945144901333354        1.0126189674622645        2.0000000000000000     
   5200.0051999999996        1.2139934000000000E-002   19.940042450682078       0.57941082396040355        2.0000000000000000     
   3100.0052000000001        1.2109920999999999E-002   19.921179512947258       0.45738239613862131        2.0000000000000000     
