  #time	ai	proti	chi2	massp                                                                                                                                                                              
   360.00522000000001        1.3798516000000000E-002   11.135265048002829        99.560662015128415        2.5000000000000000     
   98.005206999999999        1.1915930000000000E-002   10.008264109322242        99.351987631121247        1.0000000000000000     
   640.00409000000002        1.1878366000000000E-002   13.989175443894171        99.290341484316940        1.0000000000000000     
   340.00520999999998        1.3269078000000000E-002   10.480976305872000        97.949799150292563        3.0000000000000000     
   2650.0052000000001        1.0778348000000000E-002   13.546849285014433        97.129408093711675        2.5000000000000000     
   360.00520000000000        1.3761663000000000E-002   11.120604477614195        96.919828602844944        1.5000000000000000     
   2800.0052000000001        1.0789941000000001E-002   10.451017491302386        96.589739955145461        3.5000000000000000     
   1550.0052000000001        1.1653168000000000E-002   13.931782449153163        96.301894048551688        3.0000000000000000     
   560.00522000000001        1.3592685000000000E-002   13.145639782841535        96.228402757526254        2.5000000000000000     
   7400.0051999999996        1.0101980000000000E-002   11.504954833591382        96.188745297337306        2.5000000000000000     
   360.00405999999998        1.3305050000000001E-002   10.539393587037535        95.913165463958080       0.50000000000000000     
   3500.0052000000001        1.0106011000000000E-002   11.513598229482231        95.594529716832483        2.5000000000000000     
   340.00520999999998        1.2703323000000001E-002   10.176711642092847        95.476090108174930        2.5000000000000000     
   560.00521000000003        1.3582032000000001E-002   13.147071408942052        95.464953836914844        2.5000000000000000     
   960.00473999999997        1.0146492000000000E-002   12.593053178895675        94.680103553902185        2.0000000000000000     
   700.00469999999996        1.2088823000000000E-002   13.940237873174759        94.310310450944939        2.0000000000000000     
   7250.0051999999996        1.0108677000000000E-002   11.562410985284314        94.214675278815236        2.5000000000000000     
   340.00472000000002        1.3402760999999999E-002   10.660111704204258        94.075977856144959        1.5000000000000000     
   960.00496999999996        1.0131882000000000E-002   12.519119424430981        93.983750175927142        2.0000000000000000     
   340.00405999999998        1.2879453000000001E-002   10.275326581239446        93.698398275465394       0.50000000000000000     
   1750.0052000000001        1.0122745000000001E-002   11.532665818935568        93.562193583978058        2.5000000000000000     
   11300.004999999999        1.0964623000000000E-002   13.626473008652525        92.935498883174560        2.5000000000000000     
   360.00520000000000        1.3285711000000000E-002   10.564801700634886        92.821173903853037        3.0000000000000000     
   380.00520999999998        1.3769342000000000E-002   11.237026335661083        92.817501656493192        2.5000000000000000     
   360.00473000000000        1.3514376999999999E-002   10.811833204868222        92.626952624468728        1.5000000000000000     
   580.00519999999995        1.2762773000000000E-002   13.760599648383682        92.038342710882745       0.50000000000000000     
   560.00473000000000        1.3373813999999999E-002   13.338773977276169        91.992017769259476        1.5000000000000000     
   420.00520999999998        1.3077975000000000E-002   13.585877189363947        91.925913603189031        1.0000000000000000     
   2500.0052000000001        1.1558039000000001E-002   13.853963388038615        90.812741928538657        3.0000000000000000     
   940.00473999999997        1.0290522000000000E-002   12.835763473541673        90.520393575532140        2.0000000000000000     
   500.00520000000000        1.3676637000000000E-002   12.898160042245831        90.445080231101628        1.5000000000000000     
   380.00522000000001        1.3779068000000000E-002   11.341661349553439        89.962321857315729        2.5000000000000000     
   580.00405999999998        1.2801696000000000E-002   13.719042245245396        89.945566543951770       0.50000000000000000     
   8850.0051999999996        1.0838326000000001E-002   10.502264547819957        89.817449208046042        3.5000000000000000     
   340.00470000000001        1.2693344000000001E-002   10.239427982297901        89.508491594106744        2.0000000000000000     
   560.00405999999998        1.3254037999999999E-002   13.416684042091200        89.490125005044916       0.50000000000000000     
   360.00474000000003        1.2189438000000000E-002   10.117574488809032        89.485311430860847        2.0000000000000000     
   380.00520000000000        1.3152453000000000E-002   10.504871796239030        89.088906584345608        3.5000000000000000     
   920.00473999999997        1.0420990000000000E-002   13.027510861266055        88.726281115644767        2.0000000000000000     
   940.00496999999996        1.0277269000000000E-002   12.761064049587000        88.675517965467193        2.0000000000000000     
   560.00472000000002        1.3237733999999999E-002   13.418476631594713        88.601535664354088        1.5000000000000000     
   340.00520000000000        1.2842206000000000E-002   10.317723393084293        88.484137002675780       0.50000000000000000     
   1050.0052000000001        1.0226621000000000E-002   11.389664833025714        87.934556036931383        2.5000000000000000     
   900.00473999999997        1.0540295000000000E-002   13.175495752319048        87.813225430463604        2.0000000000000000     
   540.00522000000001        1.3614542000000000E-002   12.950532988132746        87.756473401741687        2.5000000000000000     
   880.00473999999997        1.0650240000000000E-002   13.285325432555101        86.847839199635089        2.0000000000000000     
   400.00520000000000        1.1752277000000000E-002   10.155842355372529        86.557100117805263        2.5000000000000000     
   540.00521000000003        1.3604009000000000E-002   12.940840328579407        86.450637489325828        2.5000000000000000     
   380.00520000000000        1.3749815000000000E-002   11.373523301139901        86.358143286021175        1.5000000000000000     
   120.00521000000001        1.3634983999999999E-002   12.877054468663959        86.059933334869683       0.50000000000000000     
   920.00496999999996        1.0408839000000000E-002   12.951304710335767        85.919352019361483        2.0000000000000000     
   860.00473999999997        1.0752220999999999E-002   13.361492240990813        85.265339463491017        2.0000000000000000     
   680.00519999999995        1.0530962000000000E-002   10.890876724747550        84.705678938106800        2.5000000000000000     
   900.00496999999996        1.0529056000000000E-002   13.097245328367844        84.190590879968909        2.0000000000000000     
   2600.0052000000001        1.2064175999999999E-002   13.832405737608001        84.045731158380804        3.5000000000000000     
   400.00520999999998        1.3749582000000000E-002   11.454882097372240        83.954771207250857        2.5000000000000000     
   360.00409000000002        1.2168729000000000E-002   10.179128675337001        83.601043976190709        1.0000000000000000     
   2650.0052000000001        1.0496205000000000E-002   10.959763334731338        83.587295095022910        3.0000000000000000     
   6550.0051999999996        1.0827333000000000E-002   10.597825200291327        83.531051817780138        3.5000000000000000     
   140.00521000000001        1.3444373000000001E-002   13.119176271563569        83.469223950881002        1.0000000000000000     
   360.00520999999998        1.3238263000000000E-002   10.660423615174894        83.194004298486902        3.0000000000000000     
   6600.0051999999996        1.0485217999999999E-002   10.991030633273082        82.814594402728488        3.0000000000000000     
   840.00473999999997        1.0847338000000000E-002   13.407687486515906        82.755343850242113        2.0000000000000000     
   180.00521000000001        1.3209571999999999E-002   10.642095027508100        82.674258911744573        1.0000000000000000     
   880.00496999999996        1.0639770999999999E-002   13.204639780539924        82.534499588339031        2.0000000000000000     
   400.00522000000001        1.3759395000000001E-002   11.547546934907727        82.504617310794814        2.5000000000000000     
   380.00497000000001        1.2147296000000000E-002   10.192088357977386        82.256013016571700        2.0000000000000000     
   1750.0052000000001        1.0206840999999999E-002   11.742533455332097        82.042709534632820        2.5000000000000000     
   480.00520000000000        1.3689104000000001E-002   12.643508765390113        81.679399643950134        1.5000000000000000     
   2150.0052000000001        1.0205587000000000E-002   11.810894436179064        81.391977261380575        2.5000000000000000     
   96.005206999999999        1.1919236999999999E-002   10.198062141071809        81.337565329243077        1.0000000000000000     
   620.00432000000001        1.1808740000000000E-002   13.792411593863854        81.232990387966652        1.0000000000000000     
   880.00519999999995        1.2199741000000000E-002   13.790449194190220        81.140117263389925        3.0000000000000000     
   520.00522000000001        1.3636082000000001E-002   12.753862125472137        81.126813331249565        2.5000000000000000     
   860.00519999999995        1.2259463999999999E-002   13.780830194532061        80.966941448517346        3.0000000000000000     
   6850.0051999999996        1.0823785000000001E-002   10.638019895339180        80.961788658331812        3.5000000000000000     
   100.00521000000001        1.1913206000000001E-002   10.208416050406210        80.432653790000060        1.0000000000000000     
   860.00496999999996        1.0742409000000000E-002   13.278090462651596        80.376259630632603        2.0000000000000000     
   11600.004999999999        1.0945050000000000E-002   10.552276039642308        80.220604041509034        3.5000000000000000     
   900.00519999999995        1.2137544000000000E-002   13.785663365396092        80.187797809550929        3.0000000000000000     
   840.00519999999995        1.2316901999999999E-002   13.757511967138873        79.731877631487293        3.0000000000000000     
   520.00521000000003        1.3625665000000000E-002   12.732799722512150        79.494556076499833        2.5000000000000000     
   820.00473999999997        1.0936474999999999E-002   13.427007707822744        79.185910506744534        2.0000000000000000     
   680.00469999999996        1.2129719000000001E-002   13.773220925493323        79.028484417768965        2.0000000000000000     
   400.00520000000000        1.3737874000000001E-002   11.627580289746801        78.972565723031295        1.5000000000000000     
   380.00473000000000        1.3500921000000001E-002   11.063768011363544        78.232356812093556        1.5000000000000000     
   160.00521000000001        1.0584484999999999E-002   13.060173281483932        78.191254243378580        1.5000000000000000     
   920.00519999999995        1.2072658000000000E-002   13.765728192594011        78.076878560861985        3.0000000000000000     
   380.00520000000000        1.3255151999999999E-002   10.757297381968764        77.992909338447646        3.0000000000000000     
   360.00472000000002        1.3388499000000000E-002   10.908691122970753        77.972114999945092        1.5000000000000000     
   540.00473000000000        1.3388538000000000E-002   13.085661065870712        77.667444741934801        1.5000000000000000     
   360.00520999999998        1.2668366000000000E-002   10.370571001237485        77.543797885193399        2.5000000000000000     
   820.00519999999995        1.2372222000000000E-002   13.721168442155836        77.524248556755623        3.0000000000000000     
   420.00520999999998        1.3729586000000000E-002   11.671195333803517        77.489509695706104        2.5000000000000000     
   840.00496999999996        1.0838093000000000E-002   13.321372646558727        77.401339097403593        2.0000000000000000     
   420.00522000000001        1.3739489000000001E-002   11.751752620804922        77.186222335974918        2.5000000000000000     
   380.00405999999998        1.3300068000000000E-002   10.822228807848001        76.933045743547936       0.50000000000000000     
   500.00522000000001        1.3657320000000001E-002   12.555803712935463        76.390686982045665        2.5000000000000000     
   460.00520000000000        1.3701456000000001E-002   12.389196296729121        76.160660476867605        1.5000000000000000     
   400.00520999999998        1.3089382000000000E-002   13.358184269630307        75.785441429493474        1.0000000000000000     
   400.00520000000000        1.3114048000000000E-002   10.670442594637134        75.220646262069678        3.5000000000000000     
   360.00432000000001        1.2090101000000001E-002   10.271381936828526        74.905962747023494        1.0000000000000000     
   420.00520000000000        1.3725836999999999E-002   11.881418981021760        74.814373967475220        1.5000000000000000     
   940.00519999999995        1.2004842999999999E-002   13.729850128550837        74.810120817940387        3.0000000000000000     
   2100.0052000000001        1.0656789000000000E-002   13.089984206989671        74.807035443936087        2.5000000000000000     
   500.00520999999998        1.3647014000000001E-002   12.523150889463468        74.658552456019621        2.5000000000000000     
   800.00473999999997        1.1020354000000000E-002   13.422099416187844        74.551825576375663        2.0000000000000000     
   800.00519999999995        1.2425577000000000E-002   13.672447996039253        74.454950204397647        3.0000000000000000     
   6250.0051999999996        1.1958988000000000E-002   13.724893592825147        74.423495053215788        3.5000000000000000     
   620.00409000000002        1.1901342000000001E-002   13.720124675131576        74.214055281807774        1.0000000000000000     
   440.00522000000001        1.3719340000000000E-002   11.954503197313311        73.955003598731963        2.5000000000000000     
   440.00520000000000        1.3713698999999999E-002   12.135203428832169        73.876109440050072        1.5000000000000000     
   420.00520000000000        1.1690973000000000E-002   10.309663785867464        73.818353080239561        2.5000000000000000     
   480.00522000000001        1.3678266999999999E-002   12.356502840370608        73.591863424980133        2.5000000000000000     
   820.00496999999996        1.0927724999999999E-002   13.337649852199137        73.477020186983069        2.0000000000000000     
   540.00472000000002        1.3253568000000000E-002   13.167677440528621        73.372584362608620        1.5000000000000000     
   440.00520999999998        1.3709341999999999E-002   11.886067646189860        73.370770036153829        2.5000000000000000     
   460.00522000000001        1.3698936000000000E-002   12.156059391903115        72.768455275092890        2.5000000000000000     
   480.00520999999998        1.3668068000000000E-002   12.312067629940971        71.995929898997176        2.5000000000000000     
   7200.0051999999996        1.0580722000000001E-002   12.928157587518250        71.895665616280610        2.5000000000000000     
   460.00520999999998        1.3688840000000001E-002   12.099682850017521        71.552933999894222        2.5000000000000000     
   360.00405999999998        1.2873183000000000E-002   10.554720675003162        71.282021375560092       0.50000000000000000     
   540.00405999999998        1.3259274000000000E-002   13.123769791083895        71.215739822812878       0.50000000000000000     
   780.00519999999995        1.2477103000000000E-002   13.611977819532132        70.652492433318798        3.0000000000000000     
   960.00519999999995        1.1933821000000001E-002   13.677173018352940        70.432222748054059        3.0000000000000000     
   380.00520999999998        1.3206887000000000E-002   10.838984192692703        70.113349225164285        3.0000000000000000     
   380.00474000000003        1.2151933000000000E-002   10.334004850103709        69.965584860392980        2.0000000000000000     
   660.00519999999995        1.0660484000000000E-002   11.000003051107548        69.857426822597432        2.5000000000000000     
   360.00470000000001        1.2665286000000000E-002   10.466794916481556        69.833081055706501        2.0000000000000000     
   1700.0052000000001        1.0659594999999999E-002   12.997506320495193        69.792612114379551        2.5000000000000000     
   7000.0051999999996        1.0555488000000000E-002   12.836653903950763        69.665118942584769        2.5000000000000000     
   7350.0051999999996        1.0573561000000000E-002   12.867076435970001        69.663746173313285        2.5000000000000000     
   3450.0052000000001        1.0577813000000000E-002   12.873243838808811        69.629268611294975        2.5000000000000000     
   2700.0052000000001        1.0377350000000000E-002   12.385571439070082        69.541462143150056        2.5000000000000000     
   7650.0051999999996        1.1936878999999999E-002   13.663421552263618        69.273885972880919        3.5000000000000000     
   780.00473999999997        1.1099573999999999E-002   13.395260847333448        68.937994913082377        2.0000000000000000     
   12200.004999999999        1.0349640000000000E-002   11.841584429568874        68.719593985485488        2.5000000000000000     
   560.00519999999995        1.2769641000000000E-002   13.467542603498080        68.650713192653043       0.50000000000000000     
   800.00496999999996        1.1012040000000001E-002   13.329621845351173        68.598980246566427        2.0000000000000000     
   1700.0052000000001        1.0597990999999999E-002   12.858426483629964        67.563133530726034        2.5000000000000000     
   560.00405999999998        1.2808417000000001E-002   13.425869158133519        67.166021860843173       0.50000000000000000     
   400.00473000000000        1.3487344000000000E-002   11.316658922654430        66.978682504420362        1.5000000000000000     
   360.00520000000000        1.2835803000000000E-002   10.597074198640300        66.669185889184007       0.50000000000000000     
   520.00473000000000        1.3403098000000000E-002   12.832527018159292        66.544632809486544        1.5000000000000000     
   4100.0051999999996        1.0504582000000000E-002   12.644226301760019        66.282565580518209        2.5000000000000000     
   760.00519999999995        1.2526921000000000E-002   13.540366634042591        66.259376270692542        3.0000000000000000     
   400.00520000000000        1.3224039999999999E-002   10.947729417442034        65.138683580418274        3.0000000000000000     
   980.00519999999995        1.1859277000000000E-002   13.606761282976152        65.037117681514644        3.0000000000000000     
   380.00472000000002        1.3374102000000001E-002   11.159318254093629        64.872554465980102        1.5000000000000000     
   5200.0051999999996        1.1361445000000000E-002   13.477505093333592        64.769343609849855        3.0000000000000000     
   660.00469999999996        1.2169485000000001E-002   13.599272532563566        64.659943096600401        2.0000000000000000     
   7000.0051999999996        1.1345846999999999E-002   13.467641120431225        64.547164080411093        3.0000000000000000     
   140.00521000000001        1.1862444000000000E-002   13.591656623413872        63.807309636222982        1.0000000000000000     
   1200.0052000000001        1.0625449000000000E-002   11.186996011323295        63.759150324166654        3.0000000000000000     
   400.00497000000001        1.2108825000000000E-002   10.407937235603125        63.662666286587623        2.0000000000000000     
   440.00520000000000        1.1627204000000000E-002   10.453753530832209        63.246373419946046        2.5000000000000000     
   420.00520000000000        1.3074773000000000E-002   10.830651475441419        63.062824775694558        3.5000000000000000     
   780.00496999999996        1.1091646000000000E-002   13.299629331037480        62.853584468990853        2.0000000000000000     
   760.00473999999997        1.1174636000000000E-002   13.348512495230047        62.492791562772112        2.0000000000000000     
   1000.0051999999999        1.1022318999999999E-002   10.757637921681910        62.483091842479169        3.5000000000000000     
   380.00520999999998        1.3100706000000000E-002   13.130550881718605        62.242475442796547        1.0000000000000000     
   400.00405999999998        1.3295062000000000E-002   11.106849397573070        61.872591085607127       0.50000000000000000     
   380.00520999999998        1.2632658000000000E-002   10.563388476748150        61.602719310476026        2.5000000000000000     
   120.00521000000001        1.0730694000000001E-002   11.076646631654555        61.592980511587491        1.5000000000000000     
   860.00521000000003        1.2174908000000000E-002   13.558550447425574        61.491805869698190        3.0000000000000000     
   740.00519999999995        1.2575144000000000E-002   13.458206749866209        61.428937485841232        3.0000000000000000     
   520.00472000000002        1.3269214000000000E-002   12.916691652293393        61.280695488163076        1.5000000000000000     
   840.00521000000003        1.2235126000000001E-002   13.546748848797650        61.192904215650550        3.0000000000000000     
   880.00521000000003        1.2112176000000001E-002   13.556489003150075        60.881035008451249        3.0000000000000000     
   380.00409000000002        1.2149877000000000E-002   10.451696560089903        60.492664671448672        1.0000000000000000     
   820.00521000000003        1.2293025000000001E-002   13.521834771879531        60.046116471080204        3.0000000000000000     
   8700.0051999999996        1.1931552000000000E-002   13.545497306289109        59.831174537572828        3.5000000000000000     
   3450.0052000000001        1.0931321000000001E-002   10.882426767746670        59.776118874260618        3.5000000000000000     
   200.00521000000001        1.3199044000000000E-002   11.029956023863420        59.467296854259104        1.0000000000000000     
   900.00521000000003        1.2046711000000000E-002   13.539767136559053        59.326617045017329        3.0000000000000000     
   7100.0051999999996        1.0598586000000000E-002   11.371703359703767        58.967948876663456        3.0000000000000000     
   420.00473000000000        1.3473644000000000E-002   11.569180480949239        58.930805022986625        1.5000000000000000     
   640.00519999999995        1.0779370999999999E-002   11.070221186006716        58.860596202646249        2.5000000000000000     
   600.00432000000001        1.1832591000000000E-002   13.524707639404719        58.818977276840975        1.0000000000000000     
   1000.0051999999999        1.1780842999999999E-002   13.517576754727445        58.776723273220959        3.0000000000000000     
   400.00520999999998        1.3174932000000000E-002   11.015415583949972        58.746792945224570        3.0000000000000000     
   500.00473000000000        1.3417500000000001E-002   12.579482710186566        58.627663822905923        1.5000000000000000     
   3300.0052000000001        1.1906536000000001E-002   13.527713586927028        58.566106346572525        3.5000000000000000     
   800.00521000000003        1.2348777999999999E-002   13.484519740377884        58.136122333084366        3.0000000000000000     
   1700.0052000000001        1.0651693000000000E-002   11.297616792178577        57.781850350635317        3.0000000000000000     
   520.00405999999998        1.3264476000000001E-002   12.832063280327386        57.280722929883858       0.50000000000000000     
   920.00521000000003        1.1978264000000001E-002   13.507530119096817        56.827986149344362        3.0000000000000000     
   760.00496999999996        1.1167053000000000E-002   13.249728421225511        56.390545503391841        2.0000000000000000     
   720.00519999999995        1.2621873000000000E-002   13.366075498142425        56.322206466928776        3.0000000000000000     
   780.00521000000003        1.2402539000000001E-002   13.435483114714931        55.566234148212359        3.0000000000000000     
   740.00473999999997        1.1245965000000000E-002   13.283652436660898        55.408308474744807        2.0000000000000000     
   400.00472000000002        1.3359568000000000E-002   11.410870030502862        54.887483765759555        1.5000000000000000     
   460.00520000000000        1.1560740000000000E-002   10.587370332193450        54.711796906116518        2.5000000000000000     
   5300.0051999999996        1.0634087000000000E-002   11.433358028579425        54.670038300984871        3.0000000000000000     
   420.00520000000000        1.3192351999999999E-002   11.134588358065056        54.266016285273949        3.0000000000000000     
   10000.004999999999        1.2059706999999999E-002   13.470867286234506        54.175385881703164        3.5000000000000000     
   440.00473000000000        1.3459815999999999E-002   11.821525013932780        54.072904530718503        1.5000000000000000     
   480.00473000000000        1.3431749000000000E-002   12.326613140493933        53.914536073375935        1.5000000000000000     
   940.00521000000003        1.1906549000000001E-002   13.458852101664414        53.424562023653394        3.0000000000000000     
   120.00521000000001        1.3453939000000000E-002   11.883075833009196        53.190249573630588        1.0000000000000000     
   380.00432000000001        1.2070341000000000E-002   10.543067757984154        53.189983777409019        1.0000000000000000     
   400.00474000000003        1.2113530000000001E-002   10.548249196056950        53.011734887242802        2.0000000000000000     
   380.00470000000001        1.2636733000000001E-002   10.694576038132865        52.739015080069933        2.0000000000000000     
   600.00409000000002        1.1923914000000001E-002   13.449954147371701        52.703901162836637        1.0000000000000000     
   380.00405999999998        1.2866878999999999E-002   10.837106320069042        52.595022728249049       0.50000000000000000     
   440.00520000000000        1.3034576000000001E-002   10.985353406349626        52.496380829477374        3.5000000000000000     
   760.00521000000003        1.2454448999999999E-002   13.375375191724363        52.454519141763086        3.0000000000000000     
   460.00473000000000        1.3445853000000001E-002   12.073965143842628        52.399046139252654        1.5000000000000000     
   500.00472000000002        1.3284682000000001E-002   12.665640544923706        52.337131158780430        1.5000000000000000     
   6700.0051999999996        1.1853102000000001E-002   13.437868704515500        52.226134332601184        3.5000000000000000     
   640.00469999999996        1.2208185999999999E-002   13.418944848409270        51.418645890221732        2.0000000000000000     
   360.00520999999998        1.3111948999999999E-002   12.904275996935441        51.353642383362654        1.0000000000000000     
   700.00519999999995        1.2667200999999999E-002   13.264536615347367        51.105250019773010        3.0000000000000000     
   420.00405999999998        1.3290032000000000E-002   11.391923264831549        50.848498748476857       0.50000000000000000     
   620.00519999999995        1.0889304000000001E-002   11.106819032977233        50.785447070532001        2.5000000000000000     
   540.00519999999995        1.2776457000000000E-002   13.175566887826591        49.621074246952261       0.50000000000000000     
   6500.0051999999996        1.1274398000000000E-002   13.205956225332896        49.520716577041867        3.0000000000000000     
   740.00496999999996        1.1238690000000001E-002   13.181744999467231        49.402853688243184        2.0000000000000000     
   960.00521000000003        1.1831239000000000E-002   13.392718693584699        49.203639455342127        3.0000000000000000     
   420.00520999999998        1.3142371999999999E-002   11.188286162259532        49.097329676551688        3.0000000000000000     
   740.00521000000003        1.2504632000000000E-002   13.304822079300559        48.930351904503695        3.0000000000000000     
   6400.0051999999996        1.1851858000000000E-002   13.389561155715853        48.820655030061808        3.5000000000000000     
   540.00405999999998        1.2815088000000001E-002   13.133788569399448        48.746124077534510       0.50000000000000000     
   1000.0051999999999        1.0623690999999999E-002   12.222237834612109        48.590405321163239        2.5000000000000000     
   380.00520000000000        1.2829365000000001E-002   10.879411312242992        48.589132692088810       0.50000000000000000     
   480.00520000000000        1.1491316999999999E-002   10.709489536394116        48.104390365138691        2.5000000000000000     
   420.00472000000002        1.3344895000000001E-002   11.661990616717068        48.074824804818689        1.5000000000000000     
   720.00473999999997        1.1313922000000001E-002   13.202294809205670        47.905395275729447        2.0000000000000000     
   1600.0052000000001        1.1384358000000001E-002   13.237934904499653        47.787446835511773        3.0000000000000000     
   420.00497000000001        1.2069402000000000E-002   10.619945306362810        47.734188462933858        2.0000000000000000     
   400.00520999999998        1.2596169000000001E-002   10.753773902854615        47.712423335976169        2.5000000000000000     
   500.00405999999998        1.3269646000000000E-002   12.541602588705153        47.633360052781207       0.50000000000000000     
   220.00521000000001        1.3188431000000000E-002   11.313667346752203        47.085520249888788        1.0000000000000000     
   480.00472000000002        1.3299976999999999E-002   12.414620718355968        46.546265521966319        1.5000000000000000     
   860.00521000000003        1.1366026000000000E-002   13.201032532577475        46.110053857577434        2.5000000000000000     
   680.00519999999995        1.2711212000000000E-002   13.154140234226325        45.946554376560613        3.0000000000000000     
   880.00521000000003        1.1280488000000000E-002   13.146825890482953        45.822678204649939        2.5000000000000000     
   840.00521000000003        1.1446847000000000E-002   13.233306163449305        45.675557608492994        2.5000000000000000     
   440.00520000000000        1.3160056999999999E-002   11.317846167343534        45.276653719524724        3.0000000000000000     
   720.00521000000003        1.2553203000000001E-002   13.224427278802185        45.131392276643503        3.0000000000000000     
   140.00521000000001        1.0659139000000000E-002   12.063634121339266        45.048940335922758        1.5000000000000000     
   600.00519999999995        1.0991590000000001E-002   11.114100939443238        45.042697539590549        2.5000000000000000     
   900.00521000000003        1.1189635000000000E-002   13.068707724547306        44.970690821815325        2.5000000000000000     
   820.00521000000003        1.1523451000000001E-002   13.245386469919682        44.452159352774586        2.5000000000000000     
   440.00472000000002        1.3330076999999999E-002   11.912845683106244        44.417519750963429        1.5000000000000000     
   980.00521000000003        1.1751955000000000E-002   13.308003334585212        44.309974935790670        3.0000000000000000     
   980.00521000000003        1.0755997999999999E-002   12.464568580158394        44.084125335767069        2.5000000000000000     
   460.00472000000002        1.3315106000000000E-002   12.163689591245520        43.907454002536952        1.5000000000000000     
   440.00405999999998        1.3284977000000000E-002   11.677684790005955        43.876326636258717       0.50000000000000000     
   920.00521000000003        1.1092750000000000E-002   12.964394161023696        43.828966854635212        2.5000000000000000     
   460.00520000000000        1.2993403000000001E-002   11.134456575917472        43.400374172861802        3.5000000000000000     
   500.00520000000000        1.1418630000000001E-002   10.818851947907874        43.327544334005786        2.5000000000000000     
   340.00520999999998        1.3123111999999999E-002   12.679866771545312        43.089986038763946        1.0000000000000000     
   940.00521000000003        1.0988955999999999E-002   12.831199522117849        42.827566164028283        2.5000000000000000     
   7800.0051999999996        1.1009899000000000E-002   11.146995120438767        42.697933565012789        3.5000000000000000     
   2550.0052000000001        1.1275566000000001E-002   13.086188056389314        42.615227638831087        3.0000000000000000     
   960.00521000000003        1.0877163000000000E-002   12.665905480514104        42.604827200789387        2.5000000000000000     
   800.00521000000003        1.1596264000000000E-002   13.238824166872293        42.442200915530940        2.5000000000000000     
   480.00405999999998        1.3274785000000001E-002   12.252405839393660        42.219639604803518       0.50000000000000000     
   720.00496999999996        1.1306926000000000E-002   13.097316564958318        42.111380039806029        2.0000000000000000     
   580.00519999999995        1.1087267000000000E-002   11.095644103014733        41.273528385443363        2.5000000000000000     
   700.00521000000003        1.2600264999999999E-002   13.134774444898882        41.200777271213205        3.0000000000000000     
   440.00520999999998        1.3109173999999999E-002   11.357606253747463        41.073418434004232        3.0000000000000000     
   400.00409000000002        1.2130779000000000E-002   10.725199930582727        41.055457906480008        1.0000000000000000     
   140.00521000000001        1.2840538000000000E-002   12.967179529458218        41.048509486610996        2.0000000000000000     
   660.00519999999995        1.2753985000000001E-002   13.035422452688552        41.014825813205533        3.0000000000000000     
   1050.0052000000001        1.1564738999999999E-002   13.204383476007099        40.999791543560583        3.0000000000000000     
   460.00405999999998        1.3279895000000000E-002   11.964457131450070        40.984864731436524       0.50000000000000000     
   6400.0051999999996        1.1024493999999999E-002   11.170907578130098        40.975155690790970        3.5000000000000000     
   10300.004999999999        1.1406826000000000E-002   13.133737571685355        40.930406379937445        3.0000000000000000     
   520.00519999999995        1.1342329999999999E-002   10.913979459508392        40.299260749321583        2.5000000000000000     
   700.00473999999997        1.1378821000000001E-002   13.105900345692135        40.221972692243391        2.0000000000000000     
   580.00432000000001        1.1856014000000000E-002   13.255897522687512        39.950262743238326        1.0000000000000000     
   980.00519999999995        1.1164156999999999E-002   11.051830572179529        39.941469825182409        3.5000000000000000     
   240.00521000000001        1.3177740000000000E-002   11.549443777202907        39.751812038300884        1.0000000000000000     
   780.00521000000003        1.1665648000000001E-002   13.215018756667360        39.701545015234437        2.5000000000000000     
   620.00469999999996        1.2245881000000000E-002   13.232764849576576        39.504164956906600        2.0000000000000000     
   560.00519999999995        1.1177176000000000E-002   11.054470840665369        39.276618342273181        2.5000000000000000     
   540.00519999999995        1.1262006000000000E-002   10.993169290877910        38.958580454342993        2.5000000000000000     
   1000.0051999999999        1.1668253000000000E-002   13.203436985713614        38.957915324786043        3.0000000000000000     
   1150.0052000000001        1.0823240000000000E-002   11.583418897136559        38.957599441380069        3.0000000000000000     
   420.00474000000003        1.2074181000000000E-002   10.758713309398722        38.657385584592518        2.0000000000000000     
   400.00470000000001        1.2607668000000001E-002   10.921408021058211        38.315525981183058        2.0000000000000000     
   460.00520000000000        1.3127124000000000E-002   11.497538197116208        38.071910784888530        3.0000000000000000     
   400.00405999999998        1.2860540000000000E-002   11.121255488179200        37.818025576418563       0.50000000000000000     
   680.00521000000003        1.2645913000000000E-002   13.036427033847570        37.284614728122087        3.0000000000000000     
   320.00520999999998        1.3134195000000000E-002   12.452542700283031        37.279831312385085        1.0000000000000000     
   2650.0052000000001        1.1824967000000000E-002   13.201038523447579        36.828251111309335        3.5000000000000000     
   640.00519999999995        1.2795592000000000E-002   12.908905839898908        36.476911590662851        3.0000000000000000     
   760.00521000000003        1.1731917999999999E-002   13.175245113195622        36.326724932056678        2.5000000000000000     
   420.00520999999998        1.2558860000000000E-002   10.940196057647322        35.887721953318426        2.5000000000000000     
   480.00520000000000        1.2951193999999999E-002   11.277694655893804        35.662376648114510        3.5000000000000000     
   260.00520999999998        1.3166971000000000E-002   11.778090358431964        35.276631779981834        1.0000000000000000     
   400.00432000000001        1.2050313999999999E-002   10.815630810091466        35.131545873096904        1.0000000000000000     
   520.00519999999995        1.2783223999999999E-002   12.884728614483546        34.904614078198790       0.50000000000000000     
   580.00409000000002        1.1946099000000000E-002   13.178881269391573        34.816658096299221        1.0000000000000000     
   700.00496999999996        1.1372077000000000E-002   12.997922155356054        34.753397808048568        2.0000000000000000     
   520.00405999999998        1.2821710000000000E-002   12.842855676003884        34.640325690364250       0.50000000000000000     
   460.00520999999998        1.3075303999999999E-002   11.523433541516329        34.584858335480256        3.0000000000000000     
   400.00520000000000        1.2822890999999999E-002   11.163514051056849        34.421458850496364       0.50000000000000000     
   440.00497000000001        1.2028969000000000E-002   10.828088006224316        34.355422080721333        2.0000000000000000     
   300.00520999999998        1.3145199000000000E-002   12.225901508941281        34.062807652091820        1.0000000000000000     
   660.00521000000003        1.2690233000000000E-002   12.929930971041269        33.529830087235027        3.0000000000000000     
   280.00520999999998        1.3156124000000000E-002   12.003824521897403        33.415934946879226        1.0000000000000000     
   680.00473999999997        1.1440933000000000E-002   12.995798192083294        32.604248402115232        2.0000000000000000     
   480.00520000000000        1.3093519000000000E-002   11.673531014296330        32.559146480676816        3.0000000000000000     
   620.00519999999995        1.2836098000000001E-002   12.775098680756532        32.495946198235380        3.0000000000000000     
   740.00521000000003        1.1795346000000000E-002   13.120674813661225        32.444881559441164        2.5000000000000000     
   7050.0051999999996        1.1015864000000000E-002   12.536940639457894        31.420723928480498        3.0000000000000000     
   5250.0051999999996        1.1039106000000000E-002   12.567010055235617        31.120442976068851        3.0000000000000000     
   640.00521000000003        1.2733306000000000E-002   12.815813568994315        30.082236908126191        3.0000000000000000     
   6550.0051999999996        1.0929054000000001E-002   12.230056055057192        29.996279493867746        3.0000000000000000     
   480.00520999999998        1.3040726000000001E-002   11.685654195682027        29.548098588670058        3.0000000000000000     
   600.00519999999995        1.2875566000000000E-002   12.634494623186688        29.229981848589659        3.0000000000000000     
   500.00520000000000        1.2907883000000000E-002   11.414690599205603        29.170966694552440        3.5000000000000000     
   600.00469999999996        1.2282627000000001E-002   13.041234761966560        29.101195559538976        2.0000000000000000     
   2600.0052000000001        1.0933600999999999E-002   12.152215694274318        29.009412538760753        3.0000000000000000     
   500.00520000000000        1.3059204000000000E-002   11.845584687771314        28.643931455997304        3.0000000000000000     
   720.00521000000003        1.1856172999999999E-002   13.052391864402907        28.205370255716414        2.5000000000000000     
   6300.0051999999996        1.1701891000000001E-002   13.017860203533177        28.122708585781474        3.5000000000000000     
   680.00496999999996        1.1434418999999999E-002   12.884905997258185        27.573512109233278        2.0000000000000000     
   620.00521000000003        1.2775204000000000E-002   12.694584575253430        27.084724744500772        3.0000000000000000     
   420.00405999999998        1.2854167000000000E-002   11.405829169858810        27.066006640521156       0.50000000000000000     
   580.00519999999995        1.2914053000000000E-002   12.487570936257979        26.830458495509141        3.0000000000000000     
   440.00474000000003        1.2033828000000000E-002   10.965300546795616        26.793681504920354        2.0000000000000000     
   420.00470000000001        1.2578071999999999E-002   11.145796128771464        26.595787148591942        2.0000000000000000     
   520.00519999999995        1.3024143000000000E-002   12.013389442556317        26.226205365223532        3.0000000000000000     
   440.00520999999998        1.2520682000000000E-002   11.122592951967608        26.023821595385513        2.5000000000000000     
   500.00520999999998        1.3005400000000000E-002   11.844044946486486        25.878779726573466        3.0000000000000000     
   7700.0051999999996        1.1680774999999999E-002   12.965568128014990        25.855659695666798        3.5000000000000000     
   1050.0052000000001        1.1435973000000000E-002   12.845047008713982        25.805772461414467        3.0000000000000000     
   1650.0052000000001        1.1060624999999999E-002   12.385777534225225        25.781243417161729        3.0000000000000000     
   1100.0052000000001        1.1312228000000001E-002   12.742002287776300        25.589943163514477        3.0000000000000000     
   560.00519999999995        1.2951611999999999E-002   12.334788527883832        25.441219983982293        3.0000000000000000     
   420.00409000000002        1.2111429000000000E-002   10.998252106223497        25.397880886184893        1.0000000000000000     
   660.00473999999997        1.1500496000000001E-002   12.873204871116998        25.299774571014829        2.0000000000000000     
   540.00519999999995        1.2988293999999999E-002   12.176588150004788        25.197711339426888        3.0000000000000000     
   1150.0052000000001        1.1008258000000000E-002   12.092305636113974        24.801814361542966        3.0000000000000000     
   500.00405999999998        1.2828286000000000E-002   12.553113159650108        24.799797267978192       0.50000000000000000     
   560.00432000000001        1.1879026000000001E-002   12.986201401694746        24.680697128363860        1.0000000000000000     
   600.00521000000003        1.2815996000000000E-002   12.566735776782156        24.675973419255712        3.0000000000000000     
   960.00519999999995        1.1293760000000000E-002   11.306203759564008        24.503204292447599        3.5000000000000000     
   500.00520000000000        1.2789943000000000E-002   12.595071086046829        24.452989041807477       0.50000000000000000     
   420.00520000000000        1.2816381000000000E-002   11.448040571008349        24.278429325188412       0.50000000000000000     
   520.00519999999995        1.2863401999999999E-002   11.544992143714031        23.812379859496833        3.5000000000000000     
   700.00521000000003        1.1914609000000000E-002   12.971405059714547        23.772984629153189        2.5000000000000000     
   10100.004999999999        1.1184758000000000E-002   12.525465950941184        23.518350237826894        3.0000000000000000     
   520.00521000000003        1.2969283999999999E-002   11.998310627240095        23.487859352608730        3.0000000000000000     
   460.00497000000001        1.1987461000000000E-002   11.032345673089718        23.412802375289598        2.0000000000000000     
   580.00521000000003        1.2855742999999999E-002   12.432741000434291        22.989022173091396        3.0000000000000000     
   540.00521000000003        1.2932335000000000E-002   12.148107158915296        22.279608150283920        3.0000000000000000     
   560.00521000000003        1.2894505000000001E-002   12.293053727965066        22.150493009155497        3.0000000000000000     
   420.00432000000001        1.2030010000000001E-002   11.087668522806361        20.831232490447643        1.0000000000000000     
   660.00496999999996        1.1494191000000001E-002   12.759495853246854        20.816917282885953        2.0000000000000000     
   560.00409000000002        1.1967912000000001E-002   12.907110957748147        20.596997623498329        1.0000000000000000     
   580.00469999999996        1.2318473999999999E-002   12.844831698702734        20.379156791556920        2.0000000000000000     
   440.00405999999998        1.2847756000000000E-002   11.691055625182530        20.353422393352808       0.50000000000000000     
   1100.0052000000001        1.1160926999999999E-002   12.322034669683596        20.193746507195147        3.0000000000000000     
   2750.0052000000001        1.1212265000000001E-002   11.571564989892074        20.102075349809979        3.5000000000000000     
   540.00519999999995        1.2817675000000001E-002   11.668093904195528        19.468852313855642        3.5000000000000000     
   120.00521000000001        1.2866549000000000E-002   11.835204348715722        19.451620330321788        2.0000000000000000     
   3350.0052000000001        1.1640779000000000E-002   12.803053609719848        19.348370355633563        3.5000000000000000     
   680.00521000000003        1.1970840000000000E-002   12.878656486384477        19.322187592499354        2.5000000000000000     
   480.00405999999998        1.2834818000000000E-002   12.264582749999066        19.173128946155032       0.50000000000000000     
   640.00473999999997        1.1557718999999999E-002   12.739237600033309        18.552117646526028        2.0000000000000000     
   480.00520000000000        1.2796616000000000E-002   12.306616234510869        18.215264899558612       0.50000000000000000     
   440.00520000000000        1.2809833000000000E-002   11.733214779006442        18.175096826092847       0.50000000000000000     
   460.00520999999998        1.2481585000000000E-002   11.300943202978317        18.015112871029892        2.5000000000000000     
   460.00405999999998        1.2841307000000000E-002   11.977252996441178        17.707873254135524       0.50000000000000000     
   440.00470000000001        1.2547915999999999E-002   11.367759218627580        17.498508798538921        2.0000000000000000     
   460.00474000000003        1.1992406000000001E-002   11.167948820900429        17.309170321186972        2.0000000000000000     
   11500.004999999999        1.1787705000000001E-002   12.801532991643182        17.188107171197494        3.5000000000000000     
   8750.0051999999996        1.1644865000000001E-002   12.733644263022274        16.608869080550946        3.5000000000000000     
   460.00520000000000        1.2803246000000001E-002   12.019353236717546        16.139467921868494       0.50000000000000000     
   6500.0051999999996        1.1244703000000000E-002   11.726420870344443        16.132978124606783        3.5000000000000000     
   560.00519999999995        1.2770620000000000E-002   11.783450436902589        16.018723157105658        3.5000000000000000     
   6750.0051999999996        1.1576074000000000E-002   12.677967697294447        15.983836185806677        3.5000000000000000     
   6800.0051999999996        1.1243361000000000E-002   11.770698153361446        15.627048513778220        3.5000000000000000     
   660.00521000000003        1.2025034000000000E-002   12.775030457305148        15.032472325921587        2.5000000000000000     
   480.00497000000001        1.1944809000000001E-002   11.232485538490725        14.803111942621673        2.0000000000000000     
   640.00496999999996        1.1551605000000000E-002   12.622817959715265        14.724007139170210        2.0000000000000000     
   6450.0051999999996        1.1575929000000000E-002   12.631332529160677        14.460424315621857        3.5000000000000000     
   940.00519999999995        1.1413115999999999E-002   11.525571803875554        14.237873835703464        3.5000000000000000     
   8800.0051999999996        1.1293731000000000E-002   11.751824215883925        14.010178588734210        3.5000000000000000     
   10100.004999999999        1.1363771000000000E-002   11.608973143601135        13.942233969023041        3.5000000000000000     
   440.00409000000002        1.2091815000000001E-002   11.271030592818937        13.495659385499593        1.0000000000000000     
   560.00469999999996        1.2353470000000000E-002   12.644007998528052        13.492183425506415        2.0000000000000000     
   580.00519999999995        1.2722147000000000E-002   11.890483146517326        13.337256419912675        3.5000000000000000     
   540.00432000000001        1.1901645000000001E-002   12.715823680060506        13.051930804457680        1.0000000000000000     
   620.00473999999997        1.1612786999999999E-002   12.594926024673629        12.596771980753084        2.0000000000000000     
   480.00520999999998        1.2441511000000001E-002   11.475039717897008        11.762881563560560        2.5000000000000000     
   3400.0052000000001        1.1324479000000000E-002   11.943340148907723        11.488474578169642        3.5000000000000000     
   600.00519999999995        1.2672159000000001E-002   11.988583910866479        11.298201779874063        3.5000000000000000     
   640.00521000000003        1.2077338999999999E-002   12.661357230209960        11.084367353471340        2.5000000000000000     
   460.00470000000001        1.2517171000000001E-002   11.587380091028999        10.943026023993728        2.0000000000000000     
   2700.0052000000001        1.1546668000000000E-002   12.461954567063259        10.472798206949051        3.5000000000000000     
   440.00432000000001        1.2009417000000000E-002   11.359340596851750        10.263328462588863        1.0000000000000000     
   7750.0051999999996        1.1379169999999999E-002   12.145705524468049        10.166500190034023        3.5000000000000000     
   480.00474000000003        1.1949847000000000E-002   11.366398922128946        10.099140936282367        2.0000000000000000     
   540.00409000000002        1.1989369000000000E-002   12.634833332558554        10.078159157084384        1.0000000000000000     
   6350.0051999999996        1.1398062000000000E-002   12.186059850461429        9.9236910268110989        3.5000000000000000     
   620.00519999999995        1.2620548000000001E-002   12.077117843003364        9.7756750323030595        3.5000000000000000     
   620.00496999999996        1.1606849000000001E-002   12.475907726441601        9.5263968486839605        2.0000000000000000     
   640.00519999999995        1.2567198000000000E-002   12.155423821655750        8.6467537769123446        3.5000000000000000     
   540.00469999999996        1.2387660999999999E-002   12.439189168884123        8.5792044707619972        2.0000000000000000     
   500.00497000000001        1.1900937000000000E-002   11.428132776508948        8.4211397505466863        2.0000000000000000     
   660.00519999999995        1.2511978999999999E-002   12.222813233356709        7.7942061290963753        3.5000000000000000     
   920.00519999999995        1.1523759000000000E-002   11.713705054921713        7.7192573668704139        3.5000000000000000     
   600.00473999999997        1.1665864999999999E-002   12.441220213087066        7.6580368625165436        2.0000000000000000     
   620.00521000000003        1.2127888999999999E-002   12.538419149743484        7.6562692329575350        2.5000000000000000     
   500.00520999999998        1.2400400000000001E-002   11.644554086774635        7.1665490390847832        2.5000000000000000     
   680.00519999999995        1.2454745000000000E-002   12.278569020229247        7.1098430547965830        3.5000000000000000     
   480.00470000000001        1.2485807999999999E-002   11.804568452127244        6.8550728388471178        2.0000000000000000     
   700.00519999999995        1.2395336999999999E-002   12.321943222647253        6.4984696746266666        3.5000000000000000     
   720.00519999999995        1.2333576000000001E-002   12.352152646964784        5.8821109116614094        3.5000000000000000     
   520.00469999999996        1.2421088000000000E-002   12.230772684064878        5.7642785706516833        2.0000000000000000     
   600.00496999999996        1.1660088000000001E-002   12.319720099364970        5.4440278118276240        2.0000000000000000     
   460.00409000000002        1.2071926000000000E-002   11.543784071404177        5.3326579259770632        1.0000000000000000     
   740.00519999999995        1.2269258999999999E-002   12.368373930031821        5.2049940256740319        3.5000000000000000     
   500.00470000000001        1.2453791000000001E-002   12.019123796372837        5.1573000415520358        2.0000000000000000     
   520.00432000000001        1.1923889000000000E-002   12.444952261323300        5.0943848392515134        1.0000000000000000     
   500.00474000000003        1.1906076000000000E-002   11.560259952139660        5.0548255537752755        2.0000000000000000     
   600.00521000000003        1.2176805000000001E-002   12.406953019416568        4.9217691170266180        2.5000000000000000     
   120.00521000000001        1.1885379999999999E-002   12.412080996097638        4.5737121836960428        1.0000000000000000     
   760.00519999999995        1.2202159000000001E-002   12.369735937928073        4.4393230766818554        3.5000000000000000     
   520.00496999999996        1.1855762000000001E-002   11.618810642632543        4.1527480883728964        2.0000000000000000     
   520.00521000000003        1.2358187000000000E-002   11.809073170924385        4.1187746606409901        2.5000000000000000     
   580.00473999999997        1.1717099999999999E-002   12.278998383303543        3.9468127402438329        2.0000000000000000     
   900.00519999999995        1.1626898000000000E-002   11.873623382796216        3.8794039584282762        3.5000000000000000     
   780.00519999999995        1.2132017000000000E-002   12.355310204379357        3.5918456685814411        3.5000000000000000     
   460.00432000000001        1.1988522000000000E-002   11.630883250038693        3.4094728883043097        1.0000000000000000     
   520.00409000000002        1.2010485000000000E-002   12.362222966156235        3.2828852132836888        1.0000000000000000     
   580.00521000000003        1.2224198000000000E-002   12.267652644918325        3.0475670485096664        2.5000000000000000     
   800.00519999999995        1.2058536999999999E-002   12.324097808273365        2.7116491684826585        3.5000000000000000     
   580.00496999999996        1.1711472000000001E-002   12.155135520620657        2.6828860007763073        2.0000000000000000     
   540.00521000000003        1.2314801000000000E-002   11.968121106988626        2.5028984599320059        2.5000000000000000     
   560.00521000000003        1.2270166000000001E-002   12.121171139357369        2.1918028954835123        2.5000000000000000     
   520.00473999999997        1.1861009000000000E-002   11.749044992268542        2.0574228271411372        2.0000000000000000     
   880.00519999999995        1.1723503000000000E-002   12.007797760294629        1.9127849983852392        3.5000000000000000     
   820.00519999999995        1.1981377000000000E-002   12.275012121681520        1.8994620241073665        3.5000000000000000     
   540.00496999999996        1.1809194000000000E-002   11.803963164939242        1.8709342757688812        2.0000000000000000     
   560.00473999999997        1.1766624999999999E-002   12.109072338838612        1.6590167030480290        2.0000000000000000     
   560.00496999999996        1.1761133999999999E-002   11.982967112486387        1.4336772021791513        2.0000000000000000     
   840.00519999999995        1.1900140999999999E-002   12.206855703966385        1.3190275343256885        3.5000000000000000     
   860.00519999999995        1.1814366000000000E-002   12.118290626475858        1.2113163898025447        3.5000000000000000     
   540.00473999999997        1.1814559000000001E-002   11.932191663987211       0.97465841285598298        2.0000000000000000     
   480.00409000000002        1.2051750000000000E-002   11.816592392759285       0.90791030066426592        1.0000000000000000     
   500.00432000000001        1.1945773000000000E-002   12.173753586156247       0.82827188699962440        1.0000000000000000     
   480.00432000000001        1.1967312000000001E-002   11.902365101434732       0.26502696329356751        1.0000000000000000     
