  #time	ai	proti	chi2	massp                                                                                                                                                                              
   7000.0051999999996        1.1345846999999999E-002   13.467641120431225        99.131865827777062        3.0000000000000000     
   460.00409999999999        9.8835560999999995E-003   10.015151576282507        98.829558256404297        1.5000000000000000     
   500.00497000000001        1.1900937000000000E-002   11.428132776508948        98.514844302463445        2.0000000000000000     
   5650.0051999999996        8.3663482999999997E-003   10.873410611593169        98.450540599964512        1.5000000000000000     
   6300.0051999999996        1.1701891000000001E-002   13.017860203533177        98.311812132033296        3.5000000000000000     
   520.00432000000001        1.1923889000000000E-002   12.444952261323300        97.483289507131516        1.0000000000000000     
   1050.0052000000001        1.1564738999999999E-002   13.204383476007099        97.473694396862015        3.0000000000000000     
   200.00521000000001        1.0422381999999999E-002   13.926858298660280        97.279733885107376        1.5000000000000000     
   480.00520000000000        1.1491316999999999E-002   10.709489536394116        97.236092847480961        2.5000000000000000     
   480.00432000000001        1.1967312000000001E-002   11.902365101434732        96.996231850565124        1.0000000000000000     
   820.00521000000003        1.1523451000000001E-002   13.245386469919682        96.797261997471622        2.5000000000000000     
   1100.0052000000001        9.6701626000000006E-003   10.067392966589859        96.094063755275030        2.5000000000000000     
   11500.004999999999        1.1787705000000001E-002   12.801532991643182        95.958611151018090        3.5000000000000000     
   500.00474000000003        1.1906076000000000E-002   11.560259952139660        95.662430131656407        2.0000000000000000     
   500.00432000000001        1.1945773000000000E-002   12.173753586156247        95.405576665446901        1.0000000000000000     
   4050.0052000000001        1.0879546000000000E-002   13.735994533854763        94.681953424016584        2.5000000000000000     
   520.00409999999999        9.4523252000000002E-003   10.139897031236581        93.998266324915747        1.5000000000000000     
   7700.0051999999996        1.1680774999999999E-002   12.965568128014990        93.933163135231439        3.5000000000000000     
   520.00521000000003        1.0905229000000001E-002   10.293400744596907        93.298012889656633        2.5000000000000000     
   120.00521000000001        1.1885379999999999E-002   12.412080996097638        93.111716657012138        1.0000000000000000     
   480.00409999999999        9.7545594999999992E-003   10.095849655259393        92.150736735068520        1.5000000000000000     
   840.00519999999995        1.1900140999999999E-002   12.206855703966385        91.333132082220644        3.5000000000000000     
   600.00521000000003        1.0421845000000001E-002   10.140888373014942        90.856228790033413        2.5000000000000000     
   280.00520999999998        1.0031284999999999E-002   13.902692586471332        90.530443049897201        1.5000000000000000     
   840.00521000000003        1.1446847000000000E-002   13.233306163449305        90.360259866153967        2.5000000000000000     
   500.00409999999999        9.6119686999999992E-003   10.140708641699584        90.188313735302046        1.5000000000000000     
   520.00496999999996        1.1855762000000001E-002   11.618810642632543        89.728952412046382        2.0000000000000000     
   11300.004999999999        1.0964623000000000E-002   13.626473008652525        89.397798704434862        2.5000000000000000     
   520.00473999999997        1.1861009000000000E-002   11.749044992268542        88.158327177324679        2.0000000000000000     
   3550.0052000000001        1.0179013000000001E-002   13.868887300148762        88.119632308841432        2.0000000000000000     
   540.00521000000003        1.0798469999999999E-002   10.302271881784771        87.995876264798000        2.5000000000000000     
   1600.0052000000001        1.1384358000000001E-002   13.237934904499653        86.223248777451843        3.0000000000000000     
   580.00521000000003        1.0558507000000000E-002   10.231392010630284        85.997605291263213        2.5000000000000000     
   560.00521000000003        1.0683397000000001E-002   10.283191958673886        85.361531153179314        2.5000000000000000     
   500.00520000000000        1.1418630000000001E-002   10.818851947907874        85.190546449102584        2.5000000000000000     
   440.00520999999998        8.5677138999999992E-003   10.846067845337531        84.575073844531602        1.5000000000000000     
   8400.0051999999996        9.0478571000000008E-003   10.436017301940931        83.815448868872181        2.0000000000000000     
   3350.0052000000001        1.1640779000000000E-002   12.803053609719848        83.426273593121522        3.5000000000000000     
   540.00496999999996        1.1809194000000000E-002   11.803963164939242        82.790338364161016        2.0000000000000000     
   860.00521000000003        1.1366026000000000E-002   13.201032532577475        82.712655706896328        2.5000000000000000     
   860.00519999999995        1.1814366000000000E-002   12.118290626475858        82.647920504325782        3.5000000000000000     
   540.00473999999997        1.1814559000000001E-002   11.932191663987211        82.430562528354400        2.0000000000000000     
   10300.004999999999        1.1406826000000000E-002   13.133737571685355        81.613008435395358        3.0000000000000000     
   1050.0050000000001        9.1658238999999999E-003   10.399433634535740        81.441560371900152        2.0000000000000000     
   8750.0051999999996        1.1644865000000001E-002   12.733644263022274        81.095372338683148        3.5000000000000000     
   740.00473999999997        1.1245965000000000E-002   13.283652436660898        80.004809717464553        2.0000000000000000     
   760.00473999999997        1.1174636000000000E-002   13.348512495230047        79.956392445107412        2.0000000000000000     
   720.00473999999997        1.1313922000000001E-002   13.202294809205670        79.297596861796890        2.0000000000000000     
   780.00473999999997        1.1099573999999999E-002   13.395260847333448        78.895395416172448        2.0000000000000000     
   560.00473999999997        1.1766624999999999E-002   12.109072338838612        78.321520576363383        2.0000000000000000     
   700.00473999999997        1.1378821000000001E-002   13.105900345692135        78.104074606208201        2.0000000000000000     
   560.00496999999996        1.1761133999999999E-002   11.982967112486387        77.547081047751647        2.0000000000000000     
   6500.0051999999996        1.1274398000000000E-002   13.205956225332896        76.960517963417175        3.0000000000000000     
   680.00473999999997        1.1440933000000000E-002   12.995798192083294        76.697550629896227        2.0000000000000000     
   800.00473999999997        1.1020354000000000E-002   13.422099416187844        76.587225679212651        2.0000000000000000     
   1100.0052000000001        1.0330515000000000E-002   13.717008298227514        76.433939476641839        2.0000000000000000     
   740.00519999999995        1.0052148000000000E-002   10.252586424198128        76.404338198451413        2.5000000000000000     
   300.00520999999998        9.9142994999999994E-003   13.743438821300730        76.173085227582476        1.5000000000000000     
   580.00473999999997        1.1717099999999999E-002   12.278998383303543        75.656816363337825        2.0000000000000000     
   1300.0047000000000        9.1117769999999997E-003   10.504735378935775        75.618908949085792        2.0000000000000000     
   5600.0051999999996        9.2332127000000000E-003   13.560653736216105        75.590070123130701        1.5000000000000000     
   2800.0052000000001        1.0789941000000001E-002   10.451017491302386        75.583838893838134        3.5000000000000000     
   660.00473999999997        1.1500496000000001E-002   12.873204871116998        75.349377099733459        2.0000000000000000     
   2650.0052000000001        1.0778348000000000E-002   13.546849285014433        74.964206973831523        2.5000000000000000     
   11600.004999999999        1.0945050000000000E-002   10.552276039642308        74.725603763878212        3.5000000000000000     
   520.00519999999995        1.1342329999999999E-002   10.913979459508392        74.532262478918199        2.5000000000000000     
   640.00473999999997        1.1557718999999999E-002   12.739237600033309        74.324020464359450        2.0000000000000000     
   880.00519999999995        1.1723503000000000E-002   12.007797760294629        74.263088653829968        3.5000000000000000     
   600.00473999999997        1.1665864999999999E-002   12.441220213087066        74.244540226749521        2.0000000000000000     
   620.00473999999997        1.1612786999999999E-002   12.594926024673629        73.875475076813458        2.0000000000000000     
   880.00521000000003        1.1280488000000000E-002   13.146825890482953        73.871479621794535        2.5000000000000000     
   580.00496999999996        1.1711472000000001E-002   12.155135520620657        73.830089595435368        2.0000000000000000     
   8850.0051999999996        1.0838326000000001E-002   10.502264547819957        73.650048391200301        3.5000000000000000     
   6750.0051999999996        1.1576074000000000E-002   12.677967697294447        73.591239096377478        3.5000000000000000     
   740.00496999999996        1.1238690000000001E-002   13.181744999467231        73.271854894206598        2.0000000000000000     
   760.00496999999996        1.1167053000000000E-002   13.249728421225511        73.095846347414579        2.0000000000000000     
   180.00521000000001        1.0505695000000001E-002   13.632313617603545        73.004377818817048        1.5000000000000000     
   1050.0047000000000        9.1948826000000008E-003   10.492859122438070        72.992190441406137        2.0000000000000000     
   820.00473999999997        1.0936474999999999E-002   13.427007707822744        72.833410185789120        2.0000000000000000     
   720.00496999999996        1.1306926000000000E-002   13.097316564958318        72.803981590526661        2.0000000000000000     
   6450.0051999999996        1.1575929000000000E-002   12.631332529160677        72.053327225460052        3.5000000000000000     
   780.00496999999996        1.1091646000000000E-002   13.299629331037480        72.018184932025406        2.0000000000000000     
   700.00496999999996        1.1372077000000000E-002   12.997922155356054        71.961099687939694        2.0000000000000000     
   600.00496999999996        1.1660088000000001E-002   12.319720099364970        71.452831146872882        2.0000000000000000     
   680.00496999999996        1.1434418999999999E-002   12.884905997258185        71.015414304102691        2.0000000000000000     
   660.00496999999996        1.1494191000000001E-002   12.759495853246854        70.236019779749057        2.0000000000000000     
   620.00496999999996        1.1606849000000001E-002   12.475907726441601        70.211299914743165        2.0000000000000000     
   2550.0052000000001        1.1275566000000001E-002   13.086188056389314        70.171829031107734        3.0000000000000000     
   640.00496999999996        1.1551605000000000E-002   12.622817959715265        69.884509926113125        2.0000000000000000     
   800.00496999999996        1.1012040000000001E-002   13.329621845351173        69.802980307397675        2.0000000000000000     
   1050.0052000000001        1.1435973000000000E-002   12.845047008713982        69.403074664135431        3.0000000000000000     
   2600.0052000000001        9.0953230000000006E-003   10.624474724032918        67.762756102908384        2.0000000000000000     
   840.00473999999997        1.0847338000000000E-002   13.407687486515906        67.489143078928748        2.0000000000000000     
   900.00519999999995        1.1626898000000000E-002   11.873623382796216        66.569207125783493        3.5000000000000000     
   6550.0051999999996        1.0827333000000000E-002   10.597825200291327        66.264350945393005        3.5000000000000000     
   820.00496999999996        1.0927724999999999E-002   13.337649852199137        66.249519821818936        2.0000000000000000     
   540.00519999999995        1.1262006000000000E-002   10.993169290877910        65.159181778108660        2.5000000000000000     
   2700.0052000000001        1.1546668000000000E-002   12.461954567063259        65.139600968948130        3.5000000000000000     
   1000.0051999999999        1.1022318999999999E-002   10.757637921681910        64.714991955244145        3.5000000000000000     
   900.00521000000003        1.1189635000000000E-002   13.068707724547306        63.934191779931929        2.5000000000000000     
   6850.0051999999996        1.0823785000000001E-002   10.638019895339180        63.340287768018747        3.5000000000000000     
   4900.0051999999996        1.0100303999999999E-002   13.561636708264510        61.219250721108430        2.0000000000000000     
   840.00496999999996        1.0838093000000000E-002   13.321372646558727        61.210638279380575        2.0000000000000000     
   320.00520999999998        9.7867438000000008E-003   13.543000211325429        60.658194758291607        1.5000000000000000     
   860.00473999999997        1.0752220999999999E-002   13.361492240990813        60.487438211606069        2.0000000000000000     
   920.00519999999995        1.1523759000000000E-002   11.713705054921713        60.095160013123518        3.5000000000000000     
   5750.0051999999996        9.1565151000000001E-003   10.713581896530378        59.158457502242520        2.0000000000000000     
   10400.004999999999        1.0460393000000000E-002   10.543850412489309        58.308332079344105        3.0000000000000000     
   11400.004999999999        9.8574664000000006E-003   10.482016881446434        58.114712692408361        2.5000000000000000     
   1200.0052000000001        1.0384011000000000E-002   10.532280199359395        57.541645114095623        3.0000000000000000     
   560.00519999999995        1.1177176000000000E-002   11.054470840665369        56.994219237441690        2.5000000000000000     
   1100.0052000000001        1.1312228000000001E-002   12.742002287776300        56.812744741023117        3.0000000000000000     
   980.00519999999995        1.1164156999999999E-002   11.051830572179529        56.357170654573267        3.5000000000000000     
   940.00519999999995        1.1413115999999999E-002   11.525571803875554        55.549475922941035        3.5000000000000000     
   720.00519999999995        1.0230397000000000E-002   10.527291664898019        55.548813898311479        2.5000000000000000     
   860.00496999999996        1.0742409000000000E-002   13.278090462651596        54.617158329173293        2.0000000000000000     
   960.00519999999995        1.1293760000000000E-002   11.306203759564008        53.879205776647979        3.5000000000000000     
   1200.0047000000000        1.0234432999999999E-002   13.444749924279694        53.556527894137005        2.0000000000000000     
   920.00521000000003        1.1092750000000000E-002   12.964394161023696        53.103967323247645        2.5000000000000000     
   3450.0052000000001        1.0931321000000001E-002   10.882426767746670        52.908218527265163        3.5000000000000000     
   2800.0052000000001        1.0044361999999999E-002   13.453610377983495        52.873776378823642        2.0000000000000000     
   880.00473999999997        1.0650240000000000E-002   13.285325432555101        51.871837432498850        2.0000000000000000     
   4200.0051999999996        9.1144259000000005E-003   13.111145699786565        50.472156389322961        1.5000000000000000     
   10100.004999999999        1.1363771000000000E-002   11.608973143601135        50.319335806948757        3.5000000000000000     
   580.00519999999995        1.1087267000000000E-002   11.095644103014733        50.000228826353286        2.5000000000000000     
   6350.0051999999996        1.1398062000000000E-002   12.186059850461429        49.729893037989584        3.5000000000000000     
   7750.0051999999996        1.1379169999999999E-002   12.145705524468049        48.083502105761973        3.5000000000000000     
   880.00496999999996        1.0639770999999999E-002   13.204639780539924        46.511597768308874        2.0000000000000000     
   340.00520999999998        9.6463441000000007E-003   13.292839207615790        44.912641721500940        1.5000000000000000     
   2200.0047000000000        9.0276429000000005E-003   12.918134882624550        44.711250381486934        1.5000000000000000     
   600.00519999999995        1.0991590000000001E-002   11.114100939443238        44.201697497099701        2.5000000000000000     
   3400.0052000000001        1.1324479000000000E-002   11.943340148907723        43.936376217575500        3.5000000000000000     
   700.00519999999995        1.0388598000000001E-002   10.736184574845970        43.705944862242610        2.5000000000000000     
   7800.0051999999996        1.1009899000000000E-002   11.146995120438767        43.687833615026733        3.5000000000000000     
   6400.0051999999996        1.1024493999999999E-002   11.170907578130098        43.424555814544973        3.5000000000000000     
   8800.0051999999996        1.1293731000000000E-002   11.751824215883925        43.383280072788033        3.5000000000000000     
   7150.0051999999996        8.6943643999999997E-003   11.931528193275151        42.734319857292519        1.5000000000000000     
   7250.0051999999996        8.6989569000000006E-003   11.872263378540252        42.725746938908777        1.5000000000000000     
   10100.004999999999        1.1184758000000000E-002   12.525465950941184        41.994151171302796        3.0000000000000000     
   900.00473999999997        1.0540295000000000E-002   13.175495752319048        41.842723107838466        2.0000000000000000     
   940.00521000000003        1.0988955999999999E-002   12.831199522117849        41.723166108229208        2.5000000000000000     
   2750.0052000000001        1.1212265000000001E-002   11.571564989892074        41.328576422263062        3.5000000000000000     
   6500.0051999999996        1.1244703000000000E-002   11.726420870344443        40.603279360950353        3.5000000000000000     
   2100.0052000000001        1.0656789000000000E-002   13.089984206989671        40.485933709888151        2.5000000000000000     
   6800.0051999999996        1.1243361000000000E-002   11.770698153361446        39.963149743341468        3.5000000000000000     
   620.00519999999995        1.0889304000000001E-002   11.106819032977233        39.715846511248785        2.5000000000000000     
   11300.004999999999        9.9698515999999994E-003   10.759121271329725        38.517222486145513        2.5000000000000000     
   6100.0051999999996        8.7998946999999998E-003   12.277771948221755        37.935251419380663        1.5000000000000000     
   680.00519999999995        1.0530962000000000E-002   10.890876724747550        37.801876568327344        2.5000000000000000     
   4950.0051999999996        8.9466479999999998E-003   12.633550591359681        37.773420795329059        1.5000000000000000     
   2650.0052000000001        8.8207045000000001E-003   12.335277697012431        37.578726933752193        1.5000000000000000     
   2900.0052000000001        1.0009238000000000E-002   13.219958177091343        37.209581253640216        2.0000000000000000     
   900.00496999999996        1.0529056000000000E-002   13.097245328367844        37.096188500559585        2.0000000000000000     
   2350.0047000000000        8.8300492000000005E-003   12.329342500071888        36.931285567462986        1.5000000000000000     
   640.00519999999995        1.0779370999999999E-002   11.070221186006716        36.797695087934656        2.5000000000000000     
   160.00521000000001        1.0584484999999999E-002   13.060173281483932        36.639752144020051        1.5000000000000000     
   420.00520999999998        8.8672649999999992E-003   11.582901384591931        36.426497371066837        1.5000000000000000     
   1100.0052000000001        1.1160926999999999E-002   12.322034669683596        36.286447320266682        3.0000000000000000     
   660.00519999999995        1.0660484000000000E-002   11.000003051107548        35.905825107218185        2.5000000000000000     
   2750.0052000000001        9.8266916999999992E-003   10.814689722794427        35.874904493612377        2.5000000000000000     
   1700.0052000000001        1.0659594999999999E-002   12.997506320495193        35.752110394508655        2.5000000000000000     
   5250.0051999999996        1.1039106000000000E-002   12.567010055235617        35.031043173648960        3.0000000000000000     
   120.00521000000001        1.0730694000000001E-002   11.076646631654555        34.662379150939131        1.5000000000000000     
   2650.0052000000001        1.0496205000000000E-002   10.959763334731338        33.207792549636316        3.0000000000000000     
   7050.0051999999996        1.1015864000000000E-002   12.536940639457894        33.007124008632175        3.0000000000000000     
   1200.0052000000001        9.3553167999999992E-003   11.072470179498271        31.898199791040923        2.0000000000000000     
   1650.0052000000001        1.1060624999999999E-002   12.385777534225225        31.843743723464904        3.0000000000000000     
   6600.0051999999996        1.0485217999999999E-002   10.991030633273082        31.336391801830864        3.0000000000000000     
   920.00473999999997        1.0420990000000000E-002   13.027510861266055        30.825278190240031        2.0000000000000000     
   360.00520999999998        9.4899780999999992E-003   12.984267887031566        30.722639904792238        1.5000000000000000     
   960.00521000000003        1.0877163000000000E-002   12.665905480514104        30.321126580164663        2.5000000000000000     
   7200.0051999999996        1.0580722000000001E-002   12.928157587518250        29.967863497909946        2.5000000000000000     
   9350.0051999999996        8.9612492000000002E-003   12.313603868360255        29.433766558400158        1.5000000000000000     
   3450.0052000000001        1.0577813000000000E-002   12.873243838808811        27.410566478226741        2.5000000000000000     
   1700.0052000000001        1.0597990999999999E-002   12.858426483629964        27.362231499605556        2.5000000000000000     
   7350.0051999999996        1.0573561000000000E-002   12.867076435970001        27.019844018762157        2.5000000000000000     
   920.00496999999996        1.0408839000000000E-002   12.951304710335767        26.803249032564700        2.0000000000000000     
   1200.0052000000001        1.0625449000000000E-002   11.186996011323295        26.304048431775769        3.0000000000000000     
   1150.0052000000001        1.1008258000000000E-002   12.092305636113974        25.627614403265866        3.0000000000000000     
   7000.0051999999996        1.0555488000000000E-002   12.836653903950763        25.213916696721135        2.5000000000000000     
   1700.0052000000001        1.0651693000000000E-002   11.297616792178577        22.951148590840269        3.0000000000000000     
   6550.0051999999996        1.0929054000000001E-002   12.230056055057192        22.901679135418423        3.0000000000000000     
   2600.0052000000001        1.0933600999999999E-002   12.152215694274318        22.369512203284685        3.0000000000000000     
   1150.0052000000001        1.0823240000000000E-002   11.583418897136559        21.281598548313333        3.0000000000000000     
   380.00520999999998        9.3131876999999995E-003   12.610979374529567        21.125173605990057        1.5000000000000000     
   400.00520999999998        9.1092516999999994E-003   12.154068986630779        20.429245649362159        1.5000000000000000     
   980.00521000000003        1.0755997999999999E-002   12.464568580158394        19.683924102965136        2.5000000000000000     
   940.00473999999997        1.0290522000000000E-002   12.835763473541673        19.572589990947602        2.0000000000000000     
   7100.0051999999996        1.0598586000000000E-002   11.371703359703767        18.826546848549256        3.0000000000000000     
   5300.0051999999996        1.0634087000000000E-002   11.433358028579425        18.078736452236832        3.0000000000000000     
   10100.004999999999        1.0019424000000001E-002   12.843199751951900        17.784077307444502        2.0000000000000000     
   4100.0051999999996        1.0504582000000000E-002   12.644226301760019        16.740763077455831        2.5000000000000000     
   940.00496999999996        1.0277269000000000E-002   12.761064049587000        16.402414313922925        2.0000000000000000     
   11900.004999999999        9.9577416999999998E-003   12.794078245293971        15.808650121652658        2.0000000000000000     
   4150.0051999999996        1.0004177000000000E-002   11.207637060694008        15.696411405111295        2.5000000000000000     
   2950.0052000000001        9.4298856000000000E-003   11.498644792148049        14.409687061463220        2.0000000000000000     
   5700.0051999999996        9.8365785999999997E-003   12.729586231337342        13.975065210516375        2.0000000000000000     
   2550.0052000000001        9.8001573000000008E-003   12.695483894089840        13.090873482103270        2.0000000000000000     
   140.00521000000001        1.0659139000000000E-002   12.063634121339266        10.962838613748024        1.5000000000000000     
   1000.0051999999999        1.0623690999999999E-002   12.222237834612109        10.959503419890092        2.5000000000000000     
   1050.0052000000001        1.0226621000000000E-002   11.389664833025714        10.596652129491847        2.5000000000000000     
   8350.0051999999996        9.7785588999999996E-003   12.610179671124486        10.533884580108356        2.0000000000000000     
   1150.0052000000001        9.9283860000000008E-003   12.644282142870951        10.505700812664330        2.0000000000000000     
   960.00473999999997        1.0146492000000000E-002   12.593053178895675        9.3292992416168570        2.0000000000000000     
   7050.0051999999996        1.0072009000000000E-002   11.437746998306260        8.0328431208810738        2.5000000000000000     
   2850.0052000000001        9.4828156999999993E-003   11.768515019849307        8.0266227029774520        2.0000000000000000     
   2700.0052000000001        1.0377350000000000E-002   12.385571439070082        7.2764589972575768        2.5000000000000000     
   960.00496999999996        1.0131882000000000E-002   12.519119424430981        7.1719457898259051        2.0000000000000000     
   7400.0051999999996        1.0101980000000000E-002   11.504954833591382        6.3867407601584398        2.5000000000000000     
   3500.0052000000001        1.0106011000000000E-002   11.513598229482231        6.1956252000199177        2.5000000000000000     
   1750.0052000000001        1.0122745000000001E-002   11.532665818935568        5.8366891517128705        2.5000000000000000     
   3600.0052000000001        9.6737365999999998E-003   12.335867764437035        5.4813740845943109        2.0000000000000000     
   7250.0051999999996        1.0108677000000000E-002   11.562410985284314        5.0823707754724650        2.5000000000000000     
   4950.0051999999996        9.5634666000000007E-003   11.939505495959320        4.8555250963398953        2.0000000000000000     
   12200.004999999999        1.0349640000000000E-002   11.841584429568874        3.6835906995902596        2.5000000000000000     
   1250.0047000000000        9.7865439999999995E-003   12.317408276072170        3.6577869238660585        2.0000000000000000     
   1750.0052000000001        1.0206840999999999E-002   11.742533455332097        2.7268055272562810        2.5000000000000000     
   980.00473999999997        9.9856106999999996E-003   12.289812428161635        2.1049573244690047        2.0000000000000000     
   2150.0052000000001        1.0205587000000000E-002   11.810894436179064        1.9506732476683681        2.5000000000000000     
   1000.0050000000000        9.7846229999999992E-003   11.836841207056407        1.8252011348532591        2.0000000000000000     
   980.00496999999996        9.9692873000000008E-003   12.215608533020195        1.1857577028661657        2.0000000000000000     
