  #time	ai	proti	chi2	massp                                                                                                                                                                              
   1800.0052000000001        9.5454627000000000E-003   9.9229797703892721        99.884516481139400        2.5000000000000000     
   240.00458000000000        9.2346479999999998E-003   6.0206631311299637        99.320850259882860        2.5000000000000000     
   200.00458000000000        9.7588772000000001E-003   6.1607975967430431        98.964000327784149        2.5000000000000000     
   240.00473000000000        1.0970535000000000E-002   7.7404998441467088        98.758717782301730        2.5000000000000000     
   3650.0052000000001        8.8671038999999993E-003   9.9807222772156816        98.523049920593380        2.0000000000000000     
   7.0621770999999995        9.7433989000000002E-003   6.1618880902461788        98.282431113252386       0.50000000000000000     
   7.0721770999999993        9.7433989000000002E-003   6.1628384759063088        98.195107936640184       0.50000000000000000     
   7.0821771000000000        9.7433989000000002E-003   6.1637933342349305        98.107419283999008       0.50000000000000000     
   7.0921770999999998        9.7433989000000002E-003   6.1647516240642739        98.019461335986534       0.50000000000000000     
   7.1021770999999996        9.7433989000000002E-003   6.1657133484575537        97.931234304917865       0.50000000000000000     
   7.1121770999999994        9.7433989000000002E-003   6.1666790334119330        97.842690470171817       0.50000000000000000     
   9.0052066999999987        1.0456727000000001E-002   6.6617915675707842        97.821385374969466       0.50000000000000000     
   7.1221771000000000        9.7433989000000002E-003   6.1676481594225363        97.753878001223981       0.50000000000000000     
   78.005206999999999        1.0925214000000001E-002   7.5490150968011180        97.745912747836329        1.5000000000000000     
   240.00521000000001        1.0324951000000001E-002   6.5323332106750405        97.738524534698769        3.5000000000000000     
   7.1321770999999998        9.7433989000000002E-003   6.1686196830899229        97.664892941326841       0.50000000000000000     
   7.1421770999999996        9.7433989000000002E-003   6.1695946533685841        97.575639639267251       0.50000000000000000     
   7.1521770999999994        9.7433989000000002E-003   6.1705720262178518        97.486214098926922       0.50000000000000000     
   7.1621770999999992        9.7433989000000002E-003   6.1715523275234458        97.396568594805373       0.50000000000000000     
   7.1721770999999999        9.7433989000000002E-003   6.1725345120989354        97.306799059594411       0.50000000000000000     
   7.1821770999999996        9.7433989000000002E-003   6.1735191056762826        97.216857758777124       0.50000000000000000     
   7.1921770999999994        9.7433989000000002E-003   6.1745055861617946        97.126792702084444       0.50000000000000000     
   7.2021770999999992        9.7433989000000002E-003   6.1754934307964913        97.036651857577453       0.50000000000000000     
   7.2121770999999999        9.7433989000000002E-003   6.1764831653242425        96.946387492245961       0.50000000000000000     
   7.2221770999999997        9.7433989000000002E-003   6.1774742666564562        96.856047553776506       0.50000000000000000     
   92.005206999999999        1.0852207000000001E-002   8.6633762336067051        96.768473959506196        1.5000000000000000     
   7.2321770999999995        9.7433989000000002E-003   6.1784662110338147        96.765679947621805       0.50000000000000000     
   7.2421770999999993        9.7433989000000002E-003   6.1794595242066848        96.675236941723284       0.50000000000000000     
   6.8652020000000000        1.0152768000000000E-002   6.4069929998311315        96.663633898072220       0.50000000000000000     
   6.8752019999999998        1.0152768000000000E-002   6.4079132213199568        96.590359106775466       0.50000000000000000     
   7.2521770999999999        9.7433989000000002E-003   6.1804531568212040        96.584814207422383       0.50000000000000000     
   6.8852019999999996        1.0152768000000000E-002   6.4088370959653371        96.516836017172238       0.50000000000000000     
   7.2621770999999997        9.7433989000000002E-003   6.1814476344607421        96.494364002280733       0.50000000000000000     
   6.8952020000000003        1.0152768000000000E-002   6.4097651917738796        96.443019972320741       0.50000000000000000     
   7.2721770999999995        9.7433989000000002E-003   6.1824424321884379        96.403934157491989       0.50000000000000000     
   6.9052020000000001        1.0152768000000000E-002   6.4106969471729442        96.368956185313834       0.50000000000000000     
   7.2821770999999993        9.7433989000000002E-003   6.1834375501588550        96.313524706780953       0.50000000000000000     
   6.9152019999999998        1.0152768000000000E-002   6.4116323652373834        96.294644923428237       0.50000000000000000     
   7.2921771000000000        9.7433989000000002E-003   6.1844324625897675        96.223183427598173       0.50000000000000000     
   6.9252019999999996        1.0152768000000000E-002   6.4125714490554664        96.220086455462081       0.50000000000000000     
   260.00520999999998        1.0104233000000001E-002   6.3788321953149429        96.187888812902884        3.5000000000000000     
   6.9352020000000003        1.0152768000000000E-002   6.4135130704858279        96.145370786824856       0.50000000000000000     
   7.3021770999999998        9.7433989000000002E-003   6.1854271691280758        96.132910321305829       0.50000000000000000     
   6.9452020000000001        1.0152768000000000E-002   6.4144577974312087        96.070453254242295       0.50000000000000000     
   7.3121770999999995        9.7433989000000002E-003   6.1864211431453686        96.042753111282806       0.50000000000000000     
   6.9552019999999999        1.0152768000000000E-002   6.4154056325142932        95.995334089999346       0.50000000000000000     
   7.3221770999999993        9.7433989000000002E-003   6.1874149102252209        95.952664055059969       0.50000000000000000     
   6.9652019999999997        1.0152768000000000E-002   6.4163560122444903        95.920058354411395       0.50000000000000000     
   7.3321771000000000        9.7433989000000002E-003   6.1884074167877330        95.862738554636223       0.50000000000000000     
   6.9752020000000003        1.0152768000000000E-002   6.4173083724681277        95.844671054290941       0.50000000000000000     
   7.3421770999999998        9.7433989000000002E-003   6.1893991882478669        95.772928856507477       0.50000000000000000     
   6.9852020000000001        1.0152768000000000E-002   6.4182632812832558        95.769127543475463       0.50000000000000000     
   6.9952019999999999        1.0152768000000000E-002   6.4192201742106505        95.693472802874993       0.50000000000000000     
   7.3521770999999996        9.7433989000000002E-003   6.1903891698444671        95.683330286645571       0.50000000000000000     
   7.0052019999999997        1.0152768000000000E-002   6.4201784861004034        95.617751759066834       0.50000000000000000     
   7.3621770999999994        9.7433989000000002E-003   6.1913784139447561        95.593847412532099       0.50000000000000000     
   7.0152020000000004        1.0152768000000000E-002   6.4211387850630492        95.541919767631072       0.50000000000000000     
   7.3721771000000000        9.7433989000000002E-003   6.1923653378283996        95.504623173672442       0.50000000000000000     
   7.0252020000000002        1.0152768000000000E-002   6.4220999384793291        95.466066472760502       0.50000000000000000     
   7.3821770999999998        9.7433989000000002E-003   6.1933509940344065        95.415562148132423       0.50000000000000000     
   7.0352020000000000        1.0152768000000000E-002   6.4230625142946902        95.390147216914244       0.50000000000000000     
   7.3921770999999996        9.7433989000000002E-003   6.1943343259568673        95.326759542308295       0.50000000000000000     
   7.0452019999999997        1.0152768000000000E-002   6.4240265136590002        95.314162114859300       0.50000000000000000     
   380.00409999999999        1.0305078000000001E-002   9.4514574720903646        95.248935065997372        1.5000000000000000     
   7.0552020000000004        1.0152768000000000E-002   6.4249902347809487        95.238245389260953       0.50000000000000000     
   7.4021770999999994        9.7433989000000002E-003   6.1953153312319325        95.238215226668828       0.50000000000000000     
   7.0652020000000002        1.0152768000000000E-002   6.4259553807339573        95.162262964150642       0.50000000000000000     
   7.4121770999999992        9.7433989000000002E-003   6.1962934795440123        95.149976685521963       0.50000000000000000     
   7.0752020000000000        1.0152768000000000E-002   6.4269202487053745        95.086348978732559       0.50000000000000000     
   7.4221770999999999        9.7433989000000002E-003   6.1972692961616680        95.061996153794041       0.50000000000000000     
   7.0852019999999998        1.0152768000000000E-002   6.4278854064733908        95.010458762148630       0.50000000000000000     
   7.4321770999999996        9.7433989000000002E-003   6.1982422504472128        94.974321094208861       0.50000000000000000     
   7.0952019999999996        1.0152768000000000E-002   6.4288508541685871        94.934592346095684       0.50000000000000000     
   7.4421770999999994        9.7433989000000002E-003   6.1992118111057612        94.886998926497995       0.50000000000000000     
   7.1052020000000002        1.0152768000000000E-002   6.4298154549202593        94.858839027365676       0.50000000000000000     
   7.4521770999999992        9.7433989000000002E-003   6.2001785034269501        94.799981885727817       0.50000000000000000     
   7.1152020000000000        1.0152768000000000E-002   6.4307797765063919        94.783154134972676       0.50000000000000000     
   7.4621770999999999        9.7433989000000002E-003   6.2011412670195973        94.713364930644346       0.50000000000000000     
   7.1252019999999998        1.0152768000000000E-002   6.4317432497039171        94.707582262922429       0.50000000000000000     
   7.1352019999999996        1.0152768000000000E-002   6.4327058736201082        94.632123358563220       0.50000000000000000     
   7.4721770999999997        9.7433989000000002E-003   6.2021006270288046        94.627100285974180       0.50000000000000000     
   7.1452020000000003        1.0152768000000000E-002   6.4336670781806777        94.556821945561040       0.50000000000000000     
   7.4821770999999995        9.7433989000000002E-003   6.2030560510469552        94.541235297251788       0.50000000000000000     
   7.1552020000000001        1.0152768000000000E-002   6.4346274313355822        94.481633366601386       0.50000000000000000     
   7.4921770999999993        9.7433989000000002E-003   6.2040070060270915        94.455817267817679       0.50000000000000000     
   7.1652019999999998        1.0152768000000000E-002   6.4355857931505307        94.406646665471598       0.50000000000000000     
   7.5021770999999999        9.7433989000000002E-003   6.2049534877227615        94.370845941322671       0.50000000000000000     
   7.1752019999999996        1.0152768000000000E-002   6.4365427314085029        94.331817170679955       0.50000000000000000     
   7.5121770999999997        9.7433989000000002E-003   6.2058960214992798        94.286273554678985       0.50000000000000000     
   7.1852020000000003        1.0152768000000000E-002   6.4374976748520796        94.257189307430863       0.50000000000000000     
   7.5221770999999995        9.7433989000000002E-003   6.2068330143650403        94.202242374659704       0.50000000000000000     
   7.1952020000000001        1.0152768000000000E-002   6.4384500515501752        94.182807444922432       0.50000000000000000     
   7.5321770999999993        9.7433989000000002E-003   6.2077655209960545        94.118657111135136       0.50000000000000000     
   7.2052019999999999        1.0152768000000000E-002   6.4394004292951941        94.108626911642546       0.50000000000000000     
   7.5421771000000000        9.7433989000000002E-003   6.2086924770778982        94.035612462279360       0.50000000000000000     
   7.2152019999999997        1.0152768000000000E-002   6.4403476654625242        94.034736527448985       0.50000000000000000     
   560.00409999999999        9.0591817999999998E-003   9.9383504359832688        94.017619658284332        1.5000000000000000     
   7.2252020000000003        1.0152768000000000E-002   6.4412923276871998        93.961091607108500       0.50000000000000000     
   7.5521770999999998        9.7433989000000002E-003   6.2096144077403226        93.953060647082594       0.50000000000000000     
   6.9651990000000001        9.9057725999999995E-003   6.2861515859601198        93.942508578285640       0.50000000000000000     
   7.2352020000000001        1.0152768000000000E-002   6.4422338428824251        93.887736422646398       0.50000000000000000     
   7.5621770999999995        9.7433989000000002E-003   6.2105302476120636        93.871096293032977       0.50000000000000000     
   6.9751989999999999        9.9057725999999995E-003   6.2870879690431272        93.862289567921025       0.50000000000000000     
   7.2452019999999999        1.0152768000000000E-002   6.4431722081664793        93.814670753933399       0.50000000000000000     
   7.5721770999999993        9.7433989000000002E-003   6.2114405217221558        93.789671611113931       0.50000000000000000     
   6.9851989999999997        9.9057725999999995E-003   6.2880284370631898        93.781764733008487       0.50000000000000000     
   7.2552019999999997        1.0152768000000000E-002   6.4441068496353875        93.741938804258055       0.50000000000000000     
   7.5821771000000000        9.7433989000000002E-003   6.2123446943617857        93.708833724496657       0.50000000000000000     
   6.9951990000000004        9.9057725999999995E-003   6.2889729935617042        93.700934346839688       0.50000000000000000     
   7.2652020000000004        1.0152768000000000E-002   6.4450377639288945        93.669540312809033       0.50000000000000000     
   7.5921770999999998        9.7433989000000002E-003   6.2132422292366574        93.628629717055219       0.50000000000000000     
   7.0051990000000002        9.9057725999999995E-003   6.2899216420970454        93.619798684429483       0.50000000000000000     
   7.2752020000000002        1.0152768000000000E-002   6.4459649476986796        93.597475019304625       0.50000000000000000     
   7.6021770999999996        9.7433989000000002E-003   6.2141336514788934        93.549011804351053       0.50000000000000000     
   7.0151990000000000        9.9057725999999995E-003   6.2908732978513342        93.538451032591539       0.50000000000000000     
   7.2852020000000000        1.0152768000000000E-002   6.4468878260847884        93.525787046002762       0.50000000000000000     
   7.6121770999999994        9.7433989000000002E-003   6.2150178934107698        93.470074458293965       0.50000000000000000     
   7.0251989999999997        9.9057725999999995E-003   6.2918279634247849        93.456891598520798       0.50000000000000000     
   7.2952019999999997        1.0152768000000000E-002   6.4478069669603775        93.454431724457038       0.50000000000000000     
   7.6221771000000000        9.7433989000000002E-003   6.2158954800940762        93.391769888253137       0.50000000000000000     
   7.3052020000000004        1.0152768000000000E-002   6.4487206514689062        93.383541860627503       0.50000000000000000     
   7.0351990000000004        9.9057725999999995E-003   6.2927861859544914        93.375074109216513       0.50000000000000000     
   7.6321770999999998        9.7433989000000002E-003   6.2167664057833161        93.314097730423086       0.50000000000000000     
   7.3152020000000002        1.0152768000000000E-002   6.4496300188789393        93.313028392285560       0.50000000000000000     
   7.0451990000000002        9.9057725999999995E-003   6.2937474238646143        93.293045279181854       0.50000000000000000     
   5.0052063000000002        8.8318278000000007E-003   6.0758139181644060        93.269346436717910        1.0000000000000000     
   7.3252020000000000        1.0152768000000000E-002   6.4505339210874340        93.242979677857278       0.50000000000000000     
   7.6421770999999996        9.7433989000000002E-003   6.2176567132091947        93.234736243420699       0.50000000000000000     
   7.0551990000000000        9.9057725999999995E-003   6.2947111349244640        93.210851776180647       0.50000000000000000     
   7.3352019999999998        1.0152768000000000E-002   6.4514329257202370        93.173351025999949       0.50000000000000000     
   7.6521770999999994        9.7433989000000002E-003   6.2185403628642915        93.156007415152999       0.50000000000000000     
   7.0651989999999998        9.9057725999999995E-003   6.2956773212714543        93.128493775581006       0.50000000000000000     
   7.3452019999999996        1.0152768000000000E-002   6.4523264560874214        93.104186402649589       0.50000000000000000     
   7.6621770999999992        9.7433989000000002E-003   6.2194162851543648        93.078005588222410       0.50000000000000000     
   7.0751989999999996        9.9057725999999995E-003   6.2966459850494605        93.045971453532275       0.50000000000000000     
   7.3552020000000002        1.0152768000000000E-002   6.4532139348896225        93.035529722013834       0.50000000000000000     
   80.005206999999999        1.0913543000000000E-002   7.7562450514835879        93.026586775161377        1.5000000000000000     
   7.6721770999999999        9.7433989000000002E-003   6.2202855375470527        93.000635647795747       0.50000000000000000     
   7.3652020000000000        1.0152768000000000E-002   6.4540959298324347        92.967336297571137       0.50000000000000000     
   7.0851990000000002        9.9057725999999995E-003   6.2976165830449471        92.963331407881114       0.50000000000000000     
   7.6821770999999996        9.7433989000000002E-003   6.2211470499451362        92.923991901447636       0.50000000000000000     
   7.3752019999999998        1.0152768000000000E-002   6.4549718633605861        92.899650020758727       0.50000000000000000     
   7.0951990000000000        9.9057725999999995E-003   6.2985891169090937        92.880573779762884       0.50000000000000000     
   7.6921770999999994        9.7433989000000002E-003   6.2220018805074995        92.847979278712373       0.50000000000000000     
   7.3852019999999996        1.0152768000000000E-002   6.4558411573276011        92.832514732657103       0.50000000000000000     
   7.1051989999999998        9.9057725999999995E-003   6.2995635882971115        92.797698710853226       0.50000000000000000     
   7.7021770999999992        9.7433989000000002E-003   6.2228494911352801        92.772644736939142       0.50000000000000000     
   7.3952020000000003        1.0152768000000000E-002   6.4567038062721362        92.765929988930210       0.50000000000000000     
   7.1151989999999996        9.9057725999999995E-003   6.3005394529980414        92.714752727605216       0.50000000000000000     
   7.4052020000000001        1.0152768000000000E-002   6.4575598047724103        92.699895347868519       0.50000000000000000     
   7.7121770999999999        9.7433989000000002E-003   6.2236904084658704        92.697940584615850       0.50000000000000000     
   7.4152019999999998        1.0152768000000000E-002   6.4584085738782031        92.634454580781579       0.50000000000000000     
   7.1251990000000003        9.9057725999999995E-003   6.3015167121668592        92.631735935886297       0.50000000000000000     
   7.7221770999999997        9.7433989000000002E-003   6.2245235614225365        92.623961061009794       0.50000000000000000     
   7.4252019999999996        1.0152768000000000E-002   6.4592501077983364        92.569607213394235       0.50000000000000000     
   7.7321770999999995        9.7433989000000002E-003   6.2253505424349243        92.550563895504794       0.50000000000000000     
   7.1351990000000001        9.9057725999999995E-003   6.3024948207516163        92.548694801526409       0.50000000000000000     
   7.4352020000000003        1.0152768000000000E-002   6.4601125203311716        92.503187708408163       0.50000000000000000     
   7.7421770999999993        9.7433989000000002E-003   6.2261697473144633        92.477890600331065       0.50000000000000000     
   7.1451989999999999        9.9057725999999995E-003   6.3034743257810444        92.465583046728199       0.50000000000000000     
   7.4452020000000001        1.0152768000000000E-002   6.4609677008831499        92.437361902471935       0.50000000000000000     
   7.7521770999999999        9.7433989000000002E-003   6.2269827694305615        92.405798966321711       0.50000000000000000     
   7.1551989999999996        9.9057725999999995E-003   6.3044541353182160        92.382493448089889       0.50000000000000000     
   7.4552019999999999        1.0152768000000000E-002   6.4618156436182730        92.372129316730280       0.50000000000000000     
   7.7621770999999997        9.7433989000000002E-003   6.2277885371803814        92.334383194778340       0.50000000000000000     
   7.4652019999999997        1.0152768000000000E-002   6.4626557684249386        92.307533622146593       0.50000000000000000     
   7.1651990000000003        9.9057725999999995E-003   6.3054342495051490        92.299426038332456       0.50000000000000000     
   7.7721770999999995        9.7433989000000002E-003   6.2285875783225633        92.263595664984706       0.50000000000000000     
   7.4752020000000003        1.0152768000000000E-002   6.4634886435879517        92.243530174705938       0.50000000000000000     
   7.1751990000000001        9.9057725999999995E-003   6.3064152153726907        92.216334540082570       0.50000000000000000     
   7.7821770999999993        9.7433989000000002E-003   6.2293798875982622        92.193436036286144       0.50000000000000000     
   7.4852020000000001        1.0152768000000000E-002   6.4643136887992894        92.180162627245778       0.50000000000000000     
   7.1851989999999999        9.9057725999999995E-003   6.3073959394556711        92.133311618807369       0.50000000000000000     
   7.7921771000000000        9.7433989000000002E-003   6.2301654597909311        92.123903970245976       0.50000000000000000     
   7.4952019999999999        1.0152768000000000E-002   6.4651320475050484        92.117342258787943       0.50000000000000000     
   7.5052019999999997        1.0152768000000000E-002   6.4659425647318267        92.055156838279231       0.50000000000000000     
   7.8021770999999998        9.7433989000000002E-003   6.2309448236039637        92.054951907715036       0.50000000000000000     
   7.1951989999999997        9.9057725999999995E-003   6.3083764213860487        92.050357270067636       0.50000000000000000     
   7.5152020000000004        1.0152768000000000E-002   6.4667458095527000        91.993561785680910       0.50000000000000000     
   7.8121770999999995        9.7433989000000002E-003   6.2317169062828519        91.986673969556804       0.50000000000000000     
   7.2051990000000004        9.9057725999999995E-003   6.3093572081947915        91.967425216545152       0.50000000000000000     
   7.5252020000000002        1.0152768000000000E-002   6.4675417764710206        91.932556645933772       0.50000000000000000     
   7.8221770999999993        9.7433989000000002E-003   6.2324822364825510        91.919022592168858       0.50000000000000000     
   7.2151990000000001        9.9057725999999995E-003   6.3103372048854860        91.884608011795351       0.50000000000000000     
   7.5352020000000000        1.0152768000000000E-002   6.4683304600379055        91.872140967386756       0.50000000000000000     
   7.8321771000000000        9.7433989000000002E-003   6.2332413434277179        91.851950249752036       0.50000000000000000     
   7.5452019999999997        1.0152768000000000E-002   6.4691124303230989        91.812270252759902       0.50000000000000000     
   7.2251989999999999        9.9057725999999995E-003   6.3113164105796002        91.801905613849414       0.50000000000000000     
   90.005206999999999        1.0862050000000000E-002   8.4518834269810128        91.785725079343109        1.5000000000000000     
   7.8421770999999998        9.7433989000000002E-003   6.2339936881012399        91.785503829061454       0.50000000000000000     
   7.5552020000000004        1.0152768000000000E-002   6.4698871067783577        91.752988129823052       0.50000000000000000     
   7.8521770999999996        9.7433989000000002E-003   6.2347398000667589        91.719635826076598       0.50000000000000000     
   7.2351989999999997        9.9057725999999995E-003   6.3122942764899070        91.719364216083363       0.50000000000000000     
   7.5652020000000002        1.0152768000000000E-002   6.4706544840948261        91.694294156976213       0.50000000000000000     
   7.8621770999999994        9.7433989000000002E-003   6.2354796747830452        91.654345943907444       0.50000000000000000     
   7.2451990000000004        9.9057725999999995E-003   6.3132713493080361        91.636937515950024       0.50000000000000000     
   7.5752020000000000        1.0152768000000000E-002   6.4714151328922895        91.636143881995082       0.50000000000000000     
   220.00458000000000        9.5222207999999999E-003   6.1581489247048014        91.628246504889105        2.5000000000000000     
   7.8721771000000000        9.7433989000000002E-003   6.2362127729644534        91.589681049584470       0.50000000000000000     
   7.5852019999999998        1.0152768000000000E-002   6.4721684723458113        91.578580907296470       0.50000000000000000     
   7.2551990000000002        9.9057725999999995E-003   6.3142470799085979        91.554671681690635       0.50000000000000000     
   7.8821770999999998        9.7433989000000002E-003   6.2369390897685060        91.525640824807041       0.50000000000000000     
   7.5952019999999996        1.0152768000000000E-002   6.4729150734348337        91.521560810205983       0.50000000000000000     
   3.3352059000000001        1.0135854999999999E-002   6.4609229274261448        91.473120273442831       0.50000000000000000     
   7.2651990000000000        9.9057725999999995E-003   6.3152214669065723        91.472566633531400       0.50000000000000000     
   460.00520999999998        1.0680570000000000E-002   8.9135076887204079        91.470298501945152        3.0000000000000000     
   7.6052020000000002        1.0152768000000000E-002   6.4736543551553325        91.465127176731443       0.50000000000000000     
   7.8921770999999996        9.7433989000000002E-003   6.2376596904534720        91.462130663356007       0.50000000000000000     
   7.6152020000000000        1.0152768000000000E-002   6.4743868888417975        91.409235613435300       0.50000000000000000     
   7.9021770999999994        9.7433989000000002E-003   6.2383735006950012        91.399244575255963       0.50000000000000000     
   7.2751989999999997        9.9057725999999995E-003   6.3161939603320203        91.390668477220245       0.50000000000000000     
   7.6252019999999998        1.0152768000000000E-002   6.4751132463940246        91.353841774715193       0.50000000000000000     
   7.9121770999999992        9.7433989000000002E-003   6.2390815863187852        91.336887991813867       0.50000000000000000     
   7.2851990000000004        9.9057725999999995E-003   6.3171645582962901        91.308977095448697       0.50000000000000000     
   7.6352019999999996        1.0152768000000000E-002   6.4758322702644575        91.299033202454297       0.50000000000000000     
   7.9221770999999999        9.7433989000000002E-003   6.2397834079770078        91.275107773441832       0.50000000000000000     
   7.6452020000000003        1.0152768000000000E-002   6.4765445323061339        91.244765546050047       0.50000000000000000     
   7.2951990000000002        9.9057725999999995E-003   6.3181327099905236        91.227538531618265       0.50000000000000000     
   7.9321770999999996        9.7433989000000002E-003   6.2404784258748478        91.213950749734863       0.50000000000000000     
   7.6552020000000001        1.0152768000000000E-002   6.4772500280038114        91.191038426852657       0.50000000000000000     
   7.9421770999999994        9.7433989000000002E-003   6.2411682423047523        91.153275303180649       0.50000000000000000     
   7.3051990000000000        9.9057725999999995E-003   6.3190989621187361        91.146306482701405       0.50000000000000000     
   7.6652019999999998        1.0152768000000000E-002   6.4779487528836635        91.137851469287824       0.50000000000000000     
   7.9521770999999992        9.7433989000000002E-003   6.2418512465203673        91.093222492086184       0.50000000000000000     
   7.6752019999999996        1.0152768000000000E-002   6.4786412796806658        91.085160396940296       0.50000000000000000     
   7.3151989999999998        9.9057725999999995E-003   6.3200622142848557        91.065373103193210       0.50000000000000000     
   7.9621770999999999        9.7433989000000002E-003   6.2425285057271589        91.033697839350793       0.50000000000000000     
   7.6852020000000003        1.0152768000000000E-002   6.4793270270810135        91.033008765359199       0.50000000000000000     
   7.3251989999999996        9.9057725999999995E-003   6.3210224636097081        90.984738201339113       0.50000000000000000     
   7.6952020000000001        1.0152768000000000E-002   6.4800059907319705        90.981396208008135       0.50000000000000000     
   7.9721770999999997        9.7433989000000002E-003   6.2431994801564459        90.974748174631870       0.50000000000000000     
   7.7052019999999999        1.0152768000000000E-002   6.4806787438528879        90.930278488775059       0.50000000000000000     
   7.9821770999999995        9.7433989000000002E-003   6.2438647018013764        90.916326152787647       0.50000000000000000     
   7.3351990000000002        9.9057725999999995E-003   6.3219802568134131        90.904355474253833       0.50000000000000000     
   7.7152019999999997        1.0152768000000000E-002   6.4813447048813941        90.879699140565961       0.50000000000000000     
   7.9921770999999993        9.7433989000000002E-003   6.2445241669378477        90.858431526665285       0.50000000000000000     
   220.00409999999999        1.0894727000000000E-002   7.7894380414208282        90.858173074748777        1.5000000000000000     
   7.7252020000000003        1.0152768000000000E-002   6.4820044473531384        90.829613953655411       0.50000000000000000     
   7.3451990000000000        9.9057725999999995E-003   6.3229344920147179        90.824316965388007       0.50000000000000000     
   8.0021770999999990        9.7433989000000002E-003   6.2451773355534304        90.801111108126065       0.50000000000000000     
   7.7352020000000001        1.0152768000000000E-002   6.4826579674281710        90.780022603972299       0.50000000000000000     
   7.3551989999999998        9.9057725999999995E-003   6.3238851658596760        90.744622446545918       0.50000000000000000     
   8.0121770999999988        9.7433989000000002E-003   6.2458252765136084        90.744270531400062       0.50000000000000000     
   7.7452019999999999        1.0152768000000000E-002   6.4833052613016031        90.730924770090255       0.50000000000000000     
   8.0221771000000004        9.7433989000000002E-003   6.2464669134395914        90.688003661664808       0.50000000000000000     
   7.7552019999999997        1.0152768000000000E-002   6.4839457470907345        90.682363955759314       0.50000000000000000     
   7.3651989999999996        9.9057725999999995E-003   6.3248322750053250        90.665271689875496       0.50000000000000000     
   7.7652020000000004        1.0152768000000000E-002   6.4845805771735892        90.634252190074676       0.50000000000000000     
   8.0321771000000002        9.7433989000000002E-003   6.2471027790540745        90.632263201772886       0.50000000000000000     
   5800.0051999999996        7.6193687000000003E-003   6.6894439253895310        90.592501408933330        2.0000000000000000     
   7.7752020000000002        1.0152768000000000E-002   6.4852091698521601        90.586632992005065       0.50000000000000000     
   7.3751990000000003        9.9057725999999995E-003   6.3257758161197204        90.586264467873931       0.50000000000000000     
   8.0421771000000000        9.7433989000000002E-003   6.2477334065500276        90.577001886440343       0.50000000000000000     
   7.7852020000000000        1.0152768000000000E-002   6.4858309430131875        90.539549844317037       0.50000000000000000     
   8.0521770999999998        9.7433989000000002E-003   6.2483577189838417        90.522313541138175       0.50000000000000000     
   7.3851990000000001        9.9057725999999995E-003   6.3267152354666489        90.507646603463002       0.50000000000000000     
   7.7952019999999997        1.0152768000000000E-002   6.4864470498162650        90.492914842545730       0.50000000000000000     
   8.0621770999999995        9.7433989000000002E-003   6.2489767864749277        90.468103884258269       0.50000000000000000     
   7.8052020000000004        1.0152768000000000E-002   6.4870574869976849        90.446727709919031       0.50000000000000000     
   7.3951989999999999        9.9057725999999995E-003   6.3276499786697782        90.429463871387071       0.50000000000000000     
   82.005206999999999        1.0901747000000000E-002   8.0012864050373924        90.416087239374633        1.5000000000000000     
   8.0721770999999993        9.7433989000000002E-003   6.2495900687905861        90.414419710180042       0.50000000000000000     
   7.8152020000000002        1.0152768000000000E-002   6.4876610937714752        90.401075702347825       0.50000000000000000     
   84.005206999999999        1.0891098000000000E-002   7.8011054635074801        90.395271543976591        1.5000000000000000     
   8.0821770999999991        9.7433989000000002E-003   6.2501980996699125        90.361213789821718       0.50000000000000000     
   7.8252020000000000        1.0152768000000000E-002   6.4882596029387347        90.355827224057862       0.50000000000000000     
   7.4051989999999996        9.9057725999999995E-003   6.3285800414598441        90.351715972783708       0.50000000000000000     
   7.8352019999999998        1.0152768000000000E-002   6.4888512746822604        90.311113273452378       0.50000000000000000     
   8.0921770999999989        9.7433989000000002E-003   6.2508008760121063        90.308485915423859       0.50000000000000000     
   7.4151990000000003        9.9057725999999995E-003   6.3295059704879666        90.274356595813543       0.50000000000000000     
   7.8452019999999996        1.0152768000000000E-002   6.4894378425080719        90.266802315203932       0.50000000000000000     
   8.1021771000000005        9.7433989000000002E-003   6.2513978573539690        90.256282864636518       0.50000000000000000     
   7.8552020000000002        1.0152768000000000E-002   6.4900181452258856        90.222981569020050       0.50000000000000000     
   8.1121771000000003        9.7433989000000002E-003   6.2519890403413250        90.204604411690426       0.50000000000000000     
   7.4251990000000001        9.9057725999999995E-003   6.3304266598823622        90.197477483010090       0.50000000000000000     
   7.8652020000000000        1.0152768000000000E-002   6.4905927587443841        90.179607025508062       0.50000000000000000     
   8.1221771000000000        9.7433989000000002E-003   6.2525754968329403        90.153356392762845       0.50000000000000000     
   7.8752019999999998        1.0152768000000000E-002   6.4911616800136027        90.136678424399562       0.50000000000000000     
   7.4351989999999999        9.9057725999999995E-003   6.3313421049515135        90.121078302188977       0.50000000000000000     
   8.1321770999999998        9.7433989000000002E-003   6.2531561487556822        90.102632553310414       0.50000000000000000     
   7.8852019999999996        1.0152768000000000E-002   6.4917249060129940        90.094195507719093       0.50000000000000000     
   8.1421770999999996        9.7433989000000002E-003   6.2537320684235729        90.052338760362602       0.50000000000000000     
   7.8952020000000003        1.0152768000000000E-002   6.4922824337514600        90.052158019794646       0.50000000000000000     
   7.4451989999999997        9.9057725999999995E-003   6.3322523010285767        90.045158722372349       0.50000000000000000     
   7.9052020000000001        1.0152768000000000E-002   6.4928342602673990        90.010565707266636       0.50000000000000000     
   8.1521770999999994        9.7433989000000002E-003   6.2543021774160401        90.002568734899981       0.50000000000000000     
   7.4551990000000004        9.9057725999999995E-003   6.3331572434714465        89.969718413801374       0.50000000000000000     
   7.9152019999999998        1.0152768000000000E-002   6.4933803826287386        89.969418319098111       0.50000000000000000     
   8.1621770999999992        9.7433989000000002E-003   6.2548675484953407        89.953228374377545       0.50000000000000000     
   7.9252019999999996        1.0152768000000000E-002   6.4939213778260330        89.928671938350163       0.50000000000000000     
   8.1721770999999990        9.7433989000000002E-003   6.2554276409820533        89.904364439703329       0.50000000000000000     
   7.4651990000000001        9.9057725999999995E-003   6.3340558242761249        89.894848956947527       0.50000000000000000     
   7.9352020000000003        1.0152768000000000E-002   6.4944566632844349        89.888370003531321       0.50000000000000000     
   8.1821770999999988        9.7433989000000002E-003   6.2559824520125620        89.855976737112186       0.50000000000000000     
   7.9452020000000001        1.0152768000000000E-002   6.4949868162410169        89.848468618713298       0.50000000000000000     
   7.4751989999999999        9.9057725999999995E-003   6.3349485897651192        89.820504011584774       0.50000000000000000     
   7.9552019999999999        1.0152768000000000E-002   6.4955112539830795        89.809011209969611       0.50000000000000000     
   8.1921771000000003        9.7433989000000002E-003   6.2565325170208475        89.808018151480141       0.50000000000000000     
   7.9652019999999997        1.0152768000000000E-002   6.4960305539905052        89.769953902097129       0.50000000000000000     
   8.2021771000000001        9.7433989000000002E-003   6.2570778334770454        89.760488511681814       0.50000000000000000     
   7.4851989999999997        9.9057725999999995E-003   6.3358349829090850        89.746729148384460       0.50000000000000000     
   7.9752020000000003        1.0152768000000000E-002   6.4965441334167195        89.731340109087313       0.50000000000000000     
   8.2121770999999999        9.7433989000000002E-003   6.2576173219561211        89.713481467839983       0.50000000000000000     
   7.9852020000000001        1.0152768000000000E-002   6.4970531504332110        89.693082356703812       0.50000000000000000     
   7.4951990000000004        9.9057725999999995E-003   6.3367149982522477        89.673523973811513       0.50000000000000000     
   8.2221770999999997        9.7433989000000002E-003   6.2581525950685970        89.666856102202118       0.50000000000000000     
   7.9952019999999999        1.0152768000000000E-002   6.4975564417907687        89.655267682372767       0.50000000000000000     
   8.0052020000000006        1.0152768000000000E-002   6.4980545854410030        89.617852251247371       0.50000000000000000     
   7.5051990000000002        9.9057725999999995E-003   6.3375880780670268        89.600934004621379       0.50000000000000000     
   8.0152020000000004        1.0152768000000000E-002   6.4985481597176316        89.580792261664698       0.50000000000000000     
   8.0252020000000002        1.0152768000000000E-002   6.4990360009066643        89.544174709929678       0.50000000000000000     
   7.5151990000000000        9.9057725999999995E-003   6.3384547689782229        89.528912920425995       0.50000000000000000     
   7.5251989999999997        9.9057725999999995E-003   6.3393139604251472        89.457552105242712       0.50000000000000000     
   7.5351990000000004        9.9057725999999995E-003   6.3401938369992958        89.384511524827246       0.50000000000000000     
   7.5451990000000002        9.9057725999999995E-003   6.3410662170342524        89.312131465232497       0.50000000000000000     
   7.5551990000000000        9.9057725999999995E-003   6.3419316473058558        89.240365615891946       0.50000000000000000     
   7.5651989999999998        9.9057725999999995E-003   6.3427890155929720        89.169305233845634       0.50000000000000000     
   7.5751989999999996        9.9057725999999995E-003   6.3436394219876684        89.098858174796021       0.50000000000000000     
   88.005206999999999        1.0871812999999999E-002   8.2419880936725978        89.056057993103337        1.5000000000000000     
   7.5851990000000002        9.9057725999999995E-003   6.3444828607958526        89.029024022010702       0.50000000000000000     
   7.5951990000000000        9.9057725999999995E-003   6.3453187727107734        88.959848167689728       0.50000000000000000     
   9.2052066999999997        1.0306045999999999E-002   6.6388899518280731        88.959418708006098       0.50000000000000000     
   7.6051989999999998        9.9057725999999995E-003   6.3461477054947935        88.891284372151958       0.50000000000000000     
   2250.0047000000000        7.8803851999999994E-003   9.5169012658283254        88.863168635245543        1.5000000000000000     
   360.00409999999999        1.0393390000000001E-002   9.2697900166380229        88.847560712399030        1.5000000000000000     
   7.6151989999999996        9.9057725999999995E-003   6.3469690996457668        88.823378011320486       0.50000000000000000     
   7.6251990000000003        9.9057725999999995E-003   6.3477835033119163        88.756082873383974       0.50000000000000000     
   7.6351990000000001        9.9057725999999995E-003   6.3485909110291940        88.689398555549900       0.50000000000000000     
   7.6451989999999999        9.9057725999999995E-003   6.3493913173783998        88.623324657779733       0.50000000000000000     
   7.6551989999999996        9.9057725999999995E-003   6.3501847169852770        88.557860782809129       0.50000000000000000     
   86.005206999999999        1.0881495999999999E-002   8.0351438663644359        88.531561704486421        1.5000000000000000     
   7.6651990000000003        9.9057725999999995E-003   6.3509711045205961        88.493006536168721       0.50000000000000000     
   7.6751990000000001        9.9057725999999995E-003   6.3517504747002533        88.428761526203800       0.50000000000000000     
   7.6851989999999999        9.9057725999999995E-003   6.3525228222853425        88.365125364095647       0.50000000000000000     
   7.6951989999999997        9.9057725999999995E-003   6.3532886971308935        88.302051963630788       0.50000000000000000     
   7.7051990000000004        9.9057725999999995E-003   6.3540475393051485        88.239586662256585       0.50000000000000000     
   7.7151990000000001        9.9057725999999995E-003   6.3547993437017061        88.177729079522592       0.50000000000000000     
   7.7251989999999999        9.9057725999999995E-003   6.3555446607025914        88.116433167834799       0.50000000000000000     
   7.7351989999999997        9.9057725999999995E-003   6.3562834856797332        88.055698582280144       0.50000000000000000     
   7.7451990000000004        9.9057725999999995E-003   6.3570158140437556        87.995524980401854       0.50000000000000000     
   260.00473000000000        1.0871179000000000E-002   7.8685447178544310        87.964787940777128        2.5000000000000000     
   7.7551990000000002        9.9057725999999995E-003   6.3577410854170866        87.935957662795715       0.50000000000000000     
   7.7651990000000000        9.9057725999999995E-003   6.3584598508634533        87.876950632058936       0.50000000000000000     
   7.7751989999999997        9.9057725999999995E-003   6.3591721059133723        87.818503553438859       0.50000000000000000     
   7.7851990000000004        9.9057725999999995E-003   6.3598784023369683        87.760570482864850       0.50000000000000000     
   7.7951990000000002        9.9057725999999995E-003   6.3605776234638247        87.703242323742984       0.50000000000000000     
   7.8051990000000000        9.9057725999999995E-003   6.3612708774630224        87.646427534518494       0.50000000000000000     
   7.8151989999999998        9.9057725999999995E-003   6.3619576038173884        87.590171402216541       0.50000000000000000     
   7.8251989999999996        9.9057725999999995E-003   6.3626377982496294        87.534473604605211       0.50000000000000000     
   7.8351990000000002        9.9057725999999995E-003   6.3633120133231387        87.479288256538254       0.50000000000000000     
   7.8451990000000000        9.9057725999999995E-003   6.3639796882715540        87.424660624558399       0.50000000000000000     
   7.8551989999999998        9.9057725999999995E-003   6.3646413759663556        87.370544846500493       0.50000000000000000     
   7.8651989999999996        9.9057725999999995E-003   6.3652970726285387        87.316940636988264       0.50000000000000000     
   7.8751990000000003        9.9057725999999995E-003   6.3659467745121452        87.263847712831506       0.50000000000000000     
   7.8851990000000001        9.9057725999999995E-003   6.3665899205290630        87.211311314146954       0.50000000000000000     
   640.00409999999999        7.3243236000000000E-003   7.1752570983569859        87.202309323063588        1.5000000000000000     
   7.8951989999999999        9.9057725999999995E-003   6.3672276216384436        87.159240111278834       0.50000000000000000     
   7.9051989999999996        9.9057725999999995E-003   6.3678587593337923        87.107724861388462       0.50000000000000000     
   7.9151990000000003        9.9057725999999995E-003   6.3684844450871863        87.056674273885847       0.50000000000000000     
   7.9251990000000001        9.9057725999999995E-003   6.3691041178318741        87.006133589154160       0.50000000000000000     
   7.9351989999999999        9.9057725999999995E-003   6.3697177740212938        86.956102537373596       0.50000000000000000     
   7.9451989999999997        9.9057725999999995E-003   6.3703259681718034        86.906535380677937       0.50000000000000000     
   7.9551990000000004        9.9057725999999995E-003   6.3709281389851062        86.857477340523943       0.50000000000000000     
   7.9651990000000001        9.9057725999999995E-003   6.3715248412514534        86.808882699736557       0.50000000000000000     
   7.9751989999999999        9.9057725999999995E-003   6.3721155135224246        86.760796667501012       0.50000000000000000     
   7.9851989999999997        9.9057725999999995E-003   6.3727007108583544        86.713173547083926       0.50000000000000000     
   7.9951990000000004        9.9057725999999995E-003   6.3732804302121151        86.666013105738855       0.50000000000000000     
   8.0051989999999993        9.9057725999999995E-003   6.3738546685642730        86.619315112613776       0.50000000000000000     
   8.0151990000000009        9.9057725999999995E-003   6.3744234229231269        86.573079338760522       0.50000000000000000     
   8.0251990000000006        9.9057725999999995E-003   6.3749866903247465        86.527305557143649       0.50000000000000000     
   8.0351990000000004        9.9057725999999995E-003   6.3755444678330111        86.481993542649406       0.50000000000000000     
   8.0451990000000002        9.9057725999999995E-003   6.3760973115807404        86.437097680671485       0.50000000000000000     
   8.0551990000000000        9.9057725999999995E-003   6.3766446598383260        86.392663156398896       0.50000000000000000     
   8.0651989999999998        9.9057725999999995E-003   6.3771865097504339        86.348689750323246       0.50000000000000000     
   8.0751989999999996        9.9057725999999995E-003   6.3777234178159627        86.305131875789925       0.50000000000000000     
   8.0851989999999994        9.9057725999999995E-003   6.3782548220955801        86.262034700912267       0.50000000000000000     
   8.0951989999999991        9.9057725999999995E-003   6.3787812793268994        86.219352657301428       0.50000000000000000     
   8.1051990000000007        9.9057725999999995E-003   6.3793027870379300        86.177085554613498       0.50000000000000000     
   8.1151990000000005        9.9057725999999995E-003   6.3798193427793235        86.135233204085850       0.50000000000000000     
   8.1251990000000003        9.9057725999999995E-003   6.3803309441243936        86.093795418544673       0.50000000000000000     
   6150.0051999999996        7.1875495999999999E-003   7.7149853099187649        84.155249739307337        1.5000000000000000     
   6.7652042000000003        1.0046206000000000E-002   6.4943975049746800        84.034646380164432       0.50000000000000000     
   240.00409999999999        1.0832904000000001E-002   8.0169030040664655        83.995573862301441        1.5000000000000000     
   6.7752042000000001        1.0046206000000000E-002   6.4953041373669240        83.966415532163552       0.50000000000000000     
   6.6652059000000001        1.0135854999999999E-002   6.5626557748622423        83.903125154405103       0.50000000000000000     
   6.7852041999999999        1.0046206000000000E-002   6.4962150850475737        83.897901319539926       0.50000000000000000     
   6.6752059000000008        1.0135854999999999E-002   6.5635519468711383        83.838739851344826       0.50000000000000000     
   6.7952042000000006        1.0046206000000000E-002   6.4971297710752989        83.829147685331634       0.50000000000000000     
   6.6852059000000006        1.0135854999999999E-002   6.5644513264572764        83.774164472583749       0.50000000000000000     
   6.8052042000000004        1.0046206000000000E-002   6.4980487791310271        83.760111309429448       0.50000000000000000     
   6.6952059000000004        1.0135854999999999E-002   6.5653556943202744        83.709271717242416       0.50000000000000000     
   6.8152042000000002        1.0046206000000000E-002   6.4989709511829741        83.690879699561393       0.50000000000000000     
   6.7052059000000002        1.0135854999999999E-002   6.5662632758263300        83.644189479806613       0.50000000000000000     
   6.8252041999999999        1.0046206000000000E-002   6.4998968707754896        83.621409524547332       0.50000000000000000     
   340.00409999999999        1.0476579999999999E-002   9.0790660215347927        83.616801267175973        1.5000000000000000     
   6.7152059000000000        1.0135854999999999E-002   6.5671752596369837        83.578833040556873       0.50000000000000000     
   6.8352042000000006        1.0046206000000000E-002   6.5008259598734828        83.551744633625901       0.50000000000000000     
   6.7252059000000006        1.0135854999999999E-002   6.5680898696712786        83.513330161050760       0.50000000000000000     
   6.8452042000000004        1.0046206000000000E-002   6.5017582210822757        83.481885273339941       0.50000000000000000     
   6.7352059000000004        1.0135854999999999E-002   6.5690082947794899        83.447596139806990       0.50000000000000000     
   6.8552042000000002        1.0046206000000000E-002   6.5026930755563814        83.411875222732931       0.50000000000000000     
   6.7452059000000002        1.0135854999999999E-002   6.5699299445083570        83.381673721870811       0.50000000000000000     
   6.8652042000000000        1.0046206000000000E-002   6.5036305254178428        83.341714686685705       0.50000000000000000     
   6.7552059000000000        1.0135854999999999E-002   6.5708542277500603        83.315605591989936       0.50000000000000000     
   6.8752041999999998        1.0046206000000000E-002   6.5045705727954948        83.271403870978972       0.50000000000000000     
   6.7652059000000007        1.0135854999999999E-002   6.5717811466185481        83.249391964322086       0.50000000000000000     
   6.8852042000000004        1.0046206000000000E-002   6.5055126378598240        83.200986469265246       0.50000000000000000     
   6.7752059000000004        1.0135854999999999E-002   6.5727101091848299        83.183075448022237       0.50000000000000000     
   6.8952042000000002        1.0046206000000000E-002   6.5064567222462095        83.130462644537886       0.50000000000000000     
   6.7852059000000002        1.0135854999999999E-002   6.5736417112896017        83.116613833744836       0.50000000000000000     
   6.9052042000000000        1.0046206000000000E-002   6.5074028275942322        83.059832560396757       0.50000000000000000     
   6.7952059000000000        1.0135854999999999E-002   6.5745753606790061        83.050049700991849       0.50000000000000000     
   6.9152041999999998        1.0046206000000000E-002   6.5083503730747037        82.989139823320627       0.50000000000000000     
   6.8052059000000007        1.0135854999999999E-002   6.5755110589852723        82.983383220225534       0.50000000000000000     
   6.9252042000000005        1.0046206000000000E-002   6.5092987771829431        82.918427980475329       0.50000000000000000     
   6.8152059000000005        1.0135854999999999E-002   6.5764476183935017        82.916699224819695       0.50000000000000000     
   6.8252059000000003        1.0135854999999999E-002   6.5773862293163248        82.849913160842348       0.50000000000000000     
   6.9352042000000003        1.0046206000000000E-002   6.5102492061745787        82.847610282465965       0.50000000000000000     
   6.8352059000000001        1.0135854999999999E-002   6.5783257032655564        82.783109799247001       0.50000000000000000     
   6.9452042000000000        1.0046206000000000E-002   6.5111999127528515        82.776817086666867       0.50000000000000000     
   6.8452059000000007        1.0135854999999999E-002   6.5792666361015559        82.716246933710011       0.50000000000000000     
   6.9552041999999998        1.0046206000000000E-002   6.5121520633463801        82.705961659211454       0.50000000000000000     
   6.8552059000000005        1.0135854999999999E-002   6.5802078381492963        82.649409224664595       0.50000000000000000     
   6.9652042000000005        1.0046206000000000E-002   6.5131039091276790        82.635174222494953       0.50000000000000000     
   6.8652059000000003        1.0135854999999999E-002   6.5811493095243332        82.582596701920295       0.50000000000000000     
   6.9752042000000003        1.0046206000000000E-002   6.5140566166965730        82.564368057901305       0.50000000000000000     
   6.8752059000000001        1.0135854999999999E-002   6.5820916460890633        82.515767159590624       0.50000000000000000     
   6.9852042000000001        1.0046206000000000E-002   6.5150096030218032        82.493586578366433       0.50000000000000000     
   600.00521000000003        1.0375739000000000E-002   9.1861511192163814        82.490308185847141        3.0000000000000000     
   6.8852059000000008        1.0135854999999999E-002   6.5830342525535714        82.448962895231389       0.50000000000000000     
   6.9952041999999999        1.0046206000000000E-002   6.5159622843894827        82.422873136399360       0.50000000000000000     
   6.8952059000000006        1.0135854999999999E-002   6.5839765329456892        82.382226142522683       0.50000000000000000     
   7.0052042000000005        1.0046206000000000E-002   6.5169146604096921        82.352227717335154       0.50000000000000000     
   6.9052059000000003        1.0135854999999999E-002   6.5849184868694035        82.315556883396255       0.50000000000000000     
   7.0152042000000003        1.0046206000000000E-002   6.5178661465149643        82.281693597904805       0.50000000000000000     
   6.9152059000000001        1.0135854999999999E-002   6.5858595174995154        82.248997271448019       0.50000000000000000     
   7.0252042000000001        1.0046206000000000E-002   6.5188173261515949        82.211227441562599       0.50000000000000000     
   6.9252059000000008        1.0135854999999999E-002   6.5868008171277053        82.182462929036348       0.50000000000000000     
   7.0352041999999999        1.0046206000000000E-002   6.5197676144111920        82.140872494589914       0.50000000000000000     
   6.9352059000000006        1.0135854999999999E-002   6.5877405955592945        82.116080305022066       0.50000000000000000     
   11900.004999999999        8.9249151999999995E-003   9.8103796438680604        82.077802118284467        2.0000000000000000     
   7.0452042000000006        1.0046206000000000E-002   6.5207164257041033        82.070671942574805       0.50000000000000000     
   6.9452059000000004        1.0135854999999999E-002   6.5886788513767716        82.049849284995219       0.50000000000000000     
   7.0552042000000004        1.0046206000000000E-002   6.5216643434780321        82.000582448728480       0.50000000000000000     
   6.9552059000000002        1.0135854999999999E-002   6.5896161802739597        81.983727646811474       0.50000000000000000     
   7.0652042000000002        1.0046206000000000E-002   6.5226101967766610        81.930690383912903       0.50000000000000000     
   6.9652059000000000        1.0135854999999999E-002   6.5905519840661473        81.917757415648992       0.50000000000000000     
   7.0752041999999999        1.0046206000000000E-002   6.5235545688809262        81.860952396093523       0.50000000000000000     
   6.9752059000000006        1.0135854999999999E-002   6.5914856638914934        81.851980552692126       0.50000000000000000     
   7.0852042000000006        1.0046206000000000E-002   6.5244968730181583        81.791411564686129       0.50000000000000000     
   6.9852059000000004        1.0135854999999999E-002   6.5924172178314837        81.786396895498513       0.50000000000000000     
   9.3952066999999992        1.0163637000000000E-002   6.6155518100063109        81.768696745905132       0.50000000000000000     
   7.0952042000000004        1.0046206000000000E-002   6.5254365217421633        81.722110908717880       0.50000000000000000     
   6.9952059000000002        1.0135854999999999E-002   6.5933472417571677        81.720964237821249       0.50000000000000000     
   7.0052059000000000        1.0135854999999999E-002   6.5942739403990620        81.655808548988318       0.50000000000000000     
   7.1052042000000002        1.0046206000000000E-002   6.5263740983440224        81.653007076265922       0.50000000000000000     
   7.0152059000000007        1.0135854999999999E-002   6.5951985070854908        81.590845547265729       0.50000000000000000     
   7.1152042000000000        1.0046206000000000E-002   6.5273090150492123        81.584143056416423       0.50000000000000000     
   7.0252059000000004        1.0135854999999999E-002   6.5961197433352021        81.526159063153159       0.50000000000000000     
   7.1252041999999998        1.0046206000000000E-002   6.5282412694555569        81.515518652923333       0.50000000000000000     
   7.0352059000000002        1.0135854999999999E-002   6.5970382447036053        81.461706859352034       0.50000000000000000     
   7.1352042000000004        1.0046206000000000E-002   6.5291702729611236        81.447176780146705       0.50000000000000000     
   7.0452059000000000        1.0135854999999999E-002   6.5979534101763910        81.397530691556398       0.50000000000000000     
   7.1452042000000002        1.0046206000000000E-002   6.5300954363046078        81.379160292955902       0.50000000000000000     
   7.0552059000000007        1.0135854999999999E-002   6.5988646380832758        81.333672252896989       0.50000000000000000     
   7.1552042000000000        1.0046206000000000E-002   6.5310179291829558        81.311382745210580       0.50000000000000000     
   7.0652059000000005        1.0135854999999999E-002   6.5997725240076539        81.270089307551558       0.50000000000000000     
   7.1652041999999998        1.0046206000000000E-002   6.5319359891142197        81.243973139122375       0.50000000000000000     
   7.0752059000000003        1.0135854999999999E-002   6.6006758668550187        81.206865436387218       0.50000000000000000     
   7.1752042000000005        1.0046206000000000E-002   6.5328501991158152        81.176888095533116       0.50000000000000000     
   7.0852059000000001        1.0135854999999999E-002   6.6015752620704582        81.143958389545844       0.50000000000000000     
   7.1852042000000003        1.0046206000000000E-002   6.5337605558461105        81.110127331477841       0.50000000000000000     
   7.0952059000000007        1.0135854999999999E-002   6.6024701068837581        81.081409753914613       0.50000000000000000     
   7.1952042000000000        1.0046206000000000E-002   6.5346658815904872        81.043776608012180       0.50000000000000000     
   7.1052059000000005        1.0135854999999999E-002   6.6033603974941411        81.019219184123756       0.50000000000000000     
   7.2052041999999998        1.0046206000000000E-002   6.5355673467698674        80.977749541771473       0.50000000000000000     
   7.1152059000000003        1.0135854999999999E-002   6.6042455303546772        80.957428192144590       0.50000000000000000     
   7.2152042000000005        1.0046206000000000E-002   6.5364631855369613        80.912174829775097       0.50000000000000000     
   7.1252059000000001        1.0135854999999999E-002   6.6051261011441627        80.895994548335167       0.50000000000000000     
   7.2252042000000003        1.0046206000000000E-002   6.5373545685136962        80.846966105696879       0.50000000000000000     
   7.1352059000000008        1.0135854999999999E-002   6.6060009059520075        80.835001562586370       0.50000000000000000     
   7.2352042000000001        1.0046206000000000E-002   6.5382403162827156        80.782208974964277       0.50000000000000000     
   7.1452059000000006        1.0135854999999999E-002   6.6068699401026043        80.774448803968426       0.50000000000000000     
   7.2452041999999999        1.0046206000000000E-002   6.5391204241637872        80.717903030734192       0.50000000000000000     
   7.1552059000000003        1.0135854999999999E-002   6.6077331989493411        80.714335843712774       0.50000000000000000     
   7.1652059000000001        1.0135854999999999E-002   6.6085906778746555        80.654662255228089       0.50000000000000000     
   7.2552042000000005        1.0046206000000000E-002   6.5399948875045792        80.654047868071544       0.50000000000000000     
   7.1752059000000008        1.0135854999999999E-002   6.6094417715819889        80.595469380085348       0.50000000000000000     
   7.2652042000000003        1.0046206000000000E-002   6.5408631133736792        80.590686004979531       0.50000000000000000     
   7.1852059000000006        1.0135854999999999E-002   6.6102864750510770        80.536756751958194       0.50000000000000000     
   7.2752042000000001        1.0046206000000000E-002   6.5417256851713432        80.527774091240360       0.50000000000000000     
   7.1952059000000004        1.0135854999999999E-002   6.6111241822834561        80.478565643988361       0.50000000000000000     
   7.2852041999999999        1.0046206000000000E-002   6.5425814210998121        80.465397513960696       0.50000000000000000     
   660.00521000000003        9.9094581000000008E-003   9.5463646822755912        80.458943419240143        2.5000000000000000     
   7.2052059000000002        1.0135854999999999E-002   6.6119554890420087        80.420853829778594       0.50000000000000000     
   7.2952042000000006        1.0046206000000000E-002   6.5434303157041738        80.403555792958713       0.50000000000000000     
   7.2152059000000000        1.0135854999999999E-002   6.6127791877874795        80.363704267355672       0.50000000000000000     
   7.3052042000000004        1.0046206000000000E-002   6.5442723635709976        80.342248451123993       0.50000000000000000     
   7.2252059000000006        1.0135854999999999E-002   6.6135952727546714        80.307116416357843       0.50000000000000000     
   7.3152042000000002        1.0046206000000000E-002   6.5451075593284216        80.281475014438485       0.50000000000000000     
   7.2352059000000004        1.0135854999999999E-002   6.6144332172678473        80.249047460151786       0.50000000000000000     
   7.3252041999999999        1.0046206000000000E-002   6.5459353084264089        80.221277850175014       0.50000000000000000     
   7.2452059000000002        1.0135854999999999E-002   6.6152635511664011        80.191540544804582       0.50000000000000000     
   7.3352042000000006        1.0046206000000000E-002   6.5467844842659479        80.159558049244012       0.50000000000000000     
   7.2552059000000000        1.0135854999999999E-002   6.6160862686376749        80.134595124624369       0.50000000000000000     
   7.3452042000000004        1.0046206000000000E-002   6.5476262166300403        80.098414837320817       0.50000000000000000     
   7.2652059000000007        1.0135854999999999E-002   6.6169007618554501        80.078252293874527       0.50000000000000000     
   7.3552042000000002        1.0046206000000000E-002   6.5484599100167973        80.037890494326433       0.50000000000000000     
   7.2752059000000004        1.0135854999999999E-002   6.6177082290919511        80.022428229640113       0.50000000000000000     
   7.3652042000000000        1.0046206000000000E-002   6.5492861480247608        79.977941683222838       0.50000000000000000     
   7.2852059000000002        1.0135854999999999E-002   6.6185080627718751        79.967164048942294       0.50000000000000000     
   7.3752041999999998        1.0046206000000000E-002   6.5501049249292169        79.918567895034201       0.50000000000000000     
   7.2952059000000000        1.0135854999999999E-002   6.6193002572877626        79.912459223055663       0.50000000000000000     
   7.3852042000000004        1.0046206000000000E-002   6.5509162350549968        79.859768624603390       0.50000000000000000     
   7.3052059000000007        1.0135854999999999E-002   6.6200848070836971        79.858313227559307       0.50000000000000000     
   7.3152059000000005        1.0135854999999999E-002   6.6208623094411445        79.804683976126981       0.50000000000000000     
   7.3952042000000002        1.0046206000000000E-002   6.5517200727765745        79.801543370616272       0.50000000000000000     
   7.3252059000000003        1.0135854999999999E-002   6.6216321564020859        79.751612546327394       0.50000000000000000     
   7.4052042000000000        1.0046206000000000E-002   6.5525164325181704        79.743891635625275       0.50000000000000000     
   320.00409999999999        1.0555222000000000E-002   8.8772335490352354        79.706356702667620        1.5000000000000000     
   7.3352059000000001        1.0135854999999999E-002   6.6223943425616794        79.699098426425024       0.50000000000000000     
   7.4152041999999998        1.0046206000000000E-002   6.5533058993012050        79.686770208996904       0.50000000000000000     
   7.3452059000000007        1.0135854999999999E-002   6.6231494657692700        79.647099583109195       0.50000000000000000     
   7.4252042000000005        1.0046206000000000E-002   6.5540872866957720        79.630264048133398       0.50000000000000000     
   260.00409999999999        1.0768316999999999E-002   8.2386162169212387        79.597071693912113        1.5000000000000000     
   7.3552059000000005        1.0135854999999999E-002   6.6238975211324131        79.595615552995298       0.50000000000000000     
   7.4352042000000003        1.0046206000000000E-002   6.5548617705088974        79.574287245848737       0.50000000000000000     
   7.3652059000000003        1.0135854999999999E-002   6.6246379003292697        79.544687376142150       0.50000000000000000     
   7.4452042000000000        1.0046206000000000E-002   6.5556293457795372        79.518839358415448       0.50000000000000000     
   7.3752059000000001        1.0135854999999999E-002   6.6253718053690855        79.494231584235024       0.50000000000000000     
   7.4552041999999998        1.0046206000000000E-002   6.5563888253825784        79.464005277725718       0.50000000000000000     
   7.3852059000000008        1.0135854999999999E-002   6.6260980244139391        79.444330711848039       0.50000000000000000     
   7.4652042000000005        1.0046206000000000E-002   6.5571419773443473        79.409656530882643       0.50000000000000000     
   7.3952059000000006        1.0135854999999999E-002   6.6268171562257541        79.394942811236007       0.50000000000000000     
   7.4752042000000003        1.0046206000000000E-002   6.5578876144955593        79.355878004573583       0.50000000000000000     
   7.4052059000000003        1.0135854999999999E-002   6.6275291961373739        79.346067438177556       0.50000000000000000     
   7.4852042000000001        1.0046206000000000E-002   6.5586263231563198        79.302626602974627       0.50000000000000000     
   7.4152059000000001        1.0135854999999999E-002   6.6282347436550726        79.297662716113678       0.50000000000000000     
   7.4952041999999999        1.0046206000000000E-002   6.5593575069476779        79.249944516798180       0.50000000000000000     
   7.4252059000000008        1.0135854999999999E-002   6.6289325860702153        79.249811093165832       0.50000000000000000     
   7.4352059000000006        1.0135854999999999E-002   6.6296239272320152        79.202429276450360       0.50000000000000000     
   7.5052042000000005        1.0046206000000000E-002   6.5600823443187819        79.197746077215939       0.50000000000000000     
   7.4452059000000004        1.0135854999999999E-002   6.6303081585190968        79.155558272955773       0.50000000000000000     
   7.5152042000000003        1.0046206000000000E-002   6.5607996472097287        79.146116086983298       0.50000000000000000     
   7.4552059000000002        1.0135854999999999E-002   6.6309858801143218        79.109156270013941       0.50000000000000000     
   7.5252042000000001        1.0046206000000000E-002   6.5615105946785475        79.094968932268216       0.50000000000000000     
   7.4652059000000000        1.0135854999999999E-002   6.6316564832288902        79.063264257460872       0.50000000000000000     
   7.5352041999999999        1.0046206000000000E-002   6.5622139982336378        79.044389375106491       0.50000000000000000     
   7.4752059000000006        1.0135854999999999E-002   6.6323199635011312        79.017881817513853       0.50000000000000000     
   7.5452042000000006        1.0046206000000000E-002   6.5629110375322846        78.994291855880348       0.50000000000000000     
   7.4852059000000004        1.0135854999999999E-002   6.6329775266018300        78.972925832306231       0.50000000000000000     
   7.5552042000000004        1.0046206000000000E-002   6.5636011160657173        78.944718550385701       0.50000000000000000     
   7.4952059000000002        1.0135854999999999E-002   6.6336279587461702        78.928478642243533       0.50000000000000000     
   7.5652042000000002        1.0046206000000000E-002   6.5642848219232697        78.895626521654876       0.50000000000000000     
   7.5052059000000000        1.0135854999999999E-002   6.6342718609299167        78.884498511746131       0.50000000000000000     
   7.5752041999999999        1.0046206000000000E-002   6.5649615584264458        78.847057928951273       0.50000000000000000     
   7.5152059000000007        1.0135854999999999E-002   6.6349092293127070        78.840985072237800       0.50000000000000000     
   7.5852042000000006        1.0046206000000000E-002   6.5656313212199944        78.799012377164232       0.50000000000000000     
   7.5252059000000004        1.0135854999999999E-002   6.6355394546307105        78.797979264865262       0.50000000000000000     
   7.5352059000000002        1.0135854999999999E-002   6.6361637439280647        78.755398103805618       0.50000000000000000     
   7.5952042000000004        1.0046206000000000E-002   6.5662946988828566        78.751446973239297       0.50000000000000000     
   7.5452059000000000        1.0135854999999999E-002   6.6367814881319553        78.713282548146111       0.50000000000000000     
   7.6052042000000002        1.0046206000000000E-002   6.5669516875025700        78.704361362150877       0.50000000000000000     
   7.5552059000000007        1.0135854999999999E-002   6.6373932893533780        78.671590969375615       0.50000000000000000     
   7.6152042000000000        1.0046206000000000E-002   6.5676016900763887        78.657797671545737       0.50000000000000000     
   7.5652059000000005        1.0135854999999999E-002   6.6379979324530867        78.630405573174528       0.50000000000000000     
   7.6252041999999998        1.0046206000000000E-002   6.5682458889021600        78.611670582259137       0.50000000000000000     
   7.5752059000000003        1.0135854999999999E-002   6.6385966255259889        78.589643475068272       0.50000000000000000     
   7.6352042000000004        1.0046206000000000E-002   6.5688830938095597        78.566064697081586       0.50000000000000000     
   7.5852059000000001        1.0135854999999999E-002   6.6391893653222667        78.549304361840257       0.50000000000000000     
   7.6452042000000002        1.0046206000000000E-002   6.5695138941627347        78.520937193660643       0.50000000000000000     
   7.5952059000000007        1.0135854999999999E-002   6.6397755423889402        78.509429153810800       0.50000000000000000     
   7.6552042000000000        1.0046206000000000E-002   6.5701388798208242        78.476245295157142       0.50000000000000000     
   7.6052059000000005        1.0135854999999999E-002   6.6403551532212637        78.470017512202134       0.50000000000000000     
   7.6652041999999998        1.0046206000000000E-002   6.5707568600362753        78.432073549806560       0.50000000000000000     
   7.6152059000000003        1.0135854999999999E-002   6.6409294072431821        78.430986681475218       0.50000000000000000     
   7.6252059000000001        1.0135854999999999E-002   6.6414970885506417        78.392418790625015       0.50000000000000000     
   7.6752042000000005        1.0046206000000000E-002   6.5713690184363891        78.388336759861005       0.50000000000000000     
   7.6352059000000008        1.0135854999999999E-002   6.6420588003984449        78.354272320735049       0.50000000000000000     
   7.6852042000000003        1.0046206000000000E-002   6.5719747578172871        78.345077031839978       0.50000000000000000     
   7.6452059000000006        1.0135854999999999E-002   6.6426145397326000        78.316546976110118       0.50000000000000000     
   7.6952042000000000        1.0046206000000000E-002   6.5725746686223498        78.302251641806237       0.50000000000000000     
   7.6552059000000003        1.0135854999999999E-002   6.6431643035308232        78.279242463913249       0.50000000000000000     
   7.7052041999999998        1.0046206000000000E-002   6.5731681534958986        78.259902681561073       0.50000000000000000     
   7.6652059000000001        1.0135854999999999E-002   6.6437080888025779        78.242358494176472       0.50000000000000000     
   7.7152042000000005        1.0046206000000000E-002   6.5737552089266469        78.218029829448213       0.50000000000000000     
   7.6752059000000008        1.0135854999999999E-002   6.6442458925891126        78.205894779811572       0.50000000000000000     
   7.7252042000000003        1.0046206000000000E-002   6.5743370201280307        78.176548033523233       0.50000000000000000     
   7.6852059000000006        1.0135854999999999E-002   6.6447783191119045        78.169809895578553       0.50000000000000000     
   7.7352042000000001        1.0046206000000000E-002   6.5749123953911148        78.135541750556982       0.50000000000000000     
   7.6952059000000004        1.0135854999999999E-002   6.6453047585198153        78.134144720138991       0.50000000000000000     
   7.7052059000000002        1.0135854999999999E-002   6.6458258152862726        78.098857852591436       0.50000000000000000     
   7.7452041999999999        1.0046206000000000E-002   6.5754819258600286        78.094968320305242       0.50000000000000000     
   7.7152059000000000        1.0135854999999999E-002   6.6463408794251615        78.063990157889492       0.50000000000000000     
   7.7552042000000005        1.0046206000000000E-002   6.5760450138179207        78.054869799534075       0.50000000000000000     
   7.7252059000000006        1.0135854999999999E-002   6.6468499481307388        78.029541362874625       0.50000000000000000     
   7.7652042000000003        1.0046206000000000E-002   6.5766028454362147        78.015161224404366       0.50000000000000000     
   7.7352059000000004        1.0135854999999999E-002   6.6473536262483792        77.995470102630662       0.50000000000000000     
   7.7752042000000001        1.0046206000000000E-002   6.5771548231613943        77.975884666389945       0.50000000000000000     
   7.7452059000000002        1.0135854999999999E-002   6.6478519113093721        77.961776136792537       0.50000000000000000     
   7.7852041999999999        1.0046206000000000E-002   6.5777009440215872        77.937039852152651       0.50000000000000000     
   7.7552059000000000        1.0135854999999999E-002   6.6483448008708850        77.928459227361685       0.50000000000000000     
   7.7952042000000006        1.0046206000000000E-002   6.5782412050757104        77.898626510984556       0.50000000000000000     
   7.7652059000000007        1.0135854999999999E-002   6.6488322925159924        77.895519138713908       0.50000000000000000     
   280.00473000000000        1.0764770000000000E-002   7.9796039378496424        77.870732739806002        2.5000000000000000     
   7.7752059000000004        1.0135854999999999E-002   6.6493143838537092        77.862955637606788       0.50000000000000000     
   7.8052042000000004        1.0046206000000000E-002   6.5787761985602975        77.860602082971539       0.50000000000000000     
   7.7852059000000002        1.0135854999999999E-002   6.6497910725190197        77.830768493187392       0.50000000000000000     
   7.8152042000000002        1.0046206000000000E-002   6.5793053266405757        77.823008612419983       0.50000000000000000     
   7.7952059000000000        1.0135854999999999E-002   6.6502623561729033        77.798957477000016       0.50000000000000000     
   7.8252041999999999        1.0046206000000000E-002   6.5798285864649246        77.785845836286825       0.50000000000000000     
   7.8052059000000007        1.0135854999999999E-002   6.6507288407386707        77.767481329200308       0.50000000000000000     
   7.8352042000000006        1.0046206000000000E-002   6.5803465706436013        77.749071228912030       0.50000000000000000     
   7.8152059000000005        1.0135854999999999E-002   6.6511899158616421        77.736380876599981       0.50000000000000000     
   7.8452042000000004        1.0046206000000000E-002   6.5808592766649667        77.712684558608899       0.50000000000000000     
   7.8252059000000003        1.0135854999999999E-002   6.6516455792780071        77.705655897696076       0.50000000000000000     
   7.8552042000000002        1.0046206000000000E-002   6.5813661064268212        77.676727843848369       0.50000000000000000     
   7.8652042000000000        1.0046206000000000E-002   6.5818682486077975        77.641116352712643       0.50000000000000000     
   7.8752041999999998        1.0046206000000000E-002   6.5823645094513621        77.605934347670200       0.50000000000000000     
   7.8852042000000004        1.0046206000000000E-002   6.5828554821644918        77.571139357911107       0.50000000000000000     
   300.00409999999999        1.0629797000000000E-002   8.6681790422443665        77.567540365060253        1.5000000000000000     
   7.8952042000000002        1.0046206000000000E-002   6.5833411643637332        77.536731162813254       0.50000000000000000     
   280.00409999999999        1.0700714000000000E-002   8.4568659969135247        77.528869721225533        1.5000000000000000     
   7.9052042000000000        1.0046206000000000E-002   6.5838221497508709        77.502667337576966       0.50000000000000000     
   7.9152041999999998        1.0046206000000000E-002   6.5842972439586589        77.469032086749493       0.50000000000000000     
   7.9252042000000005        1.0046206000000000E-002   6.5847676368835906        77.435740791466841       0.50000000000000000     
   480.00520999999998        1.0531921000000000E-002   8.8203893263969508        75.495517390458275        3.0000000000000000     
   640.00521000000003        1.0535383000000001E-002   8.7944623671233746        74.714287743996337        3.5000000000000000     
   2700.0052000000001        7.2825101000000003E-003   7.9626577498168896        73.779153731104671        1.5000000000000000     
   2400.0047000000000        7.2900263000000003E-003   7.9677182255025425        73.126307883968835        1.5000000000000000     
   580.00409999999999        8.8053165999999999E-003   9.6832794861877698        71.783284308207143        1.5000000000000000     
   6700.0051999999996        8.6662441999999992E-003   6.3468572047243015        71.106848994685834        3.0000000000000000     
   10200.004999999999        1.0006485000000001E-002   9.3481549696811541        70.763346862907554        3.0000000000000000     
   1850.0052000000001        8.1926281000000000E-003   6.5308748172140518        70.254453905411182        2.5000000000000000     
   6900.0051999999996        1.0247384999999999E-002   9.1155354006118294        70.009715244269984        3.5000000000000000     
   6600.0051999999996        1.0254869999999999E-002   9.0841775200593311        68.753491410790190        3.5000000000000000     
   300.00473000000000        1.0650186000000001E-002   8.0685924508613613        68.195472408856105        2.5000000000000000     
   7300.0051999999996        9.4044678000000000E-003   9.5863982057538060        67.006335042973021        2.5000000000000000     
   1800.0052000000001        9.4085770999999992E-003   9.5704469175622631        65.830967561448261        2.5000000000000000     
   5000.0051999999996        7.6901660999999996E-003   8.9361330336401874        64.800249070678859        1.5000000000000000     
   3550.0052000000001        9.4005317000000008E-003   9.5411612259492156        63.390087609843732        2.5000000000000000     
   7450.0051999999996        9.3993811999999993E-003   9.5372206726702959        63.063816925823666        2.5000000000000000     
   2700.0052000000001        9.8776252999999998E-003   9.3026351275742396        61.677110778380772        3.0000000000000000     
   780.00519999999995        9.6071639999999996E-003   9.4324781829705593        60.516045626353204        2.5000000000000000     
   2250.0052000000001        8.2396356999999993E-003   6.6607829580313140        59.291403249352669        2.5000000000000000     
   320.00473000000000        1.0526003000000001E-002   8.1374862382957307        58.689693470536305        2.5000000000000000     
   6650.0051999999996        9.8522321999999999E-003   9.2707013628729200        58.524541622460397        3.0000000000000000     
   2850.0052000000001        1.0207773999999999E-002   8.9337846427356169        58.266796044981859        3.5000000000000000     
   500.00520999999998        1.0366603000000000E-002   8.6782153933190997        58.189498999872740        3.0000000000000000     
   480.00473000000000        8.6501120999999993E-003   6.5215198866368356        57.708123230425620        2.5000000000000000     
   620.00521000000003        1.0187277000000000E-002   8.9214262332321770        56.466325598370425        3.0000000000000000     
   2750.0052000000001        8.7484542000000002E-003   6.5209017772146520        56.275169503546785        3.0000000000000000     
   480.00520999999998        7.5592808999999997E-003   8.3151192154816016        54.374293674573131        1.5000000000000000     
   2900.0052000000001        9.2258513000000007E-003   6.5526545902347539        53.645437125680921        3.5000000000000000     
   600.00521000000003        8.9959913000000006E-003   6.5603237951051065        51.817089571168985        3.0000000000000000     
   7100.0051999999996        9.3391906000000000E-003   9.3883134425755124        51.061610658391018        2.5000000000000000     
   660.00521000000003        1.0336724000000000E-002   8.4691856129357053        50.174156881990477        3.5000000000000000     
   8900.0051999999996        1.0181470000000000E-002   8.7629153016106116        49.447779287770778        3.5000000000000000     
   340.00473000000000        1.0390366999999999E-002   8.1777585774345489        49.117965081707965        2.5000000000000000     
   5000.0051999999996        8.6639274999999998E-003   9.3498802872529989        48.378036664295934        2.0000000000000000     
   680.00521000000003        9.6860000000000002E-003   9.1912721864048290        47.243135089622555        2.5000000000000000     
   600.00409999999999        8.4855286999999998E-003   9.2552538912597448        46.008575411520503        1.5000000000000000     
   840.00519999999995        8.3935872999999998E-003   6.8155027956323595        44.269249166049761        2.5000000000000000     
   700.00521000000003        8.9786736000000006E-003   6.7039486796540588        42.005094756749401        3.0000000000000000     
   6650.0051999999996        9.3035570000000005E-003   6.7399234561225256        41.998492650373436        3.5000000000000000     
   1100.0050000000001        7.9049442999999994E-003   7.3094327583804173        41.900753691858725        2.0000000000000000     
   6950.0051999999996        9.2850080000000008E-003   6.7446016578302936        41.431362868032664        3.5000000000000000     
   520.00521000000003        1.0180063000000000E-002   8.4753271345253349        40.462115810228319        3.0000000000000000     
   360.00473000000000        1.0240809999999999E-002   8.1809353073593023        39.308677959029119        2.5000000000000000     
   720.00521000000003        9.4883872999999997E-003   6.8605007299130607        38.424517867100761        3.5000000000000000     
   1250.0052000000001        9.7474734999999993E-003   8.9435988383484357        36.227385065703814        3.0000000000000000     
   10200.004999999999        1.0125907999999999E-002   8.4062317588242017        35.817328136782947        3.5000000000000000     
   1100.0047000000000        7.9842195000000005E-003   7.5027564704764815        31.976529914900631        2.0000000000000000     
   640.00521000000003        9.9700148999999991E-003   8.5757142979801380        31.809397419565322        3.0000000000000000     
   680.00521000000003        1.0106400000000000E-002   8.0588308968420783        30.689552404197283        3.5000000000000000     
   2900.0052000000001        8.5011801999999997E-003   8.9745535592249794        29.964395423418154        2.0000000000000000     
   620.00409999999999        8.0476177000000006E-003   8.5326396563692661        29.768427156562620        1.5000000000000000     
   4200.0051999999996        9.2277282999999998E-003   9.0604346824363216        29.409546586038783        2.5000000000000000     
   380.00473000000000        1.0073939000000001E-002   8.1417637135236856        29.336049596649598        2.5000000000000000     
   1100.0052000000001        9.9858476999999998E-003   8.3613043974688956        27.560915010988349        3.5000000000000000     
   540.00521000000003        9.9655344000000000E-003   8.1952918958754477        24.259891203573257        3.0000000000000000     
   700.00521000000003        9.8314336999999995E-003   7.5369269917721891        22.642965924516027        3.5000000000000000     
   740.00521000000003        8.6262617000000003E-003   7.1307283640810137        22.382836960944505        2.5000000000000000     
   400.00473000000000        9.8848888999999995E-003   8.0462676423203821        19.629227489180543        2.5000000000000000     
   800.00519999999995        9.3140575999999999E-003   8.8238662101695056        19.434692328291259        2.5000000000000000     
   3000.0052000000001        8.3841287000000000E-003   8.5700120053573396        17.605278847393073        2.0000000000000000     
   700.00521000000003        9.4183006000000003E-003   8.7138580447256437        17.114217340832926        2.5000000000000000     
   460.00473000000000        9.0825864000000003E-003   7.1793620747018894        17.006677454421911        2.5000000000000000     
   3550.0052000000001        9.5864921999999995E-003   7.4208826972072348        16.983748960969553        3.5000000000000000     
   7900.0051999999996        9.8185952999999999E-003   8.0293996567746166        16.774065970775254        3.5000000000000000     
   580.00521000000003        9.4015808999999995E-003   7.2917215974746634        16.573137698149413        3.0000000000000000     
   6500.0051999999996        9.8043602000000007E-003   7.9782674990289957        16.186691640434407        3.5000000000000000     
   1250.0052000000001        8.3026112000000006E-003   8.2605532121517431        13.855978431933435        2.0000000000000000     
   560.00521000000003        9.7122726999999999E-003   7.8137213883333834        13.550803623204761        3.0000000000000000     
   660.00521000000003        9.7127202999999999E-003   8.1236146827380793        13.081271025748633        3.0000000000000000     
   7200.0051999999996        9.0426771000000003E-003   7.2800835191017681        13.002526474484661        3.0000000000000000     
   420.00473000000000        9.6662698999999998E-003   7.8753143995501054        11.486552514268549        2.5000000000000000     
   680.00521000000003        9.3956570000000000E-003   7.5242166143511691        9.5728573217852500        3.0000000000000000     
   1800.0052000000001        9.1538790000000002E-003   7.4379748641536212        8.4887747936691298        3.0000000000000000     
   440.00473000000000        9.4060502999999997E-003   7.6016040345022065        8.0899048763770907        2.5000000000000000     
   5400.0051999999996        9.1729089000000003E-003   7.5593595364577135        5.6015375383495281        3.0000000000000000     
   1150.0052000000001        8.7009453000000004E-003   7.6800708505818287        4.7947093926922211        2.5000000000000000     
   1300.0052000000001        9.2680421000000002E-003   7.7881215826423675        2.9184758351619999        3.0000000000000000     
   2800.0052000000001        8.9065121999999993E-003   8.3178782851384980        2.7446642585397312        2.5000000000000000     
   720.00521000000003        9.0824393000000000E-003   8.0611813872961395       0.26348501419475645        2.5000000000000000     
