  #time	ai	proti	chi2	massp                                                                                                                                                                              
   82.005206999999999        1.1943344000000000E-002   9.0023093728232677        99.849440636844903        1.0000000000000000     
   500.00405999999998        1.3269646000000000E-002   12.541602588705153        99.713487935930090       0.50000000000000000     
   620.00521000000003        1.0270794000000000E-002   10.003988781590625        99.554796478588656        2.5000000000000000     
   7700.0051999999996        1.1680774999999999E-002   12.965568128014990        99.134063912549664        3.5000000000000000     
   560.00432000000001        1.1879026000000001E-002   12.986201401694746        98.990764998488544        1.0000000000000000     
   260.00520000000000        1.2867450000000001E-002   9.2143741646106747        98.523226737607132       0.50000000000000000     
   7050.0051999999996        1.0072009000000000E-002   11.437746998306260        97.719297817563373        2.5000000000000000     
   260.00472000000002        1.3458480000000000E-002   9.6679063587489704        97.540935851284047        1.5000000000000000     
   96.005206999999999        1.3468136000000000E-002   9.6794924009483232        97.479092264571605        1.0000000000000000     
   700.00521000000003        1.1914609000000000E-002   12.971405059714547        97.343235422316184        2.5000000000000000     
   7250.0051999999996        1.0108677000000000E-002   11.562410985284314        97.335224450031347        2.5000000000000000     
   2150.0052000000001        1.0205587000000000E-002   11.810894436179064        96.936698607064955        2.5000000000000000     
   680.00496999999996        1.1434418999999999E-002   12.884905997258185        96.818809908471849        2.0000000000000000     
   280.00473000000000        1.3567012000000000E-002   9.8118120839366192        96.682930350301177        1.5000000000000000     
   440.00522000000001        1.3719340000000000E-002   11.954503197313311        96.680162787135018        2.5000000000000000     
   7400.0051999999996        1.0101980000000000E-002   11.504954833591382        96.436486969523145        2.5000000000000000     
   560.00521000000003        1.0692073999999999E-002   9.5356800976395277        96.372580511305330        3.0000000000000000     
   3500.0052000000001        1.0106011000000000E-002   11.513598229482231        96.274441170681072        2.5000000000000000     
   620.00519999999995        1.2836098000000001E-002   12.775098680756532        96.250878336016910        3.0000000000000000     
   640.00521000000003        1.2733306000000000E-002   12.815813568994315        95.872913397126979        3.0000000000000000     
   86.005206999999999        1.1936175000000000E-002   9.0468075467155202        95.475856917589340        1.0000000000000000     
   300.00520999999998        1.3846120000000000E-002   10.360935454295738        95.414067699987669        2.5000000000000000     
   480.00473000000000        1.3431749000000000E-002   12.326613140493933        95.245191866323040        1.5000000000000000     
   100.00521000000001        1.3465494999999999E-002   9.7112593125585285        95.213205337613829        1.0000000000000000     
   1750.0052000000001        1.0122745000000001E-002   11.532665818935568        95.195484482080602        2.5000000000000000     
   300.00520999999998        1.2252542999999999E-002   9.0651926392855628        95.181434539542977        3.5000000000000000     
   280.00497000000001        1.2326821000000000E-002   9.0766847383324638        95.148836423946236        2.0000000000000000     
   90.005207999999996        1.3643404000000000E-002   9.9565896529299724        94.737049089939333       0.50000000000000000     
   1750.0052000000001        1.0206840999999999E-002   11.742533455332097        94.169381939834693        2.5000000000000000     
   660.00473999999997        1.1500496000000001E-002   12.873204871116998        93.960016080630069        2.0000000000000000     
   420.00520000000000        1.3725836999999999E-002   11.881418981021760        93.885322450204654        1.5000000000000000     
   1050.0052000000001        1.1435973000000000E-002   12.845047008713982        93.058120892837380        3.0000000000000000     
   440.00520999999998        1.3709341999999999E-002   11.886067646189860        92.674151770361206        2.5000000000000000     
   980.00521000000003        1.0755997999999999E-002   12.464568580158394        92.312552906367614        2.5000000000000000     
   480.00472000000002        1.3299976999999999E-002   12.414620718355968        92.277300076873672        1.5000000000000000     
   300.00522000000001        1.3855542000000000E-002   10.505397316694507        92.191702369080488        2.5000000000000000     
   300.00520999999998        1.1906148000000000E-002   9.0855616877401246        91.847053514243768        3.0000000000000000     
   280.00409000000002        1.2241762000000000E-002   9.1008175826993813        91.633565357177375        1.0000000000000000     
   280.00520000000000        1.3332669000000000E-002   9.6255102549639098        91.630718904964496        3.5000000000000000     
   300.00520999999998        1.1753774999999999E-002   9.1023954936447584        91.538237722814387        2.5000000000000000     
   280.00520000000000        1.2077825000000000E-002   9.0897243350210601        91.380243459712702        2.5000000000000000     
   560.00409000000002        1.1967912000000001E-002   12.907110957748147        90.952543414147001        1.0000000000000000     
   300.00520000000000        1.3796644000000000E-002   10.365647119461441        90.758334771993418        1.5000000000000000     
   420.00522000000001        1.3739489000000001E-002   11.751752620804922        89.773853001080383        2.5000000000000000     
   260.00520999999998        1.3387059999999999E-002   9.7313970117687809        88.332225864802552        3.0000000000000000     
   680.00521000000003        1.1970840000000000E-002   12.878656486384477        88.255009857364996        2.5000000000000000     
   320.00520999999998        1.3827258000000000E-002   10.581594845749846        87.848370878595361        2.5000000000000000     
   1100.0052000000001        1.1312228000000001E-002   12.742002287776300        87.690055701601864        3.0000000000000000     
   580.00521000000003        1.1008639000000001E-002   9.4117378732400265        87.634329752438475        3.5000000000000000     
   580.00469999999996        1.2318473999999999E-002   12.844831698702734        87.620739722738250        2.0000000000000000     
   620.00521000000003        1.2775204000000000E-002   12.694584575253430        86.813951727102548        3.0000000000000000     
   260.00470000000001        1.2800883000000001E-002   9.3180101492665859        86.762584643817689        2.0000000000000000     
   280.00520000000000        1.3402740999999999E-002   9.7761299297044921        86.638507920554019        3.0000000000000000     
   7850.0051999999996        1.0528302000000000E-002   9.8602469595726436        86.623301677082736        3.5000000000000000     
   320.00522000000001        1.3836751000000000E-002   10.718504189267604        86.322357388767742        2.5000000000000000     
   6450.0051999999996        1.0534426000000000E-002   9.8587172113898145        86.260840568923356        3.5000000000000000     
   420.00520999999998        1.3729586000000000E-002   11.671195333803517        86.049276130781053        2.5000000000000000     
   600.00519999999995        1.2875566000000000E-002   12.634494623186688        85.954711317395393        3.0000000000000000     
   300.00405999999998        1.3319851000000001E-002   9.6998218683175654        85.811746848502068       0.50000000000000000     
   12200.004999999999        1.0349640000000000E-002   11.841584429568874        85.798814954928730        2.5000000000000000     
   400.00520000000000        1.3737874000000001E-002   11.627580289746801        85.351580020261906        1.5000000000000000     
   1050.0052000000001        1.0594239000000000E-002   9.8009312901641081        85.348245425598989        3.5000000000000000     
   98.005206999999999        1.2901264000000001E-002   9.3916419751690370        84.977307442018144        2.0000000000000000     
   320.00520999999998        1.3134195000000000E-002   12.452542700283031        84.906964907137422        1.0000000000000000     
   400.00522000000001        1.3759395000000001E-002   11.547546934907727        84.881963985330700        2.5000000000000000     
   1000.0051999999999        1.0623690999999999E-002   12.222237834612109        84.702295975550470        2.5000000000000000     
   3350.0052000000001        1.1640779000000000E-002   12.803053609719848        84.501048899924811        3.5000000000000000     
   5250.0051999999996        1.1039106000000000E-002   12.567010055235617        84.470944147880843        3.0000000000000000     
   94.005206999999999        1.2908754999999999E-002   9.4078965411969886        84.015725993487735        2.0000000000000000     
   720.00519999999995        1.0230397000000000E-002   10.527291664898019        83.873702481022306        2.5000000000000000     
   92.005207999999996        1.3642751999999999E-002   10.190972872926588        83.828978567119094       0.50000000000000000     
   260.00520999999998        1.2836181000000000E-002   9.3713527378130941        83.792263141649428        2.5000000000000000     
   660.00496999999996        1.1494191000000001E-002   12.759495853246854        83.791708068433607        2.0000000000000000     
   320.00520999999998        1.2189177000000001E-002   9.1825973155419458        83.468508954421196        3.5000000000000000     
   320.00520000000000        1.3785077000000000E-002   10.617187160794810        83.326143060436436        1.5000000000000000     
   7050.0051999999996        1.1015864000000000E-002   12.536940639457894        83.267754356213274        3.0000000000000000     
   340.00522000000001        1.3817743000000000E-002   10.929135938654118        82.730287400787049        2.5000000000000000     
   340.00520999999998        1.3808176000000000E-002   10.801943693685541        82.718172786673861        2.5000000000000000     
   300.00473000000000        1.3554030999999999E-002   10.058656647421813        82.528493800304460        1.5000000000000000     
   98.005206999999999        1.3466700000000000E-002   9.9294677657768009        82.431205726112537        1.0000000000000000     
   1050.0052000000001        1.0226621000000000E-002   11.389664833025714        82.417797852629292        2.5000000000000000     
   11500.004999999999        1.1787705000000001E-002   12.801532991643182        82.264754813921328        3.5000000000000000     
   380.00522000000001        1.3779068000000000E-002   11.341661349553439        82.045389570930638        2.5000000000000000     
   280.00432000000001        1.2166550999999999E-002   9.1963609374830586        82.021325197228734        1.0000000000000000     
   400.00520999999998        1.3749582000000000E-002   11.454882097372240        81.698876143093756        2.5000000000000000     
   280.00472000000002        1.3444747999999999E-002   9.9146522285780581        81.631915969678715        1.5000000000000000     
   360.00522000000001        1.3798516000000000E-002   11.135265048002829        81.323914958767276        2.5000000000000000     
   460.00473000000000        1.3445853000000001E-002   12.073965143842628        81.097302476109348        1.5000000000000000     
   600.00521000000003        1.0421845000000001E-002   10.140888373014942        80.716152387099413        2.5000000000000000     
   280.00405999999998        1.2898049999999999E-002   9.4440197372838206        80.689208726404033       0.50000000000000000     
   320.00520999999998        1.1839479000000000E-002   9.2108656922571406        80.669211712202497        3.0000000000000000     
   280.00474000000003        1.2331201000000000E-002   9.2347370074018382        80.646186202780584        2.0000000000000000     
   640.00473999999997        1.1557718999999999E-002   12.739237600033309        80.513995801583619        2.0000000000000000     
   540.00521000000003        1.0827968000000000E-002   9.6414071220252300        80.485840787562324        3.0000000000000000     
   380.00520000000000        1.3749815000000000E-002   11.373523301139901        80.034308531481187        1.5000000000000000     
   360.00520999999998        1.3788872000000001E-002   11.019012954742099        80.010617162551085        2.5000000000000000     
   480.00405999999998        1.3274785000000001E-002   12.252405839393660        79.839930453314480       0.50000000000000000     
   380.00520999999998        1.3769342000000000E-002   11.237026335661083        79.668818831408629        2.5000000000000000     
   500.00520000000000        1.2789943000000000E-002   12.595071086046829        79.206541712365890       0.50000000000000000     
   340.00520000000000        1.3773417000000000E-002   10.869893531728206        79.048392684246011        1.5000000000000000     
   660.00521000000003        1.2025034000000000E-002   12.775030457305148        78.783993291235575        2.5000000000000000     
   8750.0051999999996        1.1644865000000001E-002   12.733644263022274        78.291080393391482        3.5000000000000000     
   600.00521000000003        1.2815996000000000E-002   12.566735776782156        78.012760668803381        3.0000000000000000     
   360.00520000000000        1.3761663000000000E-002   11.120604477614195        77.950053048898098        1.5000000000000000     
   300.00520000000000        1.3298101999999999E-002   9.8054989624164097        77.797539345154576        3.5000000000000000     
   320.00520999999998        1.1693019000000001E-002   9.2650473400587305        77.607449541318957        2.5000000000000000     
   500.00405999999998        1.2828286000000000E-002   12.553113159650108        77.455453681222735       0.50000000000000000     
   460.00472000000002        1.3315106000000000E-002   12.163689591245520        77.091932575838399        1.5000000000000000     
   580.00519999999995        1.2914053000000000E-002   12.487570936257979        76.209003836812769        3.0000000000000000     
   280.00520000000000        1.2861195000000001E-002   9.4866047710743082        75.800547904337648       0.50000000000000000     
   94.005207999999996        1.3642098000000000E-002   10.430774051954012        75.512603702857191       0.50000000000000000     
   280.00520999999998        1.3358324000000000E-002   9.9236600657523955        75.088795043134752        3.0000000000000000     
   6750.0051999999996        1.1576074000000000E-002   12.677967697294447        74.882219295220409        3.5000000000000000     
   10100.004999999999        1.1184758000000000E-002   12.525465950941184        74.791646256822787        3.0000000000000000     
   88.005206999999999        1.1932813000000000E-002   9.2765513834405731        74.369728464914473        1.0000000000000000     
   300.00520000000000        1.2027945999999999E-002   9.2781047681783431        74.142601999100521        2.5000000000000000     
   300.00497000000001        1.2292513000000000E-002   9.3035002168398115        74.091882199505264        2.0000000000000000     
   540.00432000000001        1.1901645000000001E-002   12.715823680060506        73.843112995764571        1.0000000000000000     
   300.00520000000000        1.3374234000000000E-002   9.9738396615701177        73.538104773913744        3.0000000000000000     
   340.00520999999998        1.2123307000000000E-002   9.2908796221024925        73.407424902659585        3.5000000000000000     
   140.00521000000001        1.0659139000000000E-002   12.063634121339266        73.230645563005794        1.5000000000000000     
   560.00521000000003        1.1138296000000001E-002   9.5294690753403692        72.624873926647680        3.5000000000000000     
   120.00521000000001        1.3453939000000000E-002   11.883075833009196        72.344040653262908        1.0000000000000000     
   98.005207999999996        1.3640798000000001E-002   10.554969000101654        72.256769944860011       0.50000000000000000     
   340.00520999999998        1.1769955000000000E-002   9.3261926707831151        71.363789913595809        3.0000000000000000     
   320.00473000000000        1.3540932000000000E-002   10.309943101571001        71.266251436765415        1.5000000000000000     
   6450.0051999999996        1.1575929000000000E-002   12.631332529160677        71.027049087838876        3.5000000000000000     
   640.00496999999996        1.1551605000000000E-002   12.622817959715265        70.864903451804352        2.0000000000000000     
   1200.0052000000001        1.0384011000000000E-002   10.532280199359395        70.754559636318518        3.0000000000000000     
   560.00469999999996        1.2353470000000000E-002   12.644007998528052        70.692581647204278        2.0000000000000000     
   300.00520999999998        1.3145199000000000E-002   12.225901508941281        70.357882017478332        1.0000000000000000     
   96.005207999999996        1.3641443000000000E-002   10.659362161144916        70.259234804500991       0.50000000000000000     
   440.00473000000000        1.3459815999999999E-002   11.821525013932780        70.149154748247895        1.5000000000000000     
   100.00521000000001        1.3640274000000001E-002   10.660852913277060        70.137991850405314       0.50000000000000000     
   1650.0052000000001        1.1060624999999999E-002   12.385777534225225        70.070118808511637        3.0000000000000000     
   580.00521000000003        1.2855742999999999E-002   12.432741000434291        69.626070804913581        3.0000000000000000     
   320.00405999999998        1.3314942000000000E-002   9.9787104434975866        69.302621946505042       0.50000000000000000     
   640.00521000000003        1.2077338999999999E-002   12.661357230209960        69.152227133412254        2.5000000000000000     
   520.00521000000003        1.0952543000000000E-002   9.7108697587060089        68.975573794350311        3.0000000000000000     
   300.00472000000002        1.3430885000000000E-002   10.159623653988344        68.841609213962499        1.5000000000000000     
   300.00409000000002        1.2223853000000000E-002   9.3663100422429384        67.976324166908853        1.0000000000000000     
   280.00470000000001        1.2774676000000000E-002   9.5489899176244588        67.638828292638138        2.0000000000000000     
   620.00473999999997        1.1612786999999999E-002   12.594926024673629        67.343071582867680        2.0000000000000000     
   560.00519999999995        1.2951611999999999E-002   12.334788527883832        67.180645134242084        3.0000000000000000     
   540.00409000000002        1.1989369000000000E-002   12.634833332558554        66.819824093978653        1.0000000000000000     
   280.00520999999998        1.2803962000000000E-002   9.5767877887013029        66.797196703118473        2.5000000000000000     
   580.00521000000003        1.0558507000000000E-002   10.231392010630284        66.716509943760968        2.5000000000000000     
   700.00519999999995        1.0388598000000001E-002   10.736184574845970        66.655377831777557        2.5000000000000000     
   96.005206999999999        1.2904891000000000E-002   9.6418063350527561        66.587943494460944        2.0000000000000000     
   6550.0051999999996        1.0929054000000001E-002   12.230056055057192        66.499081158859070        3.0000000000000000     
   340.00520999999998        1.1629847000000000E-002   9.4198001381398697        65.851119483423176        2.5000000000000000     
   320.00520000000000        1.3262825000000001E-002   9.9863332627806045        65.556182117997849        3.5000000000000000     
   100.00521000000001        1.2898173000000001E-002   9.6533463979692442        65.504766212606881        2.0000000000000000     
   360.00520999999998        1.2054723000000000E-002   9.3872237225238173        65.101046263824600        3.5000000000000000     
   440.00472000000002        1.3330076999999999E-002   11.912845683106244        65.059803291087661        1.5000000000000000     
   10400.004999999999        1.0460393000000000E-002   10.543850412489309        64.461556854907442        3.0000000000000000     
   460.00405999999998        1.3279895000000000E-002   11.964457131450070        64.207720611844977       0.50000000000000000     
   360.00520999999998        1.1697313000000001E-002   9.4288533989517305        64.003024825411302        3.0000000000000000     
   300.00520999999998        1.3329092000000001E-002   10.109498924701477        63.986944379729508        3.0000000000000000     
   340.00473000000000        1.3527714000000000E-002   10.561961978350398        63.144687160184134        1.5000000000000000     
   420.00473000000000        1.3473644000000000E-002   11.569180480949239        62.389828967361623        1.5000000000000000     
   320.00520000000000        1.3345236999999999E-002   10.173624501084969        62.313978061400277        3.0000000000000000     
   300.00474000000003        1.2296932999999999E-002   9.4557275170090751        61.823666039868321        2.0000000000000000     
   540.00521000000003        1.1257840999999999E-002   9.6136374053816116        61.820029889667211        3.5000000000000000     
   560.00521000000003        1.2894505000000001E-002   12.293053727965066        61.803178225666699        3.0000000000000000     
   2600.0052000000001        1.0933600999999999E-002   12.152215694274318        61.620196280599558        3.0000000000000000     
   1100.0052000000001        1.1160926999999999E-002   12.322034669683596        61.295478766447872        3.0000000000000000     
   300.00405999999998        1.2891886999999999E-002   9.7164530631921853        61.073878771218958       0.50000000000000000     
   500.00520999999998        1.1067629000000001E-002   9.7494066424028674        60.832485625456158        3.0000000000000000     
   160.00521000000001        1.3220002000000000E-002   10.028020809095521        60.828711865007904        1.0000000000000000     
   300.00432000000001        1.2147819000000001E-002   9.4609398462311791        59.763913604773549        1.0000000000000000     
   620.00521000000003        1.2127888999999999E-002   12.538419149743484        59.577225172766674        2.5000000000000000     
   540.00519999999995        1.2988293999999999E-002   12.176588150004788        59.027117831471401        3.0000000000000000     
   320.00472000000002        1.3416890000000001E-002   10.409411381711847        58.909306979698812        1.5000000000000000     
   320.00520000000000        1.1976466000000000E-002   9.4658405208509162        58.854977162571906        2.5000000000000000     
   280.00520999999998        1.3156124000000000E-002   12.003824521897403        58.607160290992368        1.0000000000000000     
   2700.0052000000001        1.1546668000000000E-002   12.461954567063259        58.570525126688025        3.5000000000000000     
   480.00520000000000        1.2796616000000000E-002   12.306616234510869        58.546075423150263       0.50000000000000000     
   620.00496999999996        1.1606849000000001E-002   12.475907726441601        58.321781716548230        2.0000000000000000     
   360.00473000000000        1.3514376999999999E-002   10.811833204868222        58.218613893328232        1.5000000000000000     
   380.00520999999998        1.1621256000000000E-002   9.5218885279032008        58.206512090380116        3.0000000000000000     
   380.00520999999998        1.1983189999999999E-002   9.4746742942712725        58.172525383312113        3.5000000000000000     
   400.00473000000000        1.3487344000000000E-002   11.316658922654430        57.811628910341327        1.5000000000000000     
   480.00405999999998        1.2834818000000000E-002   12.264582749999066        57.402265306791293       0.50000000000000000     
   6600.0051999999996        1.0485217999999999E-002   10.991030633273082        57.366126824806052        3.0000000000000000     
   300.00520000000000        1.2854902000000000E-002   9.7589386845465196        56.777265233565551       0.50000000000000000     
   340.00405999999998        1.3310008000000000E-002   10.259567167820920        56.609045234990290       0.50000000000000000     
   2650.0052000000001        1.0496205000000000E-002   10.959763334731338        56.575462636605167        3.0000000000000000     
   380.00473000000000        1.3500921000000001E-002   11.063768011363544        56.420758030307084        1.5000000000000000     
   360.00520999999998        1.1564058000000000E-002   9.5639978377395476        56.303689638179108        2.5000000000000000     
   560.00521000000003        1.0683397000000001E-002   10.283191958673886        56.181432499671743        2.5000000000000000     
   420.00472000000002        1.3344895000000001E-002   11.661990616717068        56.174355399287265        1.5000000000000000     
   90.005206999999999        1.1929438000000001E-002   9.5081074560495509        55.768057311454577        1.0000000000000000     
   320.00497000000001        1.2257438000000001E-002   9.5305018935385473        55.642473693259667        2.0000000000000000     
   540.00469999999996        1.2387660999999999E-002   12.439189168884123        55.538661515467282        2.0000000000000000     
   480.00520999999998        1.1174643000000000E-002   9.7612973224392618        55.389962238369108        3.0000000000000000     
   340.00520000000000        1.3226810000000000E-002   10.163993152573923        55.099257006409843        3.5000000000000000     
   600.00473999999997        1.1665864999999999E-002   12.441220213087066        54.719046114342447        2.0000000000000000     
   540.00521000000003        1.2932335000000000E-002   12.148107158915296        54.684965130293833        3.0000000000000000     
   320.00520999999998        1.3299349000000000E-002   10.296476168698149        54.581341889014780        3.0000000000000000     
   1150.0052000000001        1.1008258000000000E-002   12.092305636113974        54.417095284637483        3.0000000000000000     
   520.00521000000003        1.1368812000000001E-002   9.6686336265786750        54.273366973103137        3.5000000000000000     
   680.00519999999995        1.0530962000000000E-002   10.890876724747550        54.249516083148670        2.5000000000000000     
   400.00520999999998        1.1541434999999999E-002   9.6027336954456626        54.065873437690328        3.0000000000000000     
   340.00520000000000        1.3315733999999999E-002   10.371577935100575        53.151758152611265        3.0000000000000000     
   440.00405999999998        1.3284977000000000E-002   11.677684790005955        52.760565871785502       0.50000000000000000     
   400.00520999999998        1.1908435000000000E-002   9.5507881648839437        52.714975752444225        3.5000000000000000     
   7100.0051999999996        1.0598586000000000E-002   11.371703359703767        52.553117053028714        3.0000000000000000     
   520.00432000000001        1.1923889000000000E-002   12.444952261323300        52.341996497327933        1.0000000000000000     
   300.00520999999998        1.2771095000000000E-002   9.7766181865407500        52.281263649122423        2.5000000000000000     
   460.00520999999998        1.1274706000000001E-002   9.7500179852942814        52.212660088433282        3.0000000000000000     
   340.00472000000002        1.3402760999999999E-002   10.660111704204258        52.081564317888926        1.5000000000000000     
   520.00519999999995        1.3024143000000000E-002   12.013389442556317        51.895676728029514        3.0000000000000000     
   420.00520999999998        1.1457426999999999E-002   9.6687263103144634        51.666876480830062        3.0000000000000000     
   300.00470000000001        1.2748025000000000E-002   9.7770586452458961        51.378173537282265        2.0000000000000000     
   5300.0051999999996        1.0634087000000000E-002   11.433358028579425        51.337939829260399        3.0000000000000000     
   440.00520999999998        1.1368722000000000E-002   9.7184018275369137        51.025144003227723        3.0000000000000000     
   400.00472000000002        1.3359568000000000E-002   11.410870030502862        50.430985423716635        1.5000000000000000     
   600.00521000000003        1.2176805000000001E-002   12.406953019416568        50.269418736389710        2.5000000000000000     
   120.00521000000001        1.1885379999999999E-002   12.412080996097638        50.177760629471358        1.0000000000000000     
   500.00520999999998        1.1472415999999999E-002   9.6980597973839089        49.334828294770546        3.5000000000000000     
   260.00520999999998        1.3166971000000000E-002   11.778090358431964        49.181149287193108        1.0000000000000000     
   420.00520999999998        1.1830129999999999E-002   9.6131251352593843        48.806941287119550        3.5000000000000000     
   740.00519999999995        1.2269258999999999E-002   12.368373930031821        48.623689233287095        3.5000000000000000     
   380.00520999999998        1.1495424000000001E-002   9.7009420255323509        48.553713084358854        2.5000000000000000     
   720.00519999999995        1.2333576000000001E-002   12.352152646964784        48.489741990094259        3.5000000000000000     
   360.00472000000002        1.3388499000000000E-002   10.908691122970753        48.406672029601594        1.5000000000000000     
   520.00521000000003        1.2969283999999999E-002   11.998310627240095        48.403389972072773        3.0000000000000000     
   540.00521000000003        1.0798469999999999E-002   10.302271881784771        48.262473157005793        2.5000000000000000     
   1200.0052000000001        1.0625449000000000E-002   11.186996011323295        48.108951356743681        3.0000000000000000     
   760.00519999999995        1.2202159000000001E-002   12.369735937928073        47.926118677078001        3.5000000000000000     
   360.00405999999998        1.3305050000000001E-002   10.539393587037535        47.882846247249937       0.50000000000000000     
   380.00472000000002        1.3374102000000001E-002   11.159318254093629        47.838467678316889        1.5000000000000000     
   1700.0052000000001        1.0651693000000000E-002   11.297616792178577        47.662690261138621        3.0000000000000000     
   700.00519999999995        1.2395336999999999E-002   12.321943222647253        47.595629582198491        3.5000000000000000     
   320.00409000000002        1.2205713999999999E-002   9.6369634284303718        47.504672300039580        1.0000000000000000     
   340.00520999999998        1.3269078000000000E-002   10.480976305872000        46.998615962356155        3.0000000000000000     
   480.00520999999998        1.1569625000000000E-002   9.7049127282626753        46.561841035332186        3.5000000000000000     
   440.00520999999998        1.1747881999999999E-002   9.6605365130637164        46.443146712519983        3.5000000000000000     
   360.00520000000000        1.3190029000000001E-002   10.335557571798127        46.441320490736054        3.5000000000000000     
   600.00496999999996        1.1660088000000001E-002   12.319720099364970        46.430031558598010        2.0000000000000000     
   520.00409000000002        1.2010485000000000E-002   12.362222966156235        46.394032236283131        1.0000000000000000     
   780.00519999999995        1.2132017000000000E-002   12.355310204379357        46.357354613037799        3.5000000000000000     
   360.00520000000000        1.3285711000000000E-002   10.564801700634886        46.061260329151374        3.0000000000000000     
   680.00519999999995        1.2454745000000000E-002   12.278569020229247        46.038292906100693        3.5000000000000000     
   500.00520000000000        1.3059204000000000E-002   11.845584687771314        45.923165329601716        3.0000000000000000     
   340.00520000000000        1.1923281000000001E-002   9.6485969940952394        45.804395879977839        2.5000000000000000     
   460.00520999999998        1.1661229000000000E-002   9.6917048741448255        45.660047039128287        3.5000000000000000     
   420.00405999999998        1.3290032000000000E-002   11.391923264831549        45.444662151101191       0.50000000000000000     
   320.00474000000003        1.2261904000000001E-002   9.6789332826522099        45.345273208854628        2.0000000000000000     
   320.00405999999998        1.2885687999999999E-002   9.9948950328031785        44.866980948843789       0.50000000000000000     
   660.00519999999995        1.0660484000000000E-002   11.000003051107548        44.857580123028328        2.5000000000000000     
   6350.0051999999996        1.1398062000000000E-002   12.186059850461429        44.226682527573757        3.5000000000000000     
   2800.0052000000001        1.0789941000000001E-002   10.451017491302386        44.140616083370460        3.5000000000000000     
   660.00519999999995        1.2511978999999999E-002   12.222813233356709        43.934866719856174        3.5000000000000000     
   800.00519999999995        1.2058536999999999E-002   12.324097808273365        43.916538354149495        3.5000000000000000     
   1150.0052000000001        1.0823240000000000E-002   11.583418897136559        43.128544173904167        3.0000000000000000     
   500.00520999999998        1.3005400000000000E-002   11.844044946486486        43.081026538230844        3.0000000000000000     
   380.00405999999998        1.3300068000000000E-002   10.822228807848001        43.044487145905741       0.50000000000000000     
   580.00473999999997        1.1717099999999999E-002   12.278998383303543        42.896730744622978        2.0000000000000000     
   400.00520999999998        1.1423680000000000E-002   9.8283642752965772        42.621874741803254        2.5000000000000000     
   7750.0051999999996        1.1379169999999999E-002   12.145705524468049        42.451775451260282        3.5000000000000000     
   520.00521000000003        1.0905229000000001E-002   10.293400744596907        42.445152396298298        2.5000000000000000     
   520.00469999999996        1.2421088000000000E-002   12.230772684064878        42.302911684959433        2.0000000000000000     
   240.00521000000001        1.3177740000000000E-002   11.549443777202907        42.224000824769249        1.0000000000000000     
   400.00405999999998        1.3295062000000000E-002   11.106849397573070        42.215061550100664       0.50000000000000000     
   460.00520000000000        1.2803246000000001E-002   12.019353236717546        42.107128983849165       0.50000000000000000     
   460.00405999999998        1.2841307000000000E-002   11.977252996441178        41.570522365032076       0.50000000000000000     
   580.00521000000003        1.2224198000000000E-002   12.267652644918325        41.430198150534352        2.5000000000000000     
   640.00519999999995        1.2567198000000000E-002   12.155423821655750        41.417943883042284        3.5000000000000000     
   480.00520000000000        1.3093519000000000E-002   11.673531014296330        41.235696936911957        3.0000000000000000     
   360.00520999999998        1.3238263000000000E-002   10.660423615174894        41.215186308297866        3.0000000000000000     
   320.00520000000000        1.2848572000000001E-002   10.037326245231371        41.170380151663167       0.50000000000000000     
   380.00520000000000        1.3255151999999999E-002   10.757297381968764        40.857779543598937        3.0000000000000000     
   320.00432000000001        1.2128836000000000E-002   9.7307999806456298        40.686683921403606        1.0000000000000000     
   820.00519999999995        1.1981377000000000E-002   12.275012121681520        40.650066953325350        3.5000000000000000     
   120.00521000000001        1.0730694000000001E-002   11.076646631654555        40.425312725160886        1.5000000000000000     
   340.00497000000001        1.2221566000000000E-002   9.7547132530648835        39.995763267823264        2.0000000000000000     
   8850.0051999999996        1.0838326000000001E-002   10.502264547819957        39.930678085785530        3.5000000000000000     
   92.005206999999999        1.1926048999999999E-002   9.7397528413351075        39.842290106687742        1.0000000000000000     
   180.00521000000001        1.3209571999999999E-002   10.642095027508100        39.779011565527576        1.0000000000000000     
   320.00520999999998        1.2737557000000000E-002   9.9778221532059490        39.720946876783586        2.5000000000000000     
   380.00520000000000        1.3152453000000000E-002   10.504871796239030        39.332497879153649        3.5000000000000000     
   480.00520999999998        1.3040726000000001E-002   11.685654195682027        38.830808096125082        3.0000000000000000     
   620.00519999999995        1.2620548000000001E-002   12.077117843003364        38.631566322498699        3.5000000000000000     
   420.00520999999998        1.1348511000000000E-002   9.9438744363545997        38.495977787729423        2.5000000000000000     
   500.00520999999998        1.1004853000000000E-002   10.260452046691203        38.431219014686626        2.5000000000000000     
   6550.0051999999996        1.0827333000000000E-002   10.597825200291327        38.422313176691674        3.5000000000000000     
   460.00520000000000        1.3127124000000000E-002   11.497538197116208        37.948820644367316        3.0000000000000000     
   6850.0051999999996        1.0823785000000001E-002   10.638019895339180        37.862784709741241        3.5000000000000000     
   220.00521000000001        1.3188431000000000E-002   11.313667346752203        37.768887865156202        1.0000000000000000     
   320.00470000000001        1.2720919000000001E-002   10.008528571831640        37.568494859943442        2.0000000000000000     
   400.00520000000000        1.3224039999999999E-002   10.947729417442034        37.525155275467228        3.0000000000000000     
   640.00519999999995        1.0779370999999999E-002   11.070221186006716        37.371656143402369        2.5000000000000000     
   380.00520999999998        1.3206887000000000E-002   10.838984192692703        37.062559844789689        3.0000000000000000     
   840.00519999999995        1.1900140999999999E-002   12.206855703966385        36.661811679347871        3.5000000000000000     
   120.00521000000001        1.2866549000000000E-002   11.835204348715722        36.211837266614495        2.0000000000000000     
   440.00520000000000        1.3160056999999999E-002   11.317846167343534        36.168962358131779        3.0000000000000000     
   440.00520999999998        1.1269533999999999E-002   10.046363333591339        36.075086713271773        2.5000000000000000     
   480.00520999999998        1.1098288000000000E-002   10.206613636319362        36.063661883486169        2.5000000000000000     
   420.00520000000000        1.3192351999999999E-002   11.134588358065056        35.995434733032504        3.0000000000000000     
   200.00521000000001        1.3199044000000000E-002   11.029956023863420        35.965098747850192        1.0000000000000000     
   460.00520999999998        1.3075303999999999E-002   11.523433541516329        35.756535376378025        3.0000000000000000     
   600.00519999999995        1.2672159000000001E-002   11.988583910866479        35.727396595151284        3.5000000000000000     
   580.00496999999996        1.1711472000000001E-002   12.155135520620657        35.439661055581198        2.0000000000000000     
   460.00520999999998        1.1186303999999999E-002   10.134525580665308        35.278679051689544        2.5000000000000000     
   360.00520000000000        1.1868274000000000E-002   9.8232113122542692        35.054582857195129        2.5000000000000000     
   400.00520999999998        1.3174932000000000E-002   11.015415583949972        34.517572864810198        3.0000000000000000     
   500.00432000000001        1.1945773000000000E-002   12.173753586156247        34.515950190840904        1.0000000000000000     
   440.00520999999998        1.3109173999999999E-002   11.357606253747463        33.953731333560576        3.0000000000000000     
   400.00520000000000        1.3114048000000000E-002   10.670442594637134        33.742777230063197        3.5000000000000000     
   3400.0052000000001        1.1324479000000000E-002   11.943340148907723        33.655481362927489        3.5000000000000000     
   420.00520999999998        1.3142371999999999E-002   11.188286162259532        33.511638254018081        3.0000000000000000     
   560.00521000000003        1.2270166000000001E-002   12.121171139357369        33.250358937734845        2.5000000000000000     
   580.00519999999995        1.2722147000000000E-002   11.890483146517326        32.861413163913760        3.5000000000000000     
   11600.004999999999        1.0945050000000000E-002   10.552276039642308        32.834407435843147        3.5000000000000000     
   340.00405999999998        1.2879453000000001E-002   10.275326581239446        32.464729162343239       0.50000000000000000     
   860.00519999999995        1.1814366000000000E-002   12.118290626475858        32.125846792270622        3.5000000000000000     
   560.00473999999997        1.1766624999999999E-002   12.109072338838612        32.112632737390122        2.0000000000000000     
   340.00474000000003        1.2226083000000000E-002   9.9004886882353116        31.500965353530081        2.0000000000000000     
   620.00519999999995        1.0889304000000001E-002   11.106819032977233        31.126399305278941        2.5000000000000000     
   500.00470000000001        1.2453791000000001E-002   12.019123796372837        31.113489086639145        2.0000000000000000     
   340.00409000000002        1.2187341000000001E-002   9.9088573861627438        30.642220507585499        1.0000000000000000     
   560.00519999999995        1.2770620000000000E-002   11.783450436902589        30.191244579861049        3.5000000000000000     
   440.00405999999998        1.2847756000000000E-002   11.691055625182530        29.906203367784258       0.50000000000000000     
   440.00520000000000        1.2809833000000000E-002   11.733214779006442        29.835835428897845       0.50000000000000000     
   500.00409000000002        1.2031274000000000E-002   12.089434001206529        29.696111768472694        1.0000000000000000     
   420.00520000000000        1.3074773000000000E-002   10.830651475441419        29.595399545172516        3.5000000000000000     
   340.00520000000000        1.2842206000000000E-002   10.317723393084293        29.370308418619825       0.50000000000000000     
   340.00520999999998        1.2703323000000001E-002   10.176711642092847        29.311674184670551        2.5000000000000000     
   6800.0051999999996        1.1243361000000000E-002   11.770698153361446        29.161955778478831        3.5000000000000000     
   3450.0052000000001        1.0931321000000001E-002   10.882426767746670        28.897458181849945        3.5000000000000000     
   540.00519999999995        1.2817675000000001E-002   11.668093904195528        27.873547273152614        3.5000000000000000     
   6500.0051999999996        1.1244703000000000E-002   11.726420870344443        27.454021304435543        3.5000000000000000     
   880.00519999999995        1.1723503000000000E-002   12.007797760294629        27.302672256439084        3.5000000000000000     
   360.00497000000001        1.2184863000000001E-002   9.9738835717891980        27.177230584010424        2.0000000000000000     
   440.00520000000000        1.3034576000000001E-002   10.985353406349626        26.764051913841840        3.5000000000000000     
   8800.0051999999996        1.1293731000000000E-002   11.751824215883925        26.601389007683146        3.5000000000000000     
   340.00470000000001        1.2693344000000001E-002   10.239427982297901        26.479892587400403        2.0000000000000000     
   94.005206999999999        1.1922647999999999E-002   9.9740088753501634        26.466027217372350        1.0000000000000000     
   380.00520000000000        1.1811321000000000E-002   9.9929839014785049        26.242028982478111        2.5000000000000000     
   520.00519999999995        1.2863401999999999E-002   11.544992143714031        26.061986978154888        3.5000000000000000     
   540.00521000000003        1.2314801000000000E-002   11.968121106988626        25.908953111808518        2.5000000000000000     
   600.00519999999995        1.0991590000000001E-002   11.114100939443238        25.747745086786864        2.5000000000000000     
   560.00496999999996        1.1761133999999999E-002   11.982967112486387        25.582032106821423        2.0000000000000000     
   1000.0051999999999        1.1022318999999999E-002   10.757637921681910        25.364989032780354        3.5000000000000000     
   340.00432000000001        1.2109597999999999E-002   10.001930415999302        25.203864675770941        1.0000000000000000     
   460.00520000000000        1.2993403000000001E-002   11.134456575917472        25.123203513437545        3.5000000000000000     
   7800.0051999999996        1.1009899000000000E-002   11.146995120438767        25.047690112969391        3.5000000000000000     
   500.00520000000000        1.2907883000000000E-002   11.414690599205603        24.905496781953488        3.5000000000000000     
   98.005206999999999        1.1915930000000000E-002   10.008264109322242        24.765195320093024        1.0000000000000000     
   480.00520000000000        1.2951193999999999E-002   11.277694655893804        24.547109774065461        3.5000000000000000     
   6400.0051999999996        1.1024493999999999E-002   11.170907578130098        24.520535087681790        3.5000000000000000     
   360.00405999999998        1.2873183000000000E-002   10.554720675003162        24.018056534294129       0.50000000000000000     
   2750.0052000000001        1.1212265000000001E-002   11.571564989892074        23.680324737773560        3.5000000000000000     
   540.00473999999997        1.1814559000000001E-002   11.932191663987211        22.584240968200806        2.0000000000000000     
   900.00519999999995        1.1626898000000000E-002   11.873623382796216        22.560572541496878        3.5000000000000000     
   420.00405999999998        1.2854167000000000E-002   11.405829169858810        22.357465273787142       0.50000000000000000     
   480.00470000000001        1.2485807999999999E-002   11.804568452127244        22.083494991366955        2.0000000000000000     
   420.00520000000000        1.2816381000000000E-002   11.448040571008349        21.680457953031432       0.50000000000000000     
   360.00520000000000        1.2835803000000000E-002   10.597074198640300        21.522897166663249       0.50000000000000000     
   360.00520999999998        1.2668366000000000E-002   10.370571001237485        21.072349630047967        2.5000000000000000     
   580.00519999999995        1.1087267000000000E-002   11.095644103014733        21.055734138717231        2.5000000000000000     
   480.00432000000001        1.1967312000000001E-002   11.902365101434732        20.383281435459470        1.0000000000000000     
   360.00474000000003        1.2189438000000000E-002   10.117574488809032        20.364037931286919        2.0000000000000000     
   520.00521000000003        1.2358187000000000E-002   11.809073170924385        19.572432746305356        2.5000000000000000     
   380.00405999999998        1.2866878999999999E-002   10.837106320069042        19.450339719489673       0.50000000000000000     
   10100.004999999999        1.1363771000000000E-002   11.608973143601135        19.390890986697165        3.5000000000000000     
   400.00520000000000        1.1752277000000000E-002   10.155842355372529        19.349219889382667        2.5000000000000000     
   400.00405999999998        1.2860540000000000E-002   11.121255488179200        18.880800549751839       0.50000000000000000     
   920.00519999999995        1.1523759000000000E-002   11.713705054921713        18.404509794510702        3.5000000000000000     
   360.00470000000001        1.2665286000000000E-002   10.466794916481556        18.172828419379790        2.0000000000000000     
   400.00520000000000        1.2822890999999999E-002   11.163514051056849        17.597161904741927       0.50000000000000000     
   380.00520000000000        1.2829365000000001E-002   10.879411312242992        17.559699228987576       0.50000000000000000     
   360.00409000000002        1.2168729000000000E-002   10.179128675337001        17.557479711292373        1.0000000000000000     
   980.00519999999995        1.1164156999999999E-002   11.051830572179529        17.532999101983343        3.5000000000000000     
   540.00496999999996        1.1809194000000000E-002   11.803963164939242        17.069092069790596        2.0000000000000000     
   560.00519999999995        1.1177176000000000E-002   11.054470840665369        17.000161039431788        2.5000000000000000     
   380.00497000000001        1.2147296000000000E-002   10.192088357977386        16.860432864381188        2.0000000000000000     
   480.00409000000002        1.2051750000000000E-002   11.816592392759285        16.737529466869077        1.0000000000000000     
   96.005206999999999        1.1919236999999999E-002   10.198062141071809        16.240674322872060        1.0000000000000000     
   100.00521000000001        1.1913206000000001E-002   10.208416050406210        15.853458234920600        1.0000000000000000     
   940.00519999999995        1.1413115999999999E-002   11.525571803875554        15.516463991376202        3.5000000000000000     
   460.00470000000001        1.2517171000000001E-002   11.587380091028999        15.312030445237198        2.0000000000000000     
   960.00519999999995        1.1293760000000000E-002   11.306203759564008        14.813392559426900        3.5000000000000000     
   380.00520999999998        1.2632658000000000E-002   10.563388476748150        14.772144543543423        2.5000000000000000     
   520.00473999999997        1.1861009000000000E-002   11.749044992268542        14.509672069462313        2.0000000000000000     
   500.00520999999998        1.2400400000000001E-002   11.644554086774635        14.394253162414156        2.5000000000000000     
   420.00520000000000        1.1690973000000000E-002   10.309663785867464        14.301544147351883        2.5000000000000000     
   540.00519999999995        1.1262006000000000E-002   10.993169290877910        13.617045753475095        2.5000000000000000     
   360.00432000000001        1.2090101000000001E-002   10.271381936828526        13.475061419233299        1.0000000000000000     
   380.00470000000001        1.2636733000000001E-002   10.694576038132865        12.467818186888405        2.0000000000000000     
   380.00474000000003        1.2151933000000000E-002   10.334004850103709        11.665829103046528        2.0000000000000000     
   520.00519999999995        1.1342329999999999E-002   10.913979459508392        10.998234597979804        2.5000000000000000     
   440.00520000000000        1.1627204000000000E-002   10.453753530832209        10.934051520585200        2.5000000000000000     
   440.00470000000001        1.2547915999999999E-002   11.367759218627580        10.886469926972014        2.0000000000000000     
   480.00520999999998        1.2441511000000001E-002   11.475039717897008        10.514867495604692        2.5000000000000000     
   400.00520999999998        1.2596169000000001E-002   10.753773902854615        10.401119590670433        2.5000000000000000     
   520.00496999999996        1.1855762000000001E-002   11.618810642632543        10.093280042958375        2.0000000000000000     
   460.00432000000001        1.1988522000000000E-002   11.630883250038693        9.9536351952077098        1.0000000000000000     
   400.00470000000001        1.2607668000000001E-002   10.921408021058211        9.3859278962628121        2.0000000000000000     
   500.00520000000000        1.1418630000000001E-002   10.818851947907874        9.2701427443891387        2.5000000000000000     
   460.00520000000000        1.1560740000000000E-002   10.587370332193450        9.0803148757131460        2.5000000000000000     
   400.00497000000001        1.2108825000000000E-002   10.407937235603125        9.0595296940441639        2.0000000000000000     
   420.00470000000001        1.2578071999999999E-002   11.145796128771464        8.8855941149700044        2.0000000000000000     
   480.00520000000000        1.1491316999999999E-002   10.709489536394116        8.5788683627968556        2.5000000000000000     
   380.00409000000002        1.2149877000000000E-002   10.451696560089903        8.0774942380376586        1.0000000000000000     
   500.00474000000003        1.1906076000000000E-002   11.560259952139660        8.0678230709639429        2.0000000000000000     
   460.00520999999998        1.2481585000000000E-002   11.300943202978317        8.0622733165634770        2.5000000000000000     
   420.00520999999998        1.2558860000000000E-002   10.940196057647322        7.8975256698573801        2.5000000000000000     
   460.00409000000002        1.2071926000000000E-002   11.543784071404177        7.5218614309425789        1.0000000000000000     
   440.00520999999998        1.2520682000000000E-002   11.122592951967608        7.1534697561462224        2.5000000000000000     
   400.00474000000003        1.2113530000000001E-002   10.548249196056950        5.4241961083095047        2.0000000000000000     
   380.00432000000001        1.2070341000000000E-002   10.543067757984154        5.3433731025568640        1.0000000000000000     
   500.00497000000001        1.1900937000000000E-002   11.428132776508948        4.8277786830845688        2.0000000000000000     
   420.00497000000001        1.2069402000000000E-002   10.619945306362810        3.7314550924580252        2.0000000000000000     
   480.00474000000003        1.1949847000000000E-002   11.366398922128946        3.4190872418107774        2.0000000000000000     
   440.00432000000001        1.2009417000000000E-002   11.359340596851750        3.2303585147751916        1.0000000000000000     
   400.00409000000002        1.2130779000000000E-002   10.725199930582727        2.3154555901584195        1.0000000000000000     
   440.00409000000002        1.2091815000000001E-002   11.271030592818937        2.0471893676374240        1.0000000000000000     
   420.00474000000003        1.2074181000000000E-002   10.758713309398722        1.5930521591318350        2.0000000000000000     
   480.00497000000001        1.1944809000000001E-002   11.232485538490725        1.4273892657854992        2.0000000000000000     
   400.00432000000001        1.2050313999999999E-002   10.815630810091466       0.91308739745976109        1.0000000000000000     
   440.00497000000001        1.2028969000000000E-002   10.828088006224316       0.75982339316402359        2.0000000000000000     
   460.00474000000003        1.1992406000000001E-002   11.167948820900429       0.70661186100324658        2.0000000000000000     
   420.00409000000002        1.2111429000000000E-002   10.998252106223497       0.31048694502233126        1.0000000000000000     
   420.00432000000001        1.2030010000000001E-002   11.087668522806361       0.21465924518744439        1.0000000000000000     
   440.00474000000003        1.2033828000000000E-002   10.965300546795616        5.8709641465406637E-002   2.0000000000000000     
