  #time	ai	proti	chi2	massp                                                                                                                                                                              
   1450.0052000000001        1.2084572999999999E-002   14.995696214385662        99.748896352671323        3.0000000000000000     
   160.00521000000001        1.3434931000000001E-002   14.386438297589709        99.530954363222349        1.0000000000000000     
   600.00519999999995        1.3612411000000000E-002   14.174083179518512        99.458515890602428        1.5000000000000000     
   10100.004999999999        1.0019424000000001E-002   12.843199751951900        98.681695175543780        2.0000000000000000     
   440.00520999999998        1.3109173999999999E-002   11.357606253747463        98.193104044331790        3.0000000000000000     
   4900.0051999999996        1.0100303999999999E-002   13.561636708264510        98.107021435491689        2.0000000000000000     
   860.00469999999996        1.1711133000000000E-002   14.951921975362440        97.336085806523400        2.0000000000000000     
   140.00521000000001        1.3630659999999999E-002   14.110516433681658        97.307472066750591       0.50000000000000000     
   220.00521000000001        1.0334027000000001E-002   14.051311011279699        97.018024661403160        1.5000000000000000     
   460.00497000000001        1.1987461000000000E-002   11.032345673089718        96.795516533828348        2.0000000000000000     
   480.00520000000000        1.2951193999999999E-002   11.277694655893804        96.777642032047467        3.5000000000000000     
   680.00521000000003        1.3442641999999999E-002   14.333148018983410        96.462490821702175        2.5000000000000000     
   6900.0051999999996        1.1217751000000000E-002   14.789727837251617        95.375979122255941        2.5000000000000000     
   440.00520999999998        1.2520682000000000E-002   11.122592951967608        94.894171944508713        2.5000000000000000     
   11800.004999999999        1.0397741000000000E-002   14.107158908159409        94.825871104339882        2.0000000000000000     
   7250.0051999999996        1.1226264999999999E-002   14.786017699242382        94.713125185349696        2.5000000000000000     
   420.00470000000001        1.2578071999999999E-002   11.145796128771464        94.305978692097796        2.0000000000000000     
   3350.0052000000001        1.1228781000000000E-002   14.776478465953218        93.766360548870679        2.5000000000000000     
   680.00522000000001        1.3454117000000000E-002   14.271423939124530        93.274378533080991        2.5000000000000000     
   960.00496999999996        1.0131882000000000E-002   12.519119424430981        93.027778982868256        2.0000000000000000     
   6150.0051999999996        1.2380479000000000E-002   14.888909622863460        92.818593344180258        3.5000000000000000     
   2500.0052000000001        1.2462613000000001E-002   14.869422903561377        92.718817169754004        3.5000000000000000     
   6900.0051999999996        1.1855708000000000E-002   14.918084172171355        92.496674105151413        3.0000000000000000     
   440.00520000000000        1.3713698999999999E-002   12.135203428832169        92.115937454852400        1.5000000000000000     
   460.00520999999998        1.3688840000000001E-002   12.099682850017521        91.568790902499160        2.5000000000000000     
   420.00432000000001        1.2030010000000001E-002   11.087668522806361        91.447804245591769        1.0000000000000000     
   5100.0051999999996        1.1862213000000000E-002   14.901950137610115        90.909986911900091        3.0000000000000000     
   960.00473999999997        1.0146492000000000E-002   12.593053178895675        90.027444747778503        2.0000000000000000     
   9900.0051999999996        1.2556332000000000E-002   14.813802887607403        89.984653172709713        3.5000000000000000     
   420.00472000000002        1.3344895000000001E-002   11.661990616717068        89.975292720234037        1.5000000000000000     
   460.00522000000001        1.3698936000000000E-002   12.156059391903115        89.965485167425697        2.5000000000000000     
   8600.0051999999996        1.2384848000000000E-002   14.845096874522980        88.812259137575325        3.5000000000000000     
   160.00521000000001        1.1839383000000000E-002   14.877750494950993        88.793615954992745        1.0000000000000000     
   640.00473000000000        1.3313139000000000E-002   14.348277674355177        88.554668835751528        1.5000000000000000     
   840.00469999999996        1.1764195999999999E-002   14.863423086672237        88.198725642111285        2.0000000000000000     
   460.00520000000000        1.3127124000000000E-002   11.497538197116208        88.194999435293667        3.0000000000000000     
   440.00473000000000        1.3459815999999999E-002   11.821525013932780        87.996652823073035        1.5000000000000000     
   700.00432000000001        1.1708651000000000E-002   14.847275748886817        87.432795870419909        1.0000000000000000     
   240.00521000000001        1.3177740000000000E-002   11.549443777202907        87.279621761716442        1.0000000000000000     
   580.00519999999995        1.3625524999999999E-002   13.918893811221530        87.167436756599670        1.5000000000000000     
   1150.0047000000000        1.0572702000000000E-002   14.196106279216012        86.696246806841344        2.0000000000000000     
   660.00521000000003        1.3466845999999999E-002   14.142865221991373        86.444454328430396        2.5000000000000000     
   7550.0051999999996        1.2358592999999999E-002   14.814763463796467        85.548881938161131        3.5000000000000000     
   440.00405999999998        1.3284977000000000E-002   11.677684790005955        84.992085910615828       0.50000000000000000     
   1600.0052000000001        1.1291275000000000E-002   14.701624496105458        84.945424761391052        2.5000000000000000     
   1150.0052000000001        1.0823240000000000E-002   11.583418897136559        84.786653218739872        3.0000000000000000     
   640.00472000000002        1.3172382999999999E-002   14.416839732824405        84.547918420434499        1.5000000000000000     
   660.00522000000001        1.3478171000000001E-002   14.090310040314217        84.344139105441613        2.5000000000000000     
   960.00519999999995        1.1293760000000000E-002   11.306203759564008        84.193014535352219        3.5000000000000000     
   120.00521000000001        1.3453939000000000E-002   11.883075833009196        84.036457003882177        1.0000000000000000     
   460.00474000000003        1.1992406000000001E-002   11.167948820900429        83.911727291254593        2.0000000000000000     
   200.00521000000001        1.0422381999999999E-002   13.926858298660280        83.698623996649701        1.5000000000000000     
   500.00520000000000        1.2907883000000000E-002   11.414690599205603        83.436435117035316        3.5000000000000000     
   460.00520999999998        1.3075303999999999E-002   11.523433541516329        83.413179804466395        3.0000000000000000     
   1200.0047000000000        1.0234432999999999E-002   13.444749924279694        82.875736955909389        2.0000000000000000     
   500.00520999999998        1.3031420000000000E-002   14.500353889024584        82.872224884335026        1.0000000000000000     
   1100.0052000000001        1.0330515000000000E-002   13.717008298227514        82.532029761272682        2.0000000000000000     
   4000.0052000000001        1.1181663000000000E-002   14.621760308439127        82.494547476228590        2.5000000000000000     
   420.00405999999998        1.2854167000000000E-002   11.405829169858810        81.774546517139072       0.50000000000000000     
   460.00520000000000        1.3701456000000001E-002   12.389196296729121        81.700845475301151        1.5000000000000000     
   1600.0052000000001        1.1250402000000000E-002   14.643662428056079        81.588082172047649        2.5000000000000000     
   640.00519999999995        1.2741839000000000E-002   14.645578461125215        81.456338018560942       0.50000000000000000     
   480.00520999999998        1.3668068000000000E-002   12.312067629940971        81.392548121907566        2.5000000000000000     
   700.00409000000002        1.1806832999999999E-002   14.787248592319269        80.789273183128884        1.0000000000000000     
   480.00522000000001        1.3678266999999999E-002   12.356502840370608        80.766721192622327        2.5000000000000000     
   620.00405999999998        1.3238114000000000E-002   14.302116435527861        80.710837889692073       0.50000000000000000     
   10200.004999999999        1.2003478999999999E-002   14.793942716578231        80.456061947373868        3.0000000000000000     
   640.00405999999998        1.2781215000000000E-002   14.604440703565833        79.613170040014737       0.50000000000000000     
   820.00469999999996        1.1815351000000000E-002   14.762597380491750        78.521117201291659        2.0000000000000000     
   480.00497000000001        1.1944809000000001E-002   11.232485538490725        78.178833129341740        2.0000000000000000     
   560.00519999999995        1.3638499000000000E-002   13.663585338994634        78.125614941192524        1.5000000000000000     
   640.00521000000003        1.3490640000000000E-002   13.949264637459535        78.077776173537032        2.5000000000000000     
   460.00520999999998        1.2481585000000000E-002   11.300943202978317        77.967950935380230        2.5000000000000000     
   640.00522000000001        1.3501821000000001E-002   13.906259815073616        76.919331448429077        2.5000000000000000     
   420.00520000000000        1.2816381000000000E-002   11.448040571008349        76.876399207229298       0.50000000000000000     
   3200.0052000000001        1.2339240000000000E-002   14.708583709710830        75.858549737576681        3.5000000000000000     
   940.00496999999996        1.0277269000000000E-002   12.761064049587000        75.622315875132912        2.0000000000000000     
   2700.0052000000001        1.0377350000000000E-002   12.385571439070082        75.262890019134119        2.5000000000000000     
   440.00409000000002        1.2091815000000001E-002   11.271030592818937        74.944127913245666        1.0000000000000000     
   2600.0052000000001        1.1096597999999999E-002   14.473331492737252        74.671020940948253        2.5000000000000000     
   480.00520000000000        1.3689104000000001E-002   12.643508765390113        74.503961588289215        1.5000000000000000     
   620.00473000000000        1.3328586999999999E-002   14.096645029253839        74.194344752438141        1.5000000000000000     
   440.00470000000001        1.2547915999999999E-002   11.367759218627580        74.110546179989754        2.0000000000000000     
   6400.0051999999996        1.1801102000000001E-002   14.708303774862598        73.946552916009850        3.0000000000000000     
   480.00520000000000        1.3093519000000000E-002   11.673531014296330        73.882594534325577        3.0000000000000000     
   440.00472000000002        1.3330076999999999E-002   11.912845683106244        73.775234720723120        1.5000000000000000     
   940.00473999999997        1.0290522000000000E-002   12.835763473541673        73.732220398775013        2.0000000000000000     
   460.00473000000000        1.3445853000000001E-002   12.073965143842628        73.700788312279869        1.5000000000000000     
   500.00522000000001        1.3657320000000001E-002   12.555803712935463        73.600501418426532        2.5000000000000000     
   500.00520999999998        1.3647014000000001E-002   12.523150889463468        73.501008017343764        2.5000000000000000     
   540.00519999999995        1.3651339000000000E-002   13.408285480603480        72.340441485006821        1.5000000000000000     
   6600.0051999999996        1.2300416999999999E-002   14.671712367801653        72.121813395590266        3.5000000000000000     
   520.00519999999995        1.2863401999999999E-002   11.544992143714031        71.562771250722676        3.5000000000000000     
   620.00521000000003        1.3514040000000000E-002   13.752622048511704        71.468929211058324        2.5000000000000000     
   260.00520999999998        1.3166971000000000E-002   11.778090358431964        71.372112782654483        1.0000000000000000     
   620.00522000000001        1.3525082000000001E-002   13.719526755154732        71.089849004784426        2.5000000000000000     
   500.00520000000000        1.3676637000000000E-002   12.898160042245831        70.537078712114777        1.5000000000000000     
   480.00520999999998        1.3040726000000001E-002   11.685654195682027        70.265387591098943        3.0000000000000000     
   520.00519999999995        1.3664050000000001E-002   13.153110768872491        69.812636231271966        1.5000000000000000     
   620.00472000000002        1.3189038000000000E-002   14.168299473244650        69.468376384539823        1.5000000000000000     
   800.00469999999996        1.1864730000000000E-002   14.650225382121441        68.538542611583992        2.0000000000000000     
   520.00522000000001        1.3636082000000001E-002   12.753862125472137        68.433707435926735        2.5000000000000000     
   6300.0051999999996        1.2297647000000000E-002   14.620669391296127        67.879073467285750        3.5000000000000000     
   520.00521000000003        1.3625665000000000E-002   12.732799722512150        67.854570297790957        2.5000000000000000     
   460.00405999999998        1.3279895000000000E-002   11.964457131450070        67.762007360911980       0.50000000000000000     
   480.00520999999998        1.3043206999999999E-002   14.270897984725600        67.586563481925040        1.0000000000000000     
   440.00432000000001        1.2009417000000000E-002   11.359340596851750        67.296296920286451        1.0000000000000000     
   120.00521000000001        1.3634983999999999E-002   12.877054468663959        67.207210463526678       0.50000000000000000     
   600.00522000000001        1.3547969999999999E-002   13.530356593211216        66.937233738665952        2.5000000000000000     
   140.00521000000001        1.0659139000000000E-002   12.063634121339266        66.867233618723631        1.5000000000000000     
   480.00474000000003        1.1949847000000000E-002   11.366398922128946        66.779193140637872        2.0000000000000000     
   600.00521000000003        1.3537062000000001E-002   13.553204776922300        66.714880682490985        2.5000000000000000     
   2750.0052000000001        1.1212265000000001E-002   11.571564989892074        66.523824471730308        3.5000000000000000     
   180.00521000000001        1.0505695000000001E-002   13.632313617603545        65.819201123357487        1.5000000000000000     
   540.00522000000001        1.3614542000000000E-002   12.950532988132746        65.229824666450838        2.5000000000000000     
   680.00432000000001        1.1734418000000000E-002   14.586475963993534        64.685992790180961        1.0000000000000000     
   580.00522000000001        1.3570499000000000E-002   13.338985612874415        64.534461898215596        2.5000000000000000     
   540.00521000000003        1.3604009000000000E-002   12.940840328579407        64.408621717258740        2.5000000000000000     
   600.00405999999998        1.3243459000000001E-002   14.005919928947241        63.951630902452763       0.50000000000000000     
   560.00522000000001        1.3592685000000000E-002   13.145639782841535        63.946414577527733        2.5000000000000000     
   580.00521000000003        1.3559721000000000E-002   13.351271733605218        63.903038697637363        2.5000000000000000     
   920.00496999999996        1.0408839000000000E-002   12.951304710335767        63.354117175069518        2.0000000000000000     
   560.00521000000003        1.3582032000000001E-002   13.147071408942052        63.111384354023762        2.5000000000000000     
   480.00520999999998        1.2441511000000001E-002   11.475039717897008        63.010894141400350        2.5000000000000000     
   600.00473000000000        1.3343845000000000E-002   13.844411902286883        62.973772868537083        1.5000000000000000     
   940.00519999999995        1.1413115999999999E-002   11.525571803875554        62.959282189914639        3.5000000000000000     
   480.00473000000000        1.3431749000000000E-002   12.326613140493933        62.583878790312738        1.5000000000000000     
   1000.0051999999999        1.0623690999999999E-002   12.222237834612109        62.478513176659916        2.5000000000000000     
   920.00473999999997        1.0420990000000000E-002   13.027510861266055        62.350738838394427        2.0000000000000000     
   500.00497000000001        1.1900937000000000E-002   11.428132776508948        62.014499327892715        2.0000000000000000     
   500.00520000000000        1.3059204000000000E-002   11.845584687771314        61.364696092276809        3.0000000000000000     
   540.00519999999995        1.2817675000000001E-002   11.668093904195528        61.064155864442583        3.5000000000000000     
   12100.004999999999        1.1223075000000001E-002   14.354906876281870        60.984626870191853        2.5000000000000000     
   440.00405999999998        1.2847756000000000E-002   11.691055625182530        60.800639928805268       0.50000000000000000     
   460.00472000000002        1.3315106000000000E-002   12.163689591245520        60.722973939119406        1.5000000000000000     
   620.00519999999995        1.2748874000000000E-002   14.349691027841518        59.561952813915994       0.50000000000000000     
   4100.0051999999996        1.0504582000000000E-002   12.644226301760019        59.071250707431176        2.5000000000000000     
   680.00409000000002        1.1831130000000000E-002   14.522986006194555        58.700084606979189        1.0000000000000000     
   500.00520999999998        1.3005400000000000E-002   11.844044946486486        58.676531424799990        3.0000000000000000     
   10100.004999999999        1.1363771000000000E-002   11.608973143601135        58.493575461232830        3.5000000000000000     
   780.00469999999996        1.1912453000000000E-002   14.527053972309657        58.488956061177376        2.0000000000000000     
   620.00405999999998        1.2788097000000000E-002   14.308400677756246        58.325229883087445       0.50000000000000000     
   280.00520999999998        1.3156124000000000E-002   12.003824521897403        58.224708112649992        1.0000000000000000     
   2450.0052000000001        1.1799674000000000E-002   14.505036393143723        57.631624637109034        3.0000000000000000     
   600.00472000000002        1.3205477000000000E-002   13.918945760506032        57.440903913366782        1.5000000000000000     
   1500.0052000000001        1.1883313000000000E-002   14.509430109933824        57.299876138269376        3.0000000000000000     
   460.00470000000001        1.2517171000000001E-002   11.587380091028999        56.574020112634173        2.0000000000000000     
   440.00520000000000        1.2809833000000000E-002   11.733214779006442        56.514356733171759       0.50000000000000000     
   460.00520999999998        1.3054892000000000E-002   14.042043821210827        54.966312021247361        1.0000000000000000     
   580.00473000000000        1.3358917999999999E-002   13.591737912316150        54.920299261547441        1.5000000000000000     
   6500.0051999999996        1.1244703000000000E-002   11.726420870344443        54.811933454661940        3.5000000000000000     
   500.00473000000000        1.3417500000000001E-002   12.579482710186566        54.653528432016088        1.5000000000000000     
   480.00405999999998        1.3274785000000001E-002   12.252405839393660        54.599347266176487       0.50000000000000000     
   900.00496999999996        1.0529056000000000E-002   13.097245328367844        54.328325351541579        2.0000000000000000     
   900.00473999999997        1.0540295000000000E-002   13.175495752319048        54.038438821078316        2.0000000000000000     
   2050.0052000000001        1.1005354000000000E-002   14.079049286543613        53.841701084767813        2.5000000000000000     
   460.00409000000002        1.2071926000000000E-002   11.543784071404177        53.143452930895471        1.0000000000000000     
   7000.0051999999996        1.0555488000000000E-002   12.836653903950763        52.832424246700000        2.5000000000000000     
   120.00521000000001        1.2866549000000000E-002   11.835204348715722        52.691401903912983        2.0000000000000000     
   140.00521000000001        1.3444373000000001E-002   13.119176271563569        52.510411295347055        1.0000000000000000     
   7150.0051999999996        1.0940549000000001E-002   13.983664507795561        52.250807829283488        2.5000000000000000     
   6800.0051999999996        1.1243361000000000E-002   11.770698153361446        52.092139758961522        3.5000000000000000     
   500.00474000000003        1.1906076000000000E-002   11.560259952139660        52.041826546470524        2.0000000000000000     
   560.00519999999995        1.2770620000000000E-002   11.783450436902589        51.846200244234183        3.5000000000000000     
   580.00405999999998        1.3248767000000000E-002   13.710753939785443        51.614756173568331       0.50000000000000000     
   160.00521000000001        1.2814224000000001E-002   14.180701402964065        51.425412927170157        2.0000000000000000     
   8800.0051999999996        1.1293731000000000E-002   11.751824215883925        51.418966679669190        3.5000000000000000     
   7350.0051999999996        1.0573561000000000E-002   12.867076435970001        51.309924921799755        2.5000000000000000     
   3450.0052000000001        1.0577813000000000E-002   12.873243838808811        50.967077227031055        2.5000000000000000     
   480.00472000000002        1.3299976999999999E-002   12.414620718355968        50.815229476942889        1.5000000000000000     
   520.00519999999995        1.3024143000000000E-002   12.013389442556317        50.556732512301465        3.0000000000000000     
   7200.0051999999996        1.0580722000000001E-002   12.928157587518250        50.487786878372624        2.5000000000000000     
   160.00521000000001        1.0584484999999999E-002   13.060173281483932        50.182591003905195        1.5000000000000000     
   560.00473000000000        1.3373813999999999E-002   13.338773977276169        50.053320155321614        1.5000000000000000     
   500.00520999999998        1.2400400000000001E-002   11.644554086774635        49.938843425639320        2.5000000000000000     
   520.00473000000000        1.3403098000000000E-002   12.832527018159292        49.918282397025820        1.5000000000000000     
   6950.0051999999996        1.0921363999999999E-002   13.911254031157666        49.845989095811376        2.5000000000000000     
   2550.0052000000001        1.2274512000000000E-002   14.382699293000533        49.680352995943331        3.5000000000000000     
   1700.0052000000001        1.0597990999999999E-002   12.858426483629964        49.641809883324896        2.5000000000000000     
   7300.0051999999996        1.0933353999999999E-002   13.920811396420055        49.640683732674937        2.5000000000000000     
   3400.0052000000001        1.0936934000000001E-002   13.920586758245914        49.439733291369429        2.5000000000000000     
   10000.004999999999        1.1856887000000000E-002   14.391869446456298        48.944545751157740        3.0000000000000000     
   760.00469999999996        1.1958629000000000E-002   14.393797926618614        48.609604051941673        2.0000000000000000     
   520.00521000000003        1.2969283999999999E-002   11.998310627240095        48.572327243028596        3.0000000000000000     
   580.00472000000002        1.3221706000000000E-002   13.668950369247169        48.501505225657532        1.5000000000000000     
   540.00473000000000        1.3388538000000000E-002   13.085661065870712        48.384392321102197        1.5000000000000000     
   520.00496999999996        1.1855762000000001E-002   11.618810642632543        48.212214643671338        2.0000000000000000     
   300.00520999999998        1.3145199000000000E-002   12.225901508941281        47.767731796589217        1.0000000000000000     
   880.00473999999997        1.0650240000000000E-002   13.285325432555101        47.581568742106079        2.0000000000000000     
   880.00496999999996        1.0639770999999999E-002   13.204639780539924        47.302511611337877        2.0000000000000000     
   1650.0052000000001        1.1007464000000000E-002   13.948185613350015        47.104592290970757        2.5000000000000000     
   920.00519999999995        1.1523759000000000E-002   11.713705054921713        47.034003449114046        3.5000000000000000     
   460.00432000000001        1.1988522000000000E-002   11.630883250038693        46.865309091284821        1.0000000000000000     
   2600.0052000000001        1.0933600999999999E-002   12.152215694274318        46.398627306805864        3.0000000000000000     
   11400.004999999999        1.2346698999999999E-002   14.315707150450432        46.282136420751485        3.5000000000000000     
   980.00521000000003        1.0755997999999999E-002   12.464568580158394        45.855696275050434        2.5000000000000000     
   6200.0051999999996        1.2182451000000000E-002   14.341341501453810        45.812133474624567        3.5000000000000000     
   500.00405999999998        1.3269646000000000E-002   12.541602588705153        45.553230679516233       0.50000000000000000     
   1650.0052000000001        1.0958472000000000E-002   13.855178873314053        45.402787828976500        2.5000000000000000     
   2100.0052000000001        1.0656789000000000E-002   13.089984206989671        45.307825973597481        2.5000000000000000     
   660.00432000000001        1.1759673999999999E-002   14.323550328185066        45.238550205640742        1.0000000000000000     
   1150.0052000000001        1.1008258000000000E-002   12.092305636113974        45.186531948332359        3.0000000000000000     
   440.00520999999998        1.3066479000000001E-002   13.813745743167280        44.988990742361224        1.0000000000000000     
   4050.0052000000001        1.0879546000000000E-002   13.735994533854763        44.927629181638594        2.5000000000000000     
   1700.0052000000001        1.0659594999999999E-002   12.997506320495193        44.917296830962094        2.5000000000000000     
   2650.0052000000001        1.0778348000000000E-002   13.546849285014433        44.786945402916963        2.5000000000000000     
   500.00472000000002        1.3284682000000001E-002   12.665640544923706        44.055104159418768        1.5000000000000000     
   460.00405999999998        1.2841307000000000E-002   11.977252996441178        43.845222653122882       0.50000000000000000     
   580.00519999999995        1.2722147000000000E-002   11.890483146517326        43.813098185795511        3.5000000000000000     
   560.00405999999998        1.3254037999999999E-002   13.416684042091200        43.655924266450548       0.50000000000000000     
   6550.0051999999996        1.0929054000000001E-002   12.230056055057192        43.493476338760331        3.0000000000000000     
   560.00472000000002        1.3237733999999999E-002   13.418476631594713        42.677705453255257        1.5000000000000000     
   6950.0051999999996        1.1620175000000000E-002   14.246311646479757        42.438992794333451        3.0000000000000000     
   860.00473999999997        1.0752220999999999E-002   13.361492240990813        42.190728697673791        2.0000000000000000     
   600.00519999999995        1.2755851000000000E-002   14.054672968097345        42.091144988778552       0.50000000000000000     
   5150.0051999999996        1.1630513000000000E-002   14.241608917901704        41.952832728415068        3.0000000000000000     
   480.00470000000001        1.2485807999999999E-002   11.804568452127244        41.626649196211190        2.0000000000000000     
   860.00496999999996        1.0742409000000000E-002   13.278090462651596        41.471737657497926        2.0000000000000000     
   600.00405999999998        1.2794923999999999E-002   14.013242810275377        41.464128992008668       0.50000000000000000     
   540.00519999999995        1.2988293999999999E-002   12.176588150004788        41.368303357266299        3.0000000000000000     
   7600.0051999999996        1.2160166000000000E-002   14.272695575837735        41.135178233415509        3.5000000000000000     
   520.00405999999998        1.3264476000000001E-002   12.832063280327386        40.677559408327397       0.50000000000000000     
   520.00472000000002        1.3269214000000000E-002   12.916691652293393        40.446113494412373        1.5000000000000000     
   460.00520000000000        1.2803246000000001E-002   12.019353236717546        40.171805369771732       0.50000000000000000     
   540.00405999999998        1.3259274000000000E-002   13.123769791083895        40.027251198107550       0.50000000000000000     
   660.00409000000002        1.1854968000000000E-002   14.256876758625950        40.019335534522988        1.0000000000000000     
   540.00472000000002        1.3253568000000000E-002   13.167677440528621        39.988713331094459        1.5000000000000000     
   540.00521000000003        1.2932335000000000E-002   12.148107158915296        39.874249680157916        3.0000000000000000     
   320.00520999999998        1.3134195000000000E-002   12.452542700283031        39.652696227516657        1.0000000000000000     
   520.00473999999997        1.1861009000000000E-002   11.749044992268542        39.605172094703882        2.0000000000000000     
   3400.0052000000001        1.1324479000000000E-002   11.943340148907723        39.321466303295715        3.5000000000000000     
   8650.0051999999996        1.2174228000000000E-002   14.239097846036312        39.142970595302906        3.5000000000000000     
   740.00469999999996        1.2003358000000000E-002   14.251143154864796        39.134260586956636        2.0000000000000000     
   520.00521000000003        1.2358187000000000E-002   11.809073170924385        38.665115084860531        2.5000000000000000     
   11200.004999999999        1.1018432000000000E-002   13.747804736907337        38.067192379453239        2.5000000000000000     
   9950.0051999999996        1.2325127000000000E-002   14.187025786350087        37.868443673436680        3.5000000000000000     
   420.00520999999998        1.3077975000000000E-002   13.585877189363947        37.632055753074766        1.0000000000000000     
   840.00473999999997        1.0847338000000000E-002   13.407687486515906        37.370970877006542        2.0000000000000000     
   600.00519999999995        1.2672159000000001E-002   11.988583910866479        36.869005474480751        3.5000000000000000     
   540.00496999999996        1.1809194000000000E-002   11.803963164939242        36.672774991631087        2.0000000000000000     
   11300.004999999999        1.0964623000000000E-002   13.626473008652525        36.611850129123859        2.5000000000000000     
   840.00496999999996        1.0838093000000000E-002   13.321372646558727        36.332707993407851        2.0000000000000000     
   900.00519999999995        1.1626898000000000E-002   11.873623382796216        35.198233885243582        3.5000000000000000     
   480.00409000000002        1.2051750000000000E-002   11.816592392759285        35.078289644343364        1.0000000000000000     
   960.00521000000003        1.0877163000000000E-002   12.665905480514104        34.309553422302628        2.5000000000000000     
   340.00520999999998        1.3123111999999999E-002   12.679866771545312        34.096647729520726        1.0000000000000000     
   3250.0052000000001        1.2136358000000000E-002   14.155043553981630        33.817976923447382        3.5000000000000000     
   560.00519999999995        1.2951611999999999E-002   12.334788527883832        33.701793343606404        3.0000000000000000     
   400.00520999999998        1.3089382000000000E-002   13.358184269630307        32.876229226772317        1.0000000000000000     
   820.00473999999997        1.0936474999999999E-002   13.427007707822744        32.835526496956419        2.0000000000000000     
   560.00521000000003        1.2894505000000001E-002   12.293053727965066        32.497806302528204        3.0000000000000000     
   820.00496999999996        1.0927724999999999E-002   13.337649852199137        31.594528825221740        2.0000000000000000     
   1650.0052000000001        1.1060624999999999E-002   12.385777534225225        31.492366535695744        3.0000000000000000     
   360.00520999999998        1.3111948999999999E-002   12.904275996935441        31.139843139008764        1.0000000000000000     
   480.00405999999998        1.2834818000000000E-002   12.264582749999066        30.943991095402687       0.50000000000000000     
   620.00519999999995        1.2620548000000001E-002   12.077117843003364        30.919782251991339        3.5000000000000000     
   380.00520999999998        1.3100706000000000E-002   13.130550881718605        30.714932296460297        1.0000000000000000     
   6450.0051999999996        1.1558662000000001E-002   14.014990388989490        30.624617478089895        3.0000000000000000     
   720.00469999999996        1.2046728000000000E-002   14.099746590012106        30.290650807334490        2.0000000000000000     
   480.00432000000001        1.1967312000000001E-002   11.902365101434732        30.146771001011576        1.0000000000000000     
   6650.0051999999996        1.2091190000000000E-002   14.093628411946174        30.108467107294626        3.5000000000000000     
   7050.0051999999996        1.1015864000000000E-002   12.536940639457894        29.573692010631632        3.0000000000000000     
   540.00473999999997        1.1814559000000001E-002   11.932191663987211        29.365074367395078        2.0000000000000000     
   500.00470000000001        1.2453791000000001E-002   12.019123796372837        29.201109506348846        2.0000000000000000     
   640.00432000000001        1.1784441000000000E-002   14.058775212656622        29.186765058904218        1.0000000000000000     
   540.00521000000003        1.2314801000000000E-002   11.968121106988626        29.096842317939416        2.5000000000000000     
   1100.0052000000001        1.1160926999999999E-002   12.322034669683596        29.092012757826346        3.0000000000000000     
   580.00519999999995        1.2762773000000000E-002   13.760599648383682        29.008362170138454       0.50000000000000000     
   580.00405999999998        1.2801696000000000E-002   13.719042245245396        28.993456098196472       0.50000000000000000     
   800.00473999999997        1.1020354000000000E-002   13.422099416187844        28.446856141018618        2.0000000000000000     
   480.00520000000000        1.2796616000000000E-002   12.306616234510869        27.884452885850884       0.50000000000000000     
   7750.0051999999996        1.1379169999999999E-002   12.145705524468049        27.881223438691677        3.5000000000000000     
   5250.0051999999996        1.1039106000000000E-002   12.567010055235617        27.769940314140772        3.0000000000000000     
   580.00519999999995        1.2914053000000000E-002   12.487570936257979        27.451911664089419        3.0000000000000000     
   6350.0051999999996        1.2089094000000000E-002   14.043907346648652        27.442006428680475        3.5000000000000000     
   560.00496999999996        1.1761133999999999E-002   11.982967112486387        27.285320807420788        2.0000000000000000     
   800.00496999999996        1.1012040000000001E-002   13.329621845351173        27.117889215240616        2.0000000000000000     
   880.00519999999995        1.1723503000000000E-002   12.007797760294629        26.522896250215311        3.5000000000000000     
   580.00521000000003        1.2855742999999999E-002   12.432741000434291        26.351972051153133        3.0000000000000000     
   940.00521000000003        1.0988955999999999E-002   12.831199522117849        26.267590551661559        2.5000000000000000     
   640.00519999999995        1.2567198000000000E-002   12.155423821655750        25.875562180666318        3.5000000000000000     
   6350.0051999999996        1.1398062000000000E-002   12.186059850461429        25.620698035932364        3.5000000000000000     
   640.00409000000002        1.1878366000000000E-002   13.989175443894171        24.831571508652690        1.0000000000000000     
   1550.0052000000001        1.1653168000000000E-002   13.931782449153163        24.712773724415591        3.0000000000000000     
   780.00473999999997        1.1099573999999999E-002   13.395260847333448        24.174953880452545        2.0000000000000000     
   2500.0052000000001        1.1558039000000001E-002   13.853963388038615        23.114574544170523        3.0000000000000000     
   780.00496999999996        1.1091646000000000E-002   13.299629331037480        22.872119108657397        2.0000000000000000     
   600.00519999999995        1.2875566000000000E-002   12.634494623186688        22.505250889667856        3.0000000000000000     
   700.00469999999996        1.2088823000000000E-002   13.940237873174759        22.298418938328641        2.0000000000000000     
   10100.004999999999        1.1184758000000000E-002   12.525465950941184        22.245052728714914        3.0000000000000000     
   500.00405999999998        1.2828286000000000E-002   12.553113159650108        22.144139364617565       0.50000000000000000     
   660.00519999999995        1.2511978999999999E-002   12.222813233356709        21.653544048220486        3.5000000000000000     
   600.00521000000003        1.2815996000000000E-002   12.566735776782156        21.339184679591952        3.0000000000000000     
   560.00473999999997        1.1766624999999999E-002   12.109072338838612        21.205399178589847        2.0000000000000000     
   560.00521000000003        1.2270166000000001E-002   12.121171139357369        21.133245363116099        2.5000000000000000     
   560.00405999999998        1.2808417000000001E-002   13.425869158133519        20.872565333819736       0.50000000000000000     
   500.00409000000002        1.2031274000000000E-002   12.089434001206529        20.752711914353888        1.0000000000000000     
   920.00521000000003        1.1092750000000000E-002   12.964394161023696        20.609259495451621        2.5000000000000000     
   860.00519999999995        1.1814366000000000E-002   12.118290626475858        20.296784497218376        3.5000000000000000     
   560.00519999999995        1.2769641000000000E-002   13.467542603498080        20.273584459499848       0.50000000000000000     
   760.00473999999997        1.1174636000000000E-002   13.348512495230047        20.067168065651892        2.0000000000000000     
   580.00496999999996        1.1711472000000001E-002   12.155135520620657        19.926109455855340        2.0000000000000000     
   500.00520000000000        1.2789943000000000E-002   12.595071086046829        19.699434881132976       0.50000000000000000     
   520.00469999999996        1.2421088000000000E-002   12.230772684064878        19.225643966227850        2.0000000000000000     
   760.00496999999996        1.1167053000000000E-002   13.249728421225511        18.904125559298695        2.0000000000000000     
   620.00519999999995        1.2836098000000001E-002   12.775098680756532        18.741012570337759        3.0000000000000000     
   680.00519999999995        1.2454745000000000E-002   12.278569020229247        18.181391713376378        3.5000000000000000     
   140.00521000000001        1.2840538000000000E-002   12.967179529458218        17.689533709851847        2.0000000000000000     
   520.00405999999998        1.2821710000000000E-002   12.842855676003884        17.497542401064806       0.50000000000000000     
   2600.0052000000001        1.2064175999999999E-002   13.832405737608001        17.425446263419975        3.5000000000000000     
   620.00521000000003        1.2775204000000000E-002   12.694584575253430        17.355496271782897        3.0000000000000000     
   500.00432000000001        1.1945773000000000E-002   12.173753586156247        17.140592093042258        1.0000000000000000     
   540.00405999999998        1.2815088000000001E-002   13.133788569399448        17.056696551980671       0.50000000000000000     
   860.00519999999995        1.2259463999999999E-002   13.780830194532061        16.925433630499956        3.0000000000000000     
   840.00519999999995        1.2316901999999999E-002   13.757511967138873        16.856281148382465        3.0000000000000000     
   880.00519999999995        1.2199741000000000E-002   13.790449194190220        16.617659476798018        3.0000000000000000     
   620.00432000000001        1.1808740000000000E-002   13.792411593863854        16.612412620617278        1.0000000000000000     
   900.00521000000003        1.1189635000000000E-002   13.068707724547306        16.535305441890571        2.5000000000000000     
   820.00519999999995        1.2372222000000000E-002   13.721168442155836        16.465828268646565        3.0000000000000000     
   740.00473999999997        1.1245965000000000E-002   13.283652436660898        16.225687809433019        2.0000000000000000     
   7000.0051999999996        1.1345846999999999E-002   13.467641120431225        16.165109500747473        3.0000000000000000     
   640.00519999999995        1.2795592000000000E-002   12.908905839898908        16.031620205034592        3.0000000000000000     
   840.00519999999995        1.1900140999999999E-002   12.206855703966385        15.976241899187420        3.5000000000000000     
   900.00519999999995        1.2137544000000000E-002   13.785663365396092        15.904631455534016        3.0000000000000000     
   5200.0051999999996        1.1361445000000000E-002   13.477505093333592        15.894090399766306        3.0000000000000000     
   540.00519999999995        1.2776457000000000E-002   13.175566887826591        15.842730862295811       0.50000000000000000     
   800.00519999999995        1.2425577000000000E-002   13.672447996039253        15.832552149518614        3.0000000000000000     
   520.00519999999995        1.2783223999999999E-002   12.884728614483546        15.668183927311800       0.50000000000000000     
   700.00519999999995        1.2395336999999999E-002   12.321943222647253        15.401308276938764        3.5000000000000000     
   680.00469999999996        1.2129719000000001E-002   13.773220925493323        15.367440040349795        2.0000000000000000     
   740.00496999999996        1.1238690000000001E-002   13.181744999467231        15.315604730760834        2.0000000000000000     
   780.00519999999995        1.2477103000000000E-002   13.611977819532132        15.053603113688215        3.0000000000000000     
   580.00473999999997        1.1717099999999999E-002   12.278998383303543        14.996893245748609        2.0000000000000000     
   920.00519999999995        1.2072658000000000E-002   13.765728192594011        14.790470817243364        3.0000000000000000     
   580.00521000000003        1.2224198000000000E-002   12.267652644918325        14.664934456368886        2.5000000000000000     
   600.00496999999996        1.1660088000000001E-002   12.319720099364970        14.458022574941150        2.0000000000000000     
   640.00521000000003        1.2733306000000000E-002   12.815813568994315        14.291558929009314        3.0000000000000000     
   660.00519999999995        1.2753985000000001E-002   13.035422452688552        14.243703976619535        3.0000000000000000     
   760.00519999999995        1.2526921000000000E-002   13.540366634042591        14.241046118830027        3.0000000000000000     
   6500.0051999999996        1.1274398000000000E-002   13.205956225332896        14.222906362353802        3.0000000000000000     
   740.00519999999995        1.2575144000000000E-002   13.458206749866209        13.518601420370077        3.0000000000000000     
   1100.0052000000001        1.1312228000000001E-002   12.742002287776300        13.489829135310979        3.0000000000000000     
   880.00521000000003        1.1280488000000000E-002   13.146825890482953        13.481384644347960        2.5000000000000000     
   940.00519999999995        1.2004842999999999E-002   13.729850128550837        13.317616223018019        3.0000000000000000     
   2550.0052000000001        1.1275566000000001E-002   13.086188056389314        13.305825692853615        3.0000000000000000     
   720.00519999999995        1.2333576000000001E-002   12.352152646964784        13.274478343112481        3.5000000000000000     
   680.00519999999995        1.2711212000000000E-002   13.154140234226325        13.239543639989236        3.0000000000000000     
   620.00409000000002        1.1901342000000001E-002   13.720124675131576        13.207823343356395        1.0000000000000000     
   6250.0051999999996        1.1958988000000000E-002   13.724893592825147        13.178817237192089        3.5000000000000000     
   820.00519999999995        1.1981377000000000E-002   12.275012121681520        13.148855604773297        3.5000000000000000     
   720.00519999999995        1.2621873000000000E-002   13.366075498142425        13.018432850360535        3.0000000000000000     
   700.00519999999995        1.2667200999999999E-002   13.264536615347367        12.878420391652945        3.0000000000000000     
   720.00473999999997        1.1313922000000001E-002   13.202294809205670        12.790655861946743        2.0000000000000000     
   2700.0052000000001        1.1546668000000000E-002   12.461954567063259        12.375069797093989        3.5000000000000000     
   720.00496999999996        1.1306926000000000E-002   13.097316564958318        12.245552681961172        2.0000000000000000     
   660.00521000000003        1.2690233000000000E-002   12.929930971041269        12.033282175818616        3.0000000000000000     
   740.00519999999995        1.2269258999999999E-002   12.368373930031821        11.786297327944885        3.5000000000000000     
   540.00469999999996        1.2387660999999999E-002   12.439189168884123        11.619745935940628        2.0000000000000000     
   960.00519999999995        1.1933821000000001E-002   13.677173018352940        11.573573584531493        3.0000000000000000     
   800.00519999999995        1.2058536999999999E-002   12.324097808273365        11.506758492699735        3.5000000000000000     
   7650.0051999999996        1.1936878999999999E-002   13.663421552263618        11.102810093333222        3.5000000000000000     
   860.00521000000003        1.1366026000000000E-002   13.201032532577475        11.058428273323536        2.5000000000000000     
   760.00519999999995        1.2202159000000001E-002   12.369735937928073        10.952525986169615        3.5000000000000000     
   1600.0052000000001        1.1384358000000001E-002   13.237934904499653        10.890702710137798        3.0000000000000000     
   780.00519999999995        1.2132017000000000E-002   12.355310204379357        10.826335234008987        3.5000000000000000     
   620.00496999999996        1.1606849000000001E-002   12.475907726441601        10.731010490703609        2.0000000000000000     
   600.00473999999997        1.1665864999999999E-002   12.441220213087066        10.597026120574553        2.0000000000000000     
   680.00521000000003        1.2645913000000000E-002   13.036427033847570        10.463263835082147        3.0000000000000000     
   520.00409000000002        1.2010485000000000E-002   12.362222966156235        10.171736700168161        1.0000000000000000     
   700.00473999999997        1.1378821000000001E-002   13.105900345692135        9.9269563104985075        2.0000000000000000     
   700.00496999999996        1.1372077000000000E-002   12.997922155356054        9.8572907822076754        2.0000000000000000     
   980.00519999999995        1.1859277000000000E-002   13.606761282976152        9.6990551819098716        3.0000000000000000     
   660.00469999999996        1.2169485000000001E-002   13.599272532563566        9.6963181064658048        2.0000000000000000     
   600.00521000000003        1.2176805000000001E-002   12.406953019416568        9.5741180075474386        2.5000000000000000     
   700.00521000000003        1.2600264999999999E-002   13.134774444898882        9.4620559721566941        3.0000000000000000     
   10300.004999999999        1.1406826000000000E-002   13.133737571685355        9.2435287400122395        3.0000000000000000     
   140.00521000000001        1.1862444000000000E-002   13.591656623413872        9.2244800922244732        1.0000000000000000     
   840.00521000000003        1.1446847000000000E-002   13.233306163449305        9.0102505287390731        2.5000000000000000     
   120.00521000000001        1.1885379999999999E-002   12.412080996097638        8.9696622478046351        1.0000000000000000     
   820.00521000000003        1.2293025000000001E-002   13.521834771879531        8.9543793997560854        3.0000000000000000     
   800.00521000000003        1.2348777999999999E-002   13.484519740377884        8.9101367812388723        3.0000000000000000     
   720.00521000000003        1.2553203000000001E-002   13.224427278802185        8.9100294160149822        3.0000000000000000     
   840.00521000000003        1.2235126000000001E-002   13.546748848797650        8.8554633355453518        3.0000000000000000     
   780.00521000000003        1.2402539000000001E-002   13.435483114714931        8.7920798064442724        3.0000000000000000     
   740.00521000000003        1.2504632000000000E-002   13.304822079300559        8.6892491387540893        3.0000000000000000     
   760.00521000000003        1.2454448999999999E-002   13.375375191724363        8.6857608599556109        3.0000000000000000     
   640.00496999999996        1.1551605000000000E-002   12.622817959715265        8.5831093364199784        2.0000000000000000     
   860.00521000000003        1.2174908000000000E-002   13.558550447425574        8.5642850757825268        3.0000000000000000     
   1050.0052000000001        1.1435973000000000E-002   12.845047008713982        8.5534225398754842        3.0000000000000000     
   680.00496999999996        1.1434418999999999E-002   12.884905997258185        8.3282128198786332        2.0000000000000000     
   880.00521000000003        1.2112176000000001E-002   13.556489003150075        8.0565864252387609        3.0000000000000000     
   1000.0051999999999        1.1780842999999999E-002   13.517576754727445        7.8978870531561931        3.0000000000000000     
   6450.0051999999996        1.1575929000000000E-002   12.631332529160677        7.8937980532887426        3.5000000000000000     
   620.00473999999997        1.1612786999999999E-002   12.594926024673629        7.8504708885224108        2.0000000000000000     
   520.00432000000001        1.1923889000000000E-002   12.444952261323300        7.8467716910590077        1.0000000000000000     
   660.00496999999996        1.1494191000000001E-002   12.759495853246854        7.8421250072222062        2.0000000000000000     
   680.00473999999997        1.1440933000000000E-002   12.995798192083294        7.8143395367474007        2.0000000000000000     
   600.00432000000001        1.1832591000000000E-002   13.524707639404719        7.5835968335383717        1.0000000000000000     
   8700.0051999999996        1.1931552000000000E-002   13.545497306289109        7.5563107810297447        3.5000000000000000     
   900.00521000000003        1.2046711000000000E-002   13.539767136559053        7.3382617664383956        3.0000000000000000     
   820.00521000000003        1.1523451000000001E-002   13.245386469919682        7.1828369675028645        2.5000000000000000     
   3300.0052000000001        1.1906536000000001E-002   13.527713586927028        7.1804285316336633        3.5000000000000000     
   6750.0051999999996        1.1576074000000000E-002   12.677967697294447        7.0854515862768634        3.5000000000000000     
   660.00473999999997        1.1500496000000001E-002   12.873204871116998        6.6395315712834950        2.0000000000000000     
   640.00473999999997        1.1557718999999999E-002   12.739237600033309        6.5902380013523540        2.0000000000000000     
   920.00521000000003        1.1978264000000001E-002   13.507530119096817        6.4514816958403536        3.0000000000000000     
   560.00469999999996        1.2353470000000000E-002   12.644007998528052        6.2917837136924710        2.0000000000000000     
   1050.0052000000001        1.1564738999999999E-002   13.204383476007099        5.7806187928188013        3.0000000000000000     
   620.00521000000003        1.2127888999999999E-002   12.538419149743484        5.7353118030323031        2.5000000000000000     
   10000.004999999999        1.2059706999999999E-002   13.470867286234506        5.6320230166828029        3.5000000000000000     
   800.00521000000003        1.1596264000000000E-002   13.238824166872293        5.5009936728500684        2.5000000000000000     
   940.00521000000003        1.1906549000000001E-002   13.458852101664414        5.4819583692336291        3.0000000000000000     
   640.00469999999996        1.2208185999999999E-002   13.418944848409270        5.4714048390927452        2.0000000000000000     
   6700.0051999999996        1.1853102000000001E-002   13.437868704515500        5.3327005043594182        3.5000000000000000     
   600.00409000000002        1.1923914000000001E-002   13.449954147371701        5.2061952097935631        1.0000000000000000     
   8750.0051999999996        1.1644865000000001E-002   12.733644263022274        4.9266562775943141        3.5000000000000000     
   960.00521000000003        1.1831239000000000E-002   13.392718693584699        4.5677061063616478        3.0000000000000000     
   6400.0051999999996        1.1851858000000000E-002   13.389561155715853        4.3425985698185396        3.5000000000000000     
   3350.0052000000001        1.1640779000000000E-002   12.803053609719848        4.1956903212262127        3.5000000000000000     
   780.00521000000003        1.1665648000000001E-002   13.215018756667360        3.9506082473273585        2.5000000000000000     
   980.00521000000003        1.1751955000000000E-002   13.308003334585212        3.9098094105488292        3.0000000000000000     
   1000.0051999999999        1.1668253000000000E-002   13.203436985713614        3.7860670873081252        3.0000000000000000     
   540.00409000000002        1.1989369000000000E-002   12.634833332558554        3.3364927300740250        1.0000000000000000     
   580.00469999999996        1.2318473999999999E-002   12.844831698702734        3.1375723702594773        2.0000000000000000     
   640.00521000000003        1.2077338999999999E-002   12.661357230209960        3.0165060834143329        2.5000000000000000     
   620.00469999999996        1.2245881000000000E-002   13.232764849576576        2.8659235699824985        2.0000000000000000     
   7700.0051999999996        1.1680774999999999E-002   12.965568128014990        2.5772539886678558        3.5000000000000000     
   760.00521000000003        1.1731917999999999E-002   13.175245113195622        2.5644702784691793        2.5000000000000000     
   540.00432000000001        1.1901645000000001E-002   12.715823680060506        2.2607471230347160        1.0000000000000000     
   6300.0051999999996        1.1701891000000001E-002   13.017860203533177        2.2296991807944546        3.5000000000000000     
   580.00432000000001        1.1856014000000000E-002   13.255897522687512        2.1553877352377859        1.0000000000000000     
   11500.004999999999        1.1787705000000001E-002   12.801532991643182        2.1114580383575721        3.5000000000000000     
   600.00469999999996        1.2282627000000001E-002   13.041234761966560        2.0394582677135848        2.0000000000000000     
   2650.0052000000001        1.1824967000000000E-002   13.201038523447579        1.7763259835591594        3.5000000000000000     
   740.00521000000003        1.1795346000000000E-002   13.120674813661225        1.4111418012574535        2.5000000000000000     
   660.00521000000003        1.2025034000000000E-002   12.775030457305148        1.2809498704915130        2.5000000000000000     
   580.00409000000002        1.1946099000000000E-002   13.178881269391573       0.87259563833248976        1.0000000000000000     
   720.00521000000003        1.1856172999999999E-002   13.052391864402907       0.58577785869908183        2.5000000000000000     
   680.00521000000003        1.1970840000000000E-002   12.878656486384477       0.38936383751762249        2.5000000000000000     
   560.00432000000001        1.1879026000000001E-002   12.986201401694746       0.37062776812307269        1.0000000000000000     
   560.00409000000002        1.1967912000000001E-002   12.907110957748147       0.24145034273356805        1.0000000000000000     
