  #time	ai	proti	chi2	massp                                                                                                                                                                              
   540.00469999999996        1.2387660999999999E-002   12.439189168884123        99.921713757887687        2.0000000000000000     
   460.00520000000000        1.2993403000000001E-002   11.134456575917472        99.793357286091094        3.5000000000000000     
   340.00409999999999        1.0476579999999999E-002   9.0790660215347927        99.098893747350829        1.5000000000000000     
   320.00470000000001        1.2720919000000001E-002   10.008528571831640        98.614447944244475        2.0000000000000000     
   640.00521000000003        1.2077338999999999E-002   12.661357230209960        98.019178591893294        2.5000000000000000     
   320.00520999999998        1.1839479000000000E-002   9.2108656922571406        97.643162569798633        3.0000000000000000     
   7200.0051999999996        1.0580722000000001E-002   12.928157587518250        97.339640541780838        2.5000000000000000     
   440.00405999999998        1.2847756000000000E-002   11.691055625182530        97.294006772502485       0.50000000000000000     
   480.00520000000000        1.2951193999999999E-002   11.277694655893804        97.106813440090050        3.5000000000000000     
   620.00521000000003        1.0710346000000001E-002   9.0522662119762032        96.939155997610058        3.5000000000000000     
   940.00473999999997        1.0290522000000000E-002   12.835763473541673        96.834662206774567        2.0000000000000000     
   920.00521000000003        1.1092750000000000E-002   12.964394161023696        96.686171694902640        2.5000000000000000     
   11500.004999999999        1.1787705000000001E-002   12.801532991643182        96.650005540725388        3.5000000000000000     
   340.00520000000000        1.2842206000000000E-002   10.317723393084293        96.480611809317580       0.50000000000000000     
   1150.0052000000001        9.9283860000000008E-003   12.644282142870951        96.300507695117048        2.0000000000000000     
   88.005206999999999        1.1932813000000000E-002   9.2765513834405731        96.010379558292172        1.0000000000000000     
   540.00409999999999        9.2706204000000004E-003   10.079415108678214        95.955761721873245        1.5000000000000000     
   440.00520000000000        1.2809833000000000E-002   11.733214779006442        95.327488737814491       0.50000000000000000     
   500.00520000000000        1.2907883000000000E-002   11.414690599205603        95.299650338565328        3.5000000000000000     
   1300.0047000000000        9.1117769999999997E-003   10.504735378935775        95.266832885880731        2.0000000000000000     
   640.00519999999995        1.2567198000000000E-002   12.155423821655750        94.777846579011339        3.5000000000000000     
   620.00519999999995        1.2620548000000001E-002   12.077117843003364        94.658969153241216        3.5000000000000000     
   660.00519999999995        1.2511978999999999E-002   12.222813233356709        94.533819276330291        3.5000000000000000     
   600.00519999999995        1.2672159000000001E-002   11.988583910866479        94.335349556274181        3.5000000000000000     
   520.00519999999995        1.2863401999999999E-002   11.544992143714031        94.232090422398215        3.5000000000000000     
   2600.0052000000001        9.0953230000000006E-003   10.624474724032918        94.220347157701227        2.0000000000000000     
   660.00473999999997        1.1500496000000001E-002   12.873204871116998        93.984816081883110        2.0000000000000000     
   580.00519999999995        1.2722147000000000E-002   11.890483146517326        93.968766251316936        3.5000000000000000     
   540.00432000000001        1.1901645000000001E-002   12.715823680060506        93.925364010405275        1.0000000000000000     
   680.00519999999995        1.2454745000000000E-002   12.278569020229247        93.775545317989568        3.5000000000000000     
   540.00519999999995        1.2817675000000001E-002   11.668093904195528        93.757300601879891        3.5000000000000000     
   560.00519999999995        1.2770620000000000E-002   11.783450436902589        93.722247789717329        3.5000000000000000     
   680.00496999999996        1.1434418999999999E-002   12.884905997258185        93.539759742800285        2.0000000000000000     
   320.00497000000001        1.2257438000000001E-002   9.5305018935385473        93.514375606709137        2.0000000000000000     
   1050.0050000000001        9.1658238999999999E-003   10.399433634535740        93.122052109071149        2.0000000000000000     
   10200.004999999999        1.0006485000000001E-002   9.3481549696811541        92.891600699169160        3.0000000000000000     
   360.00520999999998        1.2054723000000000E-002   9.3872237225238173        92.837197665172852        3.5000000000000000     
   360.00405999999998        1.2873183000000000E-002   10.554720675003162        92.677210003246344       0.50000000000000000     
   96.005206999999999        1.0832289000000000E-002   9.0824338377518945        92.629671448902442        1.5000000000000000     
   700.00519999999995        1.2395336999999999E-002   12.321943222647253        92.362481844010091        3.5000000000000000     
   3450.0052000000001        1.0577813000000000E-002   12.873243838808811        92.182106175802375        2.5000000000000000     
   300.00432000000001        1.2147819000000001E-002   9.4609398462311791        92.154865241302133        1.0000000000000000     
   600.00521000000003        1.0375739000000000E-002   9.1861511192163814        91.993737001982865        3.0000000000000000     
   100.00521000000001        1.0814700999999999E-002   9.0922919617185354        91.842139299960564        1.5000000000000000     
   7350.0051999999996        1.0573561000000000E-002   12.867076435970001        91.695613594328861        2.5000000000000000     
   3350.0052000000001        1.1640779000000000E-002   12.803053609719848        91.539999255562535        3.5000000000000000     
   540.00409000000002        1.1989369000000000E-002   12.634833332558554        91.288275330228799        1.0000000000000000     
   620.00521000000003        1.2127888999999999E-002   12.538419149743484        90.971676758947766        2.5000000000000000     
   940.00496999999996        1.0277269000000000E-002   12.761064049587000        90.592165476806926        2.0000000000000000     
   1700.0052000000001        1.0597990999999999E-002   12.858426483629964        90.384003409344544        2.5000000000000000     
   720.00519999999995        1.2333576000000001E-002   12.352152646964784        90.168544095884499        3.5000000000000000     
   420.00405999999998        1.2854167000000000E-002   11.405829169858810        90.065818694700894       0.50000000000000000     
   1050.0052000000001        1.1435973000000000E-002   12.845047008713982        89.856770731091586        3.0000000000000000     
   340.00520999999998        1.2703323000000001E-002   10.176711642092847        89.477827224520354        2.5000000000000000     
   7000.0051999999996        1.0555488000000000E-002   12.836653903950763        89.272209762315327        2.5000000000000000     
   3600.0052000000001        9.6737365999999998E-003   12.335867764437035        88.587933148223016        2.0000000000000000     
   520.00469999999996        1.2421088000000000E-002   12.230772684064878        88.357314011823604        2.0000000000000000     
   360.00520000000000        1.2835803000000000E-002   10.597074198640300        88.313050541185660       0.50000000000000000     
   1050.0047000000000        9.1948826000000008E-003   10.492859122438070        87.891021361070329        2.0000000000000000     
   380.00405999999998        1.2866878999999999E-002   10.837106320069042        87.794293172516646       0.50000000000000000     
   420.00520000000000        1.2816381000000000E-002   11.448040571008349        87.499511278489734       0.50000000000000000     
   320.00520999999998        1.1693019000000001E-002   9.2650473400587305        87.258400028926033        2.5000000000000000     
   740.00519999999995        1.2269258999999999E-002   12.368373930031821        87.086641176598874        3.5000000000000000     
   5750.0051999999996        9.1565151000000001E-003   10.713581896530378        87.011801894544078        2.0000000000000000     
   400.00405999999998        1.2860540000000000E-002   11.121255488179200        86.907803986765188       0.50000000000000000     
   340.00470000000001        1.2693344000000001E-002   10.239427982297901        86.147095602041134        2.0000000000000000     
   8750.0051999999996        1.1644865000000001E-002   12.733644263022274        85.534330759351320        3.5000000000000000     
   340.00520999999998        1.1769955000000000E-002   9.3261926707831151        84.861540595559561        3.0000000000000000     
   600.00521000000003        1.2176805000000001E-002   12.406953019416568        84.109670446143099        2.5000000000000000     
   360.00409999999999        1.0393390000000001E-002   9.2697900166380229        84.040055200003138        1.5000000000000000     
   380.00520000000000        1.2829365000000001E-002   10.879411312242992        84.027952587246261       0.50000000000000000     
   940.00521000000003        1.0988955999999999E-002   12.831199522117849        83.835338995273091        2.5000000000000000     
   400.00520000000000        1.2822890999999999E-002   11.163514051056849        83.741715246645853       0.50000000000000000     
   660.00496999999996        1.1494191000000001E-002   12.759495853246854        83.501258053758889        2.0000000000000000     
   320.00474000000003        1.2261904000000001E-002   9.6789332826522099        83.440475133586176        2.0000000000000000     
   640.00473999999997        1.1557718999999999E-002   12.739237600033309        83.399945947394059        2.0000000000000000     
   760.00519999999995        1.2202159000000001E-002   12.369735937928073        83.034070450880989        3.5000000000000000     
   320.00409000000002        1.2205713999999999E-002   9.6369634284303718        82.790374082823178        1.0000000000000000     
   320.00520000000000        1.1976466000000000E-002   9.4658405208509162        82.678278366226323        2.5000000000000000     
   660.00521000000003        9.9094581000000008E-003   9.5463646822755912        82.558431742623753        2.5000000000000000     
   380.00520999999998        1.1983189999999999E-002   9.4746742942712725        82.332026603952770        3.5000000000000000     
   1800.0052000000001        9.5454627000000000E-003   9.9229797703892721        81.891285110131065        2.5000000000000000     
   960.00473999999997        1.0146492000000000E-002   12.593053178895675        81.657357450660797        2.0000000000000000     
   1250.0047000000000        9.7865439999999995E-003   12.317408276072170        80.201001311782846        2.0000000000000000     
   360.00520999999998        1.2668366000000000E-002   10.370571001237485        79.490652581588932        2.5000000000000000     
   500.00470000000001        1.2453791000000001E-002   12.019123796372837        78.803041496118055        2.0000000000000000     
   6750.0051999999996        1.1576074000000000E-002   12.677967697294447        78.685919487399531        3.5000000000000000     
   520.00409999999999        9.4523252000000002E-003   10.139897031236581        78.376862560105309        1.5000000000000000     
   1100.0052000000001        1.1312228000000001E-002   12.742002287776300        78.301455227249903        3.0000000000000000     
   2200.0052000000001        9.5512316999999992E-003   9.9872823221289693        78.113168940976379        2.5000000000000000     
   780.00519999999995        1.2132017000000000E-002   12.355310204379357        77.958206209647130        3.5000000000000000     
   580.00521000000003        1.2224198000000000E-002   12.267652644918325        77.640099980012508        2.5000000000000000     
   90.005206999999999        1.1929438000000001E-002   9.5081074560495509        77.239958396306321        1.0000000000000000     
   600.00521000000003        1.0866875999999999E-002   9.2549866321462257        76.569839087738956        3.5000000000000000     
   960.00496999999996        1.0131882000000000E-002   12.519119424430981        76.533816422712988        2.0000000000000000     
   360.00470000000001        1.2665286000000000E-002   10.466794916481556        76.437131363139969        2.0000000000000000     
   340.00497000000001        1.2221566000000000E-002   9.7547132530648835        76.074065090652397        2.0000000000000000     
   6450.0051999999996        1.1575929000000000E-002   12.631332529160677        74.823499279651699        3.5000000000000000     
   360.00520999999998        1.1697313000000001E-002   9.4288533989517305        73.868675323865943        3.0000000000000000     
   4100.0051999999996        1.0504582000000000E-002   12.644226301760019        73.722976448851639        2.5000000000000000     
   4950.0051999999996        9.5634666000000007E-003   11.939505495959320        73.657471605274068        2.0000000000000000     
   520.00432000000001        1.1923889000000000E-002   12.444952261323300        73.536447568161691        1.0000000000000000     
   640.00496999999996        1.1551605000000000E-002   12.622817959715265        73.445153582169539        2.0000000000000000     
   400.00520999999998        1.1908435000000000E-002   9.5507881648839437        73.136726784237894        3.5000000000000000     
   620.00473999999997        1.1612786999999999E-002   12.594926024673629        72.982421867791601        2.0000000000000000     
   340.00520999999998        1.1629847000000000E-002   9.4198001381398697        72.343469811444336        2.5000000000000000     
   2850.0052000000001        9.4828156999999993E-003   11.768515019849307        72.311590864948002        2.0000000000000000     
   320.00432000000001        1.2128836000000000E-002   9.7307999806456298        72.128485509977082        1.0000000000000000     
   380.00409999999999        1.0305078000000001E-002   9.4514574720903646        72.022512494056798        1.5000000000000000     
   520.00409000000002        1.2010485000000000E-002   12.362222966156235        71.918283525876774        1.0000000000000000     
   800.00519999999995        1.2058536999999999E-002   12.324097808273365        71.843389765132699        3.5000000000000000     
   560.00521000000003        1.2270166000000001E-002   12.121171139357369        71.758660883337967        2.5000000000000000     
   380.00520999999998        1.2632658000000000E-002   10.563388476748150        71.405047404878346        2.5000000000000000     
   480.00470000000001        1.2485807999999999E-002   11.804568452127244        71.373897481727539        2.0000000000000000     
   580.00521000000003        1.0542436000000001E-002   9.3868915972683720        70.287086652205119        3.0000000000000000     
   960.00521000000003        1.0877163000000000E-002   12.665905480514104        69.758247915741393        2.5000000000000000     
   120.00521000000001        1.1885379999999999E-002   12.412080996097638        69.446761603023162        1.0000000000000000     
   380.00470000000001        1.2636733000000001E-002   10.694576038132865        69.304471058517692        2.0000000000000000     
   2950.0052000000001        9.4298856000000000E-003   11.498644792148049        67.847649374221490        2.0000000000000000     
   340.00474000000003        1.2226083000000000E-002   9.9004886882353116        67.805117187770151        2.0000000000000000     
   1200.0052000000001        9.3553167999999992E-003   11.072470179498271        67.755872294736648        2.0000000000000000     
   980.00473999999997        9.9856106999999996E-003   12.289812428161635        67.315043855095283        2.0000000000000000     
   340.00520000000000        1.1923281000000001E-002   9.6485969940952394        66.968446949275688        2.5000000000000000     
   540.00521000000003        1.2314801000000000E-002   11.968121106988626        66.649005170169104        2.5000000000000000     
   500.00409999999999        9.6119686999999992E-003   10.140708641699584        66.625315089139008        1.5000000000000000     
   460.00470000000001        1.2517171000000001E-002   11.587380091028999        66.170583014827457        2.0000000000000000     
   3500.0052000000001        1.0405526999999999E-002   9.4873860877008820        66.034973626932072        3.5000000000000000     
   1100.0052000000001        9.6701626000000006E-003   10.067392966589859        65.955586315864352        2.5000000000000000     
   420.00520999999998        1.1830129999999999E-002   9.6131251352593843        65.313442121098106        3.5000000000000000     
   400.00520999999998        1.2596169000000001E-002   10.753773902854615        65.209572359826453        2.5000000000000000     
   340.00409000000002        1.2187341000000001E-002   9.9088573861627438        65.009272243955067        1.0000000000000000     
   400.00470000000001        1.2607668000000001E-002   10.921408021058211        64.769330694467740        2.0000000000000000     
   820.00519999999995        1.1981377000000000E-002   12.275012121681520        64.718918169386001        3.5000000000000000     
   380.00520999999998        1.1621256000000000E-002   9.5218885279032008        64.269312396698552        3.0000000000000000     
   760.00519999999995        9.8476468999999997E-003   9.8957433705363904        63.682510038638782        2.5000000000000000     
   620.00496999999996        1.1606849000000001E-002   12.475907726441601        63.664231986471563        2.0000000000000000     
   980.00496999999996        9.9692873000000008E-003   12.215608533020195        63.501819628229143        2.0000000000000000     
   440.00470000000001        1.2547915999999999E-002   11.367759218627580        63.282272574230618        2.0000000000000000     
   400.00409999999999        1.0210942000000001E-002   9.6204649187772624        63.143238560698727        1.5000000000000000     
   580.00521000000003        1.1008639000000001E-002   9.4117378732400265        63.066278511156149        3.5000000000000000     
   600.00473999999997        1.1665864999999999E-002   12.441220213087066        63.012296533352682        2.0000000000000000     
   420.00470000000001        1.2578071999999999E-002   11.145796128771464        62.789196838409069        2.0000000000000000     
   520.00521000000003        1.2358187000000000E-002   11.809073170924385        62.481784914268175        2.5000000000000000     
   5250.0051999999996        1.1039106000000000E-002   12.567010055235617        61.426242983564606        3.0000000000000000     
   360.00497000000001        1.2184863000000001E-002   9.9738835717891980        61.420382314120019        2.0000000000000000     
   92.005206999999999        1.1926048999999999E-002   9.7397528413351075        61.144741182978080        1.0000000000000000     
   2700.0052000000001        1.1546668000000000E-002   12.461954567063259        60.903925244581302        3.5000000000000000     
   420.00520999999998        1.2558860000000000E-002   10.940196057647322        60.840528344762888        2.5000000000000000     
   7150.0051999999996        1.0022056999999999E-002   9.7940301130409964        60.268397111937816        3.0000000000000000     
   360.00520999999998        1.1564058000000000E-002   9.5639978377395476        59.506589800003269        2.5000000000000000     
   500.00520999999998        1.2400400000000001E-002   11.644554086774635        59.414255437016052        2.5000000000000000     
   480.00409999999999        9.7545594999999992E-003   10.095849655259393        59.215248473526344        1.5000000000000000     
   7050.0051999999996        1.1015864000000000E-002   12.536940639457894        59.060953133182821        3.0000000000000000     
   10100.004999999999        1.1184758000000000E-002   12.525465950941184        59.029545460454450        3.0000000000000000     
   440.00520999999998        1.1747881999999999E-002   9.6605365130637164        58.837247338722605        3.5000000000000000     
   440.00520999999998        1.2520682000000000E-002   11.122592951967608        58.187572334605989        2.5000000000000000     
   2700.0052000000001        1.0377350000000000E-002   12.385571439070082        57.687529940997365        2.5000000000000000     
   480.00520999999998        1.2441511000000001E-002   11.475039717897008        57.590419874061709        2.5000000000000000     
   420.00409999999999        1.0110104999999999E-002   9.7728994638276738        57.442220800865378        1.5000000000000000     
   460.00520999999998        1.2481585000000000E-002   11.300943202978317        57.141525796255898        2.5000000000000000     
   500.00432000000001        1.1945773000000000E-002   12.173753586156247        56.804601316958284        1.0000000000000000     
   840.00519999999995        1.1900140999999999E-002   12.206855703966385        56.668862690189101        3.5000000000000000     
   1000.0047000000000        9.8031812999999999E-003   11.912803921501562        56.639651182909262        2.0000000000000000     
   1750.0052000000001        1.0089745000000001E-002   9.8070890783820133        56.290015784831638        3.0000000000000000     
   500.00409000000002        1.2031274000000000E-002   12.089434001206529        56.259813110583778        1.0000000000000000     
   400.00520999999998        1.1541434999999999E-002   9.6027336954456626        56.137623542363919        3.0000000000000000     
   560.00521000000003        1.0692073999999999E-002   9.5356800976395277        55.976278470312437        3.0000000000000000     
   340.00432000000001        1.2109597999999999E-002   10.001930415999302        55.683766215745074        1.0000000000000000     
   640.00521000000003        1.0101738000000001E-002   9.8104963730053498        55.544837446907358        2.5000000000000000     
   460.00409999999999        9.8835560999999995E-003   10.015151576282507        55.409335840394533        1.5000000000000000     
   980.00521000000003        1.0755997999999999E-002   12.464568580158394        55.112451026860356        2.5000000000000000     
   440.00409999999999        1.0001451999999999E-002   9.9057472189849580        54.862181793895317        1.5000000000000000     
   360.00474000000003        1.2189438000000000E-002   10.117574488809032        54.835939672953927        2.0000000000000000     
   560.00521000000003        1.1138296000000001E-002   9.5294690753403692        54.539673012906512        3.5000000000000000     
   1000.0050000000000        9.7846229999999992E-003   11.836841207056407        54.436112792935496        2.0000000000000000     
   600.00496999999996        1.1660088000000001E-002   12.319720099364970        54.434431963014390        2.0000000000000000     
   580.00473999999997        1.1717099999999999E-002   12.278998383303543        53.751731293063713        2.0000000000000000     
   460.00520999999998        1.1661229000000000E-002   9.6917048741448255        53.721497446427051        3.5000000000000000     
   360.00520000000000        1.1868274000000000E-002   9.8232113122542692        53.468283787533558        2.5000000000000000     
   1250.0052000000001        1.0104663000000000E-002   9.8827423194769661        51.247326788929847        3.0000000000000000     
   360.00409000000002        1.2168729000000000E-002   10.179128675337001        50.993931400644001        1.0000000000000000     
   5350.0051999999996        1.0081194000000000E-002   9.9149763832184838        50.537018054421864        3.0000000000000000     
   480.00520999999998        1.1569625000000000E-002   9.7049127282626753        50.043091211219753        3.5000000000000000     
   540.00521000000003        1.1257840999999999E-002   9.6136374053816116        49.712079277922072        3.5000000000000000     
   420.00520999999998        1.1457426999999999E-002   9.6687263103144634        49.538226373281582        3.0000000000000000     
   380.00497000000001        1.2147296000000000E-002   10.192088357977386        49.225234499588531        2.0000000000000000     
   380.00520999999998        1.1495424000000001E-002   9.7009420255323509        48.324913072798950        2.5000000000000000     
   1650.0052000000001        1.1060624999999999E-002   12.385777534225225        48.101367698556928        3.0000000000000000     
   500.00520999999998        1.1472415999999999E-002   9.6980597973839089        47.955628225087466        3.5000000000000000     
   860.00519999999995        1.1814366000000000E-002   12.118290626475858        47.844147586425983        3.5000000000000000     
   520.00521000000003        1.1368812000000001E-002   9.6686336265786750        47.713966641694398        3.5000000000000000     
   94.005206999999999        1.1922647999999999E-002   9.9740088753501634        47.598428285071037        1.0000000000000000     
   540.00521000000003        1.0827968000000000E-002   9.6414071220252300        46.884239089866625        3.0000000000000000     
   580.00496999999996        1.1711472000000001E-002   12.155135520620657        46.013261589804472        2.0000000000000000     
   98.005206999999999        1.1915930000000000E-002   10.008264109322242        45.561696370820641        1.0000000000000000     
   560.00473999999997        1.1766624999999999E-002   12.109072338838612        45.443883410941531        2.0000000000000000     
   440.00520999999998        1.1368722000000000E-002   9.7184018275369137        44.461243671591568        3.0000000000000000     
   1100.0052000000001        1.1160926999999999E-002   12.322034669683596        44.341827909877360        3.0000000000000000     
   480.00409000000002        1.2051750000000000E-002   11.816592392759285        44.325030860706903        1.0000000000000000     
   380.00474000000003        1.2151933000000000E-002   10.334004850103709        44.262480749967928        2.0000000000000000     
   480.00432000000001        1.1967312000000001E-002   11.902365101434732        43.748882615988997        1.0000000000000000     
   360.00432000000001        1.2090101000000001E-002   10.271381936828526        42.980112909953938        1.0000000000000000     
   380.00520000000000        1.1811321000000000E-002   9.9929839014785049        41.808079768941141        2.5000000000000000     
   520.00521000000003        1.0952543000000000E-002   9.7108697587060089        41.602722411357554        3.0000000000000000     
   460.00520999999998        1.1274706000000001E-002   9.7500179852942814        40.947959519292780        3.0000000000000000     
   1000.0051999999999        1.0623690999999999E-002   12.222237834612109        40.886843761807597        2.5000000000000000     
   380.00409000000002        1.2149877000000000E-002   10.451696560089903        40.571345879765147        1.0000000000000000     
   1050.0052000000001        1.0594239000000000E-002   9.8009312901641081        40.060193137454121        3.5000000000000000     
   400.00497000000001        1.2108825000000000E-002   10.407937235603125        39.500781232065577        2.0000000000000000     
   11400.004999999999        9.8574664000000006E-003   10.482016881446434        39.342239904819458        2.5000000000000000     
   500.00520999999998        1.1067629000000001E-002   9.7494066424028674        39.213934533195122        3.0000000000000000     
   6350.0051999999996        1.1398062000000000E-002   12.186059850461429        39.129782270056729        3.5000000000000000     
   480.00520999999998        1.1174643000000000E-002   9.7612973224392618        39.122111416448142        3.0000000000000000     
   400.00520999999998        1.1423680000000000E-002   9.8283642752965772        38.805874549002731        2.5000000000000000     
   560.00496999999996        1.1761133999999999E-002   11.982967112486387        38.638732766501413        2.0000000000000000     
   880.00519999999995        1.1723503000000000E-002   12.007797760294629        38.477822821055177        3.5000000000000000     
   540.00473999999997        1.1814559000000001E-002   11.932191663987211        38.312191762843753        2.0000000000000000     
   620.00521000000003        1.0270794000000000E-002   10.003988781590625        38.094493373352925        2.5000000000000000     
   7850.0051999999996        1.0528302000000000E-002   9.8602469595726436        38.038399222366998        3.5000000000000000     
   6450.0051999999996        1.0534426000000000E-002   9.8587172113898145        37.982138129678098        3.5000000000000000     
   6550.0051999999996        1.0929054000000001E-002   12.230056055057192        37.951779716528122        3.0000000000000000     
   96.005206999999999        1.1919236999999999E-002   10.198062141071809        37.202525381953834        1.0000000000000000     
   100.00521000000001        1.1913206000000001E-002   10.208416050406210        36.513759278766869        1.0000000000000000     
   740.00519999999995        1.0052148000000000E-002   10.252586424198128        36.426262398518148        2.5000000000000000     
   7750.0051999999996        1.1379169999999999E-002   12.145705524468049        36.410275146017980        3.5000000000000000     
   460.00409000000002        1.2071926000000000E-002   11.543784071404177        36.118162875749277        1.0000000000000000     
   400.00474000000003        1.2113530000000001E-002   10.548249196056950        36.100697658216781        2.0000000000000000     
   2750.0052000000001        9.8266916999999992E-003   10.814689722794427        35.274808355445472        2.5000000000000000     
   460.00432000000001        1.1988522000000000E-002   11.630883250038693        34.379736429318143        1.0000000000000000     
   380.00432000000001        1.2070341000000000E-002   10.543067757984154        33.860424543359514        1.0000000000000000     
   400.00409000000002        1.2130779000000000E-002   10.725199930582727        33.854407183640276        1.0000000000000000     
   2600.0052000000001        1.0933600999999999E-002   12.152215694274318        33.300244849755231        3.0000000000000000     
   520.00473999999997        1.1861009000000000E-002   11.749044992268542        32.560122981447847        2.0000000000000000     
   540.00496999999996        1.1809194000000000E-002   11.803963164939242        32.528792850880407        2.0000000000000000     
   2150.0052000000001        1.0205587000000000E-002   11.810894436179064        32.216045337102535        2.5000000000000000     
   420.00497000000001        1.2069402000000000E-002   10.619945306362810        32.201556530888553        2.0000000000000000     
   400.00520000000000        1.1752277000000000E-002   10.155842355372529        31.963070526688028        2.5000000000000000     
   440.00409000000002        1.2091815000000001E-002   11.271030592818937        31.637940862687987        1.0000000000000000     
   140.00521000000001        1.0659139000000000E-002   12.063634121339266        31.187593438812119        1.5000000000000000     
   420.00520999999998        1.1348511000000000E-002   9.9438744363545997        30.921527405036027        2.5000000000000000     
   420.00409000000002        1.2111429000000000E-002   10.998252106223497        30.881938489622001        1.0000000000000000     
   420.00474000000003        1.2074181000000000E-002   10.758713309398722        30.302103609635122        2.0000000000000000     
   1150.0052000000001        1.1008258000000000E-002   12.092305636113974        29.829994042392649        3.0000000000000000     
   1750.0052000000001        1.0206840999999999E-002   11.742533455332097        29.511428673040101        2.5000000000000000     
   900.00519999999995        1.1626898000000000E-002   11.873623382796216        28.905472862068223        3.5000000000000000     
   440.00432000000001        1.2009417000000000E-002   11.359340596851750        28.701209801670839        1.0000000000000000     
   400.00432000000001        1.2050313999999999E-002   10.815630810091466        28.428788787669919        1.0000000000000000     
   500.00474000000003        1.1906076000000000E-002   11.560259952139660        28.371624096798264        2.0000000000000000     
   12200.004999999999        1.0349640000000000E-002   11.841584429568874        28.280812048874793        2.5000000000000000     
   11300.004999999999        9.9698515999999994E-003   10.759121271329725        27.980708495894643        2.5000000000000000     
   520.00496999999996        1.1855762000000001E-002   11.618810642632543        27.881380941688871        2.0000000000000000     
   7250.0051999999996        1.0108677000000000E-002   11.562410985284314        27.769070935253630        2.5000000000000000     
   440.00497000000001        1.2028969000000000E-002   10.828088006224316        27.208274729452224        2.0000000000000000     
   600.00521000000003        1.0421845000000001E-002   10.140888373014942        26.808399663450682        2.5000000000000000     
   440.00474000000003        1.2033828000000000E-002   10.965300546795616        26.750110990028450        2.0000000000000000     
   420.00432000000001        1.2030010000000001E-002   11.087668522806361        26.715160584105444        1.0000000000000000     
   3500.0052000000001        1.0106011000000000E-002   11.513598229482231        26.574987649168456        2.5000000000000000     
   7400.0051999999996        1.0101980000000000E-002   11.504954833591382        26.535483437827381        2.5000000000000000     
   1750.0052000000001        1.0122745000000001E-002   11.532665818935568        26.332731002841673        2.5000000000000000     
   7050.0051999999996        1.0072009000000000E-002   11.437746998306260        26.319744210154486        2.5000000000000000     
   480.00474000000003        1.1949847000000000E-002   11.366398922128946        25.911438378219934        2.0000000000000000     
   4150.0051999999996        1.0004177000000000E-002   11.207637060694008        25.869416128020706        2.5000000000000000     
   460.00474000000003        1.1992406000000001E-002   11.167948820900429        25.326913104925541        2.0000000000000000     
   3400.0052000000001        1.1324479000000000E-002   11.943340148907723        24.879430919524140        3.5000000000000000     
   500.00497000000001        1.1900937000000000E-002   11.428132776508948        24.874629695936704        2.0000000000000000     
   440.00520999999998        1.1269533999999999E-002   10.046363333591339        24.551786131065636        2.5000000000000000     
   460.00497000000001        1.1987461000000000E-002   11.032345673089718        24.403137958064875        2.0000000000000000     
   420.00520000000000        1.1690973000000000E-002   10.309663785867464        23.850194629790316        2.5000000000000000     
   480.00497000000001        1.1944809000000001E-002   11.232485538490725        23.667840389467649        2.0000000000000000     
   720.00519999999995        1.0230397000000000E-002   10.527291664898019        20.393549273735218        2.5000000000000000     
   580.00521000000003        1.0558507000000000E-002   10.231392010630284        19.641857565349461        2.5000000000000000     
   460.00520999999998        1.1186303999999999E-002   10.134525580665308        19.593878259226724        2.5000000000000000     
   920.00519999999995        1.1523759000000000E-002   11.713705054921713        19.592459854530983        3.5000000000000000     
   1050.0052000000001        1.0226621000000000E-002   11.389664833025714        18.748844635803202        2.5000000000000000     
   440.00520000000000        1.1627204000000000E-002   10.453753530832209        17.294251841929579        2.5000000000000000     
   6800.0051999999996        1.1243361000000000E-002   11.770698153361446        16.330005130154177        3.5000000000000000     
   8800.0051999999996        1.1293731000000000E-002   11.751824215883925        16.287938486603778        3.5000000000000000     
   480.00520999999998        1.1098288000000000E-002   10.206613636319362        15.978060868676232        2.5000000000000000     
   560.00521000000003        1.0683397000000001E-002   10.283191958673886        15.351280436758977        2.5000000000000000     
   1200.0052000000001        1.0384011000000000E-002   10.532280199359395        14.955106817093050        3.0000000000000000     
   6500.0051999999996        1.1244703000000000E-002   11.726420870344443        14.689170659501045        3.5000000000000000     
   500.00520999999998        1.1004853000000000E-002   10.260452046691203        13.673867763840049        2.5000000000000000     
   540.00521000000003        1.0798469999999999E-002   10.302271881784771        13.185971384791825        2.5000000000000000     
   520.00521000000003        1.0905229000000001E-002   10.293400744596907        12.706600893780328        2.5000000000000000     
   10100.004999999999        1.1363771000000000E-002   11.608973143601135        12.579440642553752        3.5000000000000000     
   10400.004999999999        1.0460393000000000E-002   10.543850412489309        12.481204228639136        3.0000000000000000     
   460.00520000000000        1.1560740000000000E-002   10.587370332193450        12.117315029155307        2.5000000000000000     
   940.00519999999995        1.1413115999999999E-002   11.525571803875554        11.172263771888714        3.5000000000000000     
   700.00519999999995        1.0388598000000001E-002   10.736184574845970        11.085275024139825        2.5000000000000000     
   2750.0052000000001        1.1212265000000001E-002   11.571564989892074        9.2935740108938223        3.5000000000000000     
   1150.0052000000001        1.0823240000000000E-002   11.583418897136559        9.2905424642645045        3.0000000000000000     
   2800.0052000000001        1.0789941000000001E-002   10.451017491302386        8.6376642896105018        3.5000000000000000     
   480.00520000000000        1.1491316999999999E-002   10.709489536394116        8.1447183408617203        2.5000000000000000     
   5300.0051999999996        1.0634087000000000E-002   11.433358028579425        8.0422876417800744        3.0000000000000000     
   7100.0051999999996        1.0598586000000000E-002   11.371703359703767        7.4824147758653057        3.0000000000000000     
   8850.0051999999996        1.0838326000000001E-002   10.502264547819957        6.8469764142563614        3.5000000000000000     
   6600.0051999999996        1.0485217999999999E-002   10.991030633273082        6.6270242612509183        3.0000000000000000     
   2650.0052000000001        1.0496205000000000E-002   10.959763334731338        6.3857101008055581        3.0000000000000000     
   680.00519999999995        1.0530962000000000E-002   10.890876724747550        5.7976136351526240        2.5000000000000000     
   1700.0052000000001        1.0651693000000000E-002   11.297616792178577        5.2473381181347900        3.0000000000000000     
   500.00520000000000        1.1418630000000001E-002   10.818851947907874        5.2016425388312673        2.5000000000000000     
   11600.004999999999        1.0945050000000000E-002   10.552276039642308        5.0869060339214434        3.5000000000000000     
   6550.0051999999996        1.0827333000000000E-002   10.597825200291327        4.7889614773918030        3.5000000000000000     
   960.00519999999995        1.1293760000000000E-002   11.306203759564008        4.5013920384208141        3.5000000000000000     
   1200.0052000000001        1.0625449000000000E-002   11.186996011323295        4.3813991474419307        3.0000000000000000     
   6850.0051999999996        1.0823785000000001E-002   10.638019895339180        4.0520330014784109        3.5000000000000000     
   520.00519999999995        1.1342329999999999E-002   10.913979459508392        3.1147341996718398        2.5000000000000000     
   660.00519999999995        1.0660484000000000E-002   11.000003051107548        2.8817780022323971        2.5000000000000000     
   120.00521000000001        1.0730694000000001E-002   11.076646631654555        1.9600107817304047        1.5000000000000000     
   540.00519999999995        1.1262006000000000E-002   10.993169290877910        1.7173451522516459        2.5000000000000000     
   1000.0051999999999        1.1022318999999999E-002   10.757637921681910        1.4809378260565520        3.5000000000000000     
   640.00519999999995        1.0779370999999999E-002   11.070221186006716        1.3402043229402736        2.5000000000000000     
   560.00519999999995        1.1177176000000000E-002   11.054470840665369       0.85896022390976079        2.5000000000000000     
   6400.0051999999996        1.1024493999999999E-002   11.170907578130098       0.74523388645249977        3.5000000000000000     
   980.00519999999995        1.1164156999999999E-002   11.051830572179529       0.74084825357248663        3.5000000000000000     
   620.00519999999995        1.0889304000000001E-002   11.106819032977233       0.59159776253103802        2.5000000000000000     
   7800.0051999999996        1.1009899000000000E-002   11.146995120438767       0.54263887487007201        3.5000000000000000     
   3450.0052000000001        1.0931321000000001E-002   10.882426767746670       0.46350674524592211        3.5000000000000000     
   580.00519999999995        1.1087267000000000E-002   11.095644103014733       0.41908309606590671        2.5000000000000000     
