  #time	ai	proti	chi2	massp                                                                                                                                                                              
   11500.004999999999        1.3294120000000000E-002   20.523690640144800        99.909493917253144        2.5000000000000000     
   2500.0052000000001        1.3994830000000000E-002   19.012043332945609        99.487299295440721        3.5000000000000000     
   2600.0052000000001        1.1252003999999999E-002   17.151875596544457        99.376543828509853        2.0000000000000000     
   9550.0051999999996        1.3668592000000000E-002   17.910809408633174        99.263387802500716        3.5000000000000000     
   2400.0052000000001        1.1971147000000000E-002   17.007938140549921        99.228570731547549        2.5000000000000000     
   1550.0052000000001        1.3941996000000000E-002   19.425880086490086        98.818062430599966        3.0000000000000000     
   11000.004999999999        1.3655716000000000E-002   17.906882909781888        98.407513711973081        3.5000000000000000     
   6250.0051999999996        1.3325185000000000E-002   17.523701915373717        98.389283566744766        3.5000000000000000     
   880.00472000000002        1.2952475999999999E-002   17.263152556713692        98.096238193986721        1.5000000000000000     
   6200.0051999999996        1.3642649999999999E-002   20.104288520690957        97.943806485420595        3.0000000000000000     
   7200.0051999999996        1.3355402000000001E-002   17.560164669513533        97.756009788898808        3.5000000000000000     
   460.00520999999998        1.3560028000000000E-002   20.210000408845591        97.444710737928020       0.50000000000000000     
   12200.004999999999        1.3706608000000000E-002   18.014739186687976        97.081246353360797        3.5000000000000000     
   1050.0052000000001        1.3965381000000001E-002   19.114666968682496        96.896779590928503        2.0000000000000000     
   9400.0051999999996        1.3744025000000000E-002   19.906019701794019        96.562375746894389        3.0000000000000000     
   1800.0052000000001        1.2687254000000000E-002   20.839061121048946        96.361594763438134        2.0000000000000000     
   12100.004999999999        1.3925221000000000E-002   18.618099409083310        96.308103577595617        3.5000000000000000     
   6450.0051999999996        1.3129511000000000E-002   20.603011125470463        96.135993884507357        2.5000000000000000     
   980.00521000000003        1.3758098999999999E-002   18.131637884580485        96.124124774758741        2.0000000000000000     
   7950.0051999999996        1.3940576999999999E-002   19.274953164046639        96.035963084035558        3.5000000000000000     
   2800.0052000000001        1.3449861000000000E-002   17.682981587471520        95.915861819341671        3.5000000000000000     
   880.00519999999995        1.3411230999999999E-002   17.645611482960312        95.648530910106501        1.5000000000000000     
   340.00520999999998        1.3346869000000001E-002   17.586364748621286        95.310518979987108        1.0000000000000000     
   1250.0052000000001        1.2477805000000000E-002   17.109944642502409        95.015169437545069        2.5000000000000000     
   4300.0051999999996        1.2433425000000000E-002   20.899751690572508        94.922840459779607        2.0000000000000000     
   11900.004999999999        1.2582473000000000E-002   20.856390751012622        94.636533265286261        2.0000000000000000     
   5500.0051999999996        1.3933404000000000E-002   19.216707291247360        94.625331618960487        3.5000000000000000     
   11300.004999999999        1.2562792999999999E-002   20.862227365352567        94.615665844215300        2.0000000000000000     
   1200.0052000000001        1.2593971000000001E-002   17.150414941599145        94.344158824325831        2.5000000000000000     
   9450.0051999999996        1.3894547000000000E-002   18.577073234716160        94.204389000472901        3.5000000000000000     
   10900.004999999999        1.3878414000000000E-002   18.522253769570366        93.917019688883684        3.5000000000000000     
   6900.0051999999996        1.3929683000000000E-002   19.173016803747046        93.840287052792092        3.5000000000000000     
   9500.0051999999996        1.3784993000000001E-002   18.251310827620738        93.668390779051435        3.5000000000000000     
   740.00521000000003        1.2880279000000000E-002   17.278120839458584        93.493972803466505        1.0000000000000000     
   5800.0051999999996        1.3367617000000000E-002   17.633668735684662        93.430935534927869        3.5000000000000000     
   6250.0051999999996        1.3122043999999999E-002   20.570928064189125        93.169942771388392        2.5000000000000000     
   1350.0047000000000        1.2358101000000000E-002   20.895891472911178        93.066017565393977        1.5000000000000000     
   780.00521000000003        1.3106596999999999E-002   20.574805935041088        92.614266035232177        1.0000000000000000     
   1800.0052000000001        1.2104835000000000E-002   17.079834272769922        92.450667198176205        2.5000000000000000     
   2550.0052000000001        1.3913646000000000E-002   18.826016260062300        92.307788479961587        3.5000000000000000     
   7050.0051999999996        1.0515251999999999E-002   17.780896737626779        92.267236372999321        1.5000000000000000     
   4400.0051999999996        1.3638460000000000E-002   20.001433140191622        92.185490290529657        3.0000000000000000     
   1250.0052000000001        1.3486335000000000E-002   20.210563760505586        91.866410460448421        2.0000000000000000     
   9750.0051999999996        1.2882078999999999E-002   17.299556062210819        91.739322523558656        3.0000000000000000     
   3300.0052000000001        1.3195890000000000E-002   20.496335755007500        91.729339733581369        2.5000000000000000     
   6600.0051999999996        1.3127366000000000E-002   20.547581192631785        91.649040964520907        2.5000000000000000     
   6150.0051999999996        1.2669437000000000E-002   17.210802624695880        91.234326800059591        3.0000000000000000     
   2150.0052000000001        1.2525712000000000E-002   20.835056146389672        91.095102023819820        2.0000000000000000     
   5950.0051999999996        1.3902968000000000E-002   19.144293326737252        91.052698887680677        3.5000000000000000     
   4700.0051999999996        1.1280366000000000E-002   17.234150495765828        90.902437469872325        2.0000000000000000     
   1450.0041000000001        1.0179044000000000E-002   19.550530237048143        90.474111358502142        1.0000000000000000     
   5650.0051999999996        1.3898437000000000E-002   19.077863816683386        90.253149970735095        3.5000000000000000     
   1600.0052000000001        1.3869743000000000E-002   19.320357727694844        89.964203332847873        3.0000000000000000     
   5200.0051999999996        1.1394823000000000E-002   20.797315697892515        89.914571036301894        1.5000000000000000     
   1400.0043000000001        1.0118863000000001E-002   19.236980187938642        89.870904983993100        1.0000000000000000     
   240.00521000000001        1.1743243000000000E-002   17.121901792074219        89.829423346836862        1.0000000000000000     
   440.00520999999998        1.3564544000000000E-002   20.069281411130241        89.779018843074297       0.50000000000000000     
   3800.0052000000001        1.2024653000000000E-002   17.106148937141608        89.681987795960481        2.5000000000000000     
   2150.0047000000000        1.0555870000000000E-002   17.775300203006509        89.635027758115285        1.5000000000000000     
   1150.0052000000001        1.3175862000000000E-002   20.475696458479280        89.008287139244970        1.5000000000000000     
   5900.0051999999996        1.3429636999999999E-002   17.769280811590814        88.963293265287092        3.5000000000000000     
   240.00521000000001        1.3608980999999999E-002   18.017665355217424        88.845032868515176       0.50000000000000000     
   1650.0047000000000        1.1777767000000000E-002   20.871054603207075        88.755818315833267        1.5000000000000000     
   8250.0051999999996        1.3386649000000000E-002   17.730043619788088        88.389617648122027        3.5000000000000000     
   5700.0051999999996        1.3615419000000000E-002   19.959596314582281        88.260093423129348        3.0000000000000000     
   2750.0052000000001        1.3551763000000000E-002   17.943265415304882        88.116411976016707        3.5000000000000000     
   6950.0051999999996        1.0515705000000000E-002   17.855717119773566        87.812875732330497        1.5000000000000000     
   900.00473000000000        1.3091630000000000E-002   17.479949443015915        87.555243600882307        1.5000000000000000     
   1000.0051999999999        1.3739922000000000E-002   18.317770888611864        87.319131639796581        2.0000000000000000     
   1850.0052000000001        1.3266391000000001E-002   20.372041681938434        87.156114169567502        2.5000000000000000     
   2600.0052000000001        1.3829114999999999E-002   18.626981829588171        87.120110089316668        3.5000000000000000     
   2450.0052000000001        1.0540500000000000E-002   17.842924044860556        86.724127092137849        1.5000000000000000     
   8000.0051999999996        1.3858799000000000E-002   19.050051781348994        86.440976942764763        3.5000000000000000     
   7150.0051999999996        1.3463479000000000E-002   17.861602630169031        85.942985616703936        3.5000000000000000     
   2100.0052000000001        1.2930726999999999E-002   17.397048692770692        85.892640226706376        3.0000000000000000     
   6200.0051999999996        1.3434336999999999E-002   17.829212496444374        85.701651778609090        3.5000000000000000     
   1850.0047000000000        1.1619291000000000E-002   20.810419577164698        85.563957442612434        1.5000000000000000     
   820.00405999999998        1.2716461000000000E-002   17.294415906751400        85.558335072577762       0.50000000000000000     
   5550.0051999999996        1.3849714000000001E-002   18.982167046496979        85.544001722073901        3.5000000000000000     
   6950.0051999999996        1.3844797000000001E-002   18.932859019691694        85.194601356484696        3.5000000000000000     
   1050.0052000000001        1.2581841999999999E-002   20.745575513367147        84.639347803169485       0.50000000000000000     
   2700.0052000000001        1.3648597000000000E-002   18.186571933557577        84.488435132113793        3.5000000000000000     
   9900.0051999999996        1.1461437999999999E-002   17.243365023563321        84.395384774404974        2.0000000000000000     
   360.00520999999998        1.3336791000000001E-002   17.740034647018575        84.363072784259884        1.0000000000000000     
   2650.0052000000001        1.3740897000000000E-002   18.414131797551562        84.349101453618701        3.5000000000000000     
   2650.0052000000001        1.3203480000000000E-002   20.381515604706841        83.923737318643674        2.5000000000000000     
   1400.0041000000001        1.0376787000000000E-002   19.845798416293487        83.754887904401670        1.0000000000000000     
   900.00432000000001        1.1417039000000000E-002   17.267044504282097        83.574455133245834        1.0000000000000000     
   11700.004999999999        1.1423503000000000E-002   17.265589583605518        83.513205266190553        2.0000000000000000     
   760.00521000000003        1.3118641000000000E-002   20.441981494950177        83.266707997884339        1.0000000000000000     
   4850.0051999999996        1.2704887000000000E-002   17.316846567050284        83.246777557325970        3.0000000000000000     
   840.00405999999998        1.3176458000000000E-002   17.606002342500084        83.182072672369202       0.50000000000000000     
   1050.0041000000001        1.2624860999999999E-002   20.712160002726588        83.048576915492561       0.50000000000000000     
   420.00520999999998        1.3569045000000000E-002   19.924613182740508        82.920296215750227       0.50000000000000000     
   5750.0051999999996        1.3474094000000001E-002   17.931094675351485        82.887794740847013        3.5000000000000000     
   6000.0051999999996        1.3817822000000000E-002   18.904963115214439        82.837724996019702        3.5000000000000000     
   5700.0051999999996        1.3813222999999999E-002   18.840046133796278        82.834076309813014        3.5000000000000000     
   9650.0051999999996        1.3696811999999999E-002   19.642499475230856        82.299416804532896        3.0000000000000000     
   1100.0052000000001        1.3528319000000000E-002   18.023641600753002        82.225869478595087        2.5000000000000000     
   3150.0052000000001        1.2050697000000001E-002   17.188821584457262        82.073433527604962        2.5000000000000000     
   2200.0052000000001        1.1465077000000001E-002   20.730232859109531        81.996207197727543        1.5000000000000000     
   1250.0047000000000        1.2708377000000000E-002   20.661629903001970        81.570296293691911        1.5000000000000000     
   5900.0051999999996        1.0534946999999999E-002   17.944470601497223        81.513066978821698        1.5000000000000000     
   1650.0052000000001        1.3794368000000000E-002   19.200092267456526        81.494839910062169        3.0000000000000000     
   1050.0052000000001        1.2648075000000000E-002   20.683703032587793        81.371426107632246        1.0000000000000000     
   5850.0051999999996        1.3532872000000000E-002   18.057417909945354        80.953941427856080        3.5000000000000000     
   900.00409000000002        1.1533636000000000E-002   17.262687034154347        80.893791070729151        1.0000000000000000     
   1000.0051999999999        1.0232710000000001E-002   18.665214182729265        80.884891050211053        1.0000000000000000     
   820.00519999999995        1.2675617000000000E-002   17.333434586268094        80.847463730611125       0.50000000000000000     
   9950.0051999999996        1.2959971000000001E-002   17.488287703460593        80.170459170082864        3.0000000000000000     
   900.00519999999995        1.3395380000000000E-002   17.879100041602960        80.087553051634487        1.5000000000000000     
   10600.004999999999        1.3225651000000000E-002   20.303811701846275        80.053633822728202        2.5000000000000000     
   1200.0052000000001        1.3541325000000000E-002   19.904263156056430        79.834367667165310        2.0000000000000000     
   7000.0051999999996        1.3756127000000000E-002   18.682646114474192        79.617392040042887        3.5000000000000000     
   8050.0051999999996        1.3773445000000000E-002   18.814211012030711        79.490621848778389        3.5000000000000000     
   7100.0051999999996        1.3565923000000001E-002   18.148195222851108        79.442158064255764        3.5000000000000000     
   5600.0051999999996        1.3762338000000001E-002   18.737427389981402        79.369493916031956        3.5000000000000000     
   2200.0052000000001        1.2612650000000000E-002   20.672727863046603        79.333961547219516        2.0000000000000000     
   8200.0051999999996        1.3491345000000000E-002   18.025974586361709        79.320887488387712        3.5000000000000000     
   900.00472000000002        1.2932196999999999E-002   17.482213135627685        79.316704693008830        1.5000000000000000     
   6250.0051999999996        1.3558938000000000E-002   19.858363684477208        79.176900087593808        3.0000000000000000     
   6650.0051999999996        1.2707581000000001E-002   17.371719229604416        78.799227127055360        3.0000000000000000     
   6150.0051999999996        1.3537580000000000E-002   18.118465934159438        78.531366548124083        3.5000000000000000     
   10700.004999999999        1.3211850000000001E-002   20.293097142835652        78.517016691904644        2.5000000000000000     
   5750.0051999999996        1.3724164000000001E-002   18.591442540551636        78.491521044696569        3.5000000000000000     
   1850.0052000000001        1.2591300000000000E-002   20.665745241892317        78.108570896481453        2.0000000000000000     
   11900.004999999999        1.2205774000000001E-002   17.247798648333713        77.813810662428352        2.5000000000000000     
   6050.0051999999996        1.3728818000000000E-002   18.654967692095930        77.696477952029923        3.5000000000000000     
   5800.0051999999996        1.3630867000000000E-002   18.330982495881322        77.682792838696329        3.5000000000000000     
   7050.0051999999996        1.3663309000000000E-002   18.421452329782550        77.532859149997932        3.5000000000000000     
   5700.0051999999996        1.3574993000000000E-002   18.213160168048553        77.492999451846700        3.5000000000000000     
   1350.0041000000001        1.0549483000000000E-002   19.996640557603833        77.432301126261564        1.0000000000000000     
   1350.0043000000001        1.0322369000000000E-002   19.519848517991420        77.117209699069747        1.0000000000000000     
   1300.0047000000000        1.2435841000000000E-002   20.700280163555295        77.022748382524327        1.5000000000000000     
   4750.0051999999996        1.0578710999999999E-002   17.971461389607384        76.948854128097253        1.5000000000000000     
   400.00520999999998        1.3573531999999999E-002   19.774554854232914        76.898457111462534       0.50000000000000000     
   2000.0047000000000        1.0623541000000000E-002   17.920013854391836        76.525237858781963        1.5000000000000000     
   5650.0051999999996        1.3670907000000000E-002   18.481481711347485        76.519788784090679        3.5000000000000000     
   6100.0051999999996        1.3635558000000001E-002   18.393222893089309        76.080713825430863        3.5000000000000000     
   9450.0051999999996        1.3643049000000001E-002   19.584382915594919        76.027838366460031        3.0000000000000000     
   7050.0051999999996        1.2053484000000000E-002   17.261276277139377        75.650515818540967        2.5000000000000000     
   8100.0051999999996        1.3684096000000000E-002   18.566032111375609        75.612690081408317        3.5000000000000000     
   9000.0051999999996        1.1416411000000000E-002   20.636017124561917        75.428202255518315        1.5000000000000000     
   8150.0051999999996        1.3590259000000000E-002   18.303908424027611        75.336682063804503        3.5000000000000000     
   260.00520999999998        1.3604595000000001E-002   18.343459873363386        75.144254228723540       0.50000000000000000     
   5700.0051999999996        1.1309138999999999E-002   20.589764817023603        75.116026089019869        1.5000000000000000     
   380.00520999999998        1.3326655000000000E-002   17.887672631940013        74.932142870250914        1.0000000000000000     
   4450.0051999999996        1.3554513000000001E-002   19.760632622189053        74.876818948927479        3.0000000000000000     
   740.00521000000003        1.3130552000000000E-002   20.308933028867273        74.786337807015698        1.0000000000000000     
   760.00521000000003        1.2866724000000000E-002   17.508436813936900        74.399280046150437        1.0000000000000000     
   5100.0051999999996        1.2371538000000000E-002   20.679745195622910        73.989608263702024        2.0000000000000000     
   1700.0052000000001        1.3715687000000001E-002   19.065182886805598        73.695770982424008        3.0000000000000000     
   3350.0052000000001        1.1320313000000000E-002   17.424345243600978        73.616556967072711        2.0000000000000000     
   7750.0051999999996        1.2342985000000001E-002   20.680940209809304        73.579965522852675        2.0000000000000000     
   2300.0052000000001        1.1363445999999999E-002   17.408177067186674        73.477529732569650        2.0000000000000000     
   6700.0051999999996        1.2049435000000001E-002   17.287507800472710        73.376831634777972        2.5000000000000000     
   980.00521000000003        1.0303992999999999E-002   18.767815288390448        73.258740701938606        1.0000000000000000     
   1050.0052000000001        1.3693225000000000E-002   18.763332226234329        73.075566973712526        2.0000000000000000     
   6750.0051999999996        1.1304375000000000E-002   20.557928691879553        72.775897543011595        1.5000000000000000     
   1700.0047000000000        1.1655753000000000E-002   20.661172613852301        71.950009344249310        1.5000000000000000     
   3000.0052000000001        1.2345235000000000E-002   20.659063123437143        71.791939419131168        2.0000000000000000     
   380.00520999999998        1.3578006000000000E-002   19.617493571933444        71.785034046553392       0.50000000000000000     
   2050.0052000000001        1.3048156000000000E-002   17.672678044215850        71.510364441123215        3.0000000000000000     
   1150.0052000000001        1.3594050000000000E-002   19.559364217849801        71.347096244195271        2.0000000000000000     
   5750.0051999999996        1.3530824000000000E-002   19.713460420259313        71.311199837052357        3.0000000000000000     
   4550.0051999999996        1.1337453000000001E-002   20.548584468227467        70.927058328838569        1.5000000000000000     
   920.00473000000000        1.3072724000000001E-002   17.702760684103154        70.839165771809917        1.5000000000000000     
   1900.0052000000001        1.3179145000000000E-002   20.195242019259940        70.474661082548337        2.5000000000000000     
   6500.0051999999996        1.3037452999999999E-002   20.318343790705850        70.358477007100504        2.5000000000000000     
   6900.0051999999996        1.2059065000000001E-002   17.324667115531874        70.255721613354467        2.5000000000000000     
   3350.0052000000001        1.3107425000000001E-002   20.249795202470043        69.709454853842757        2.5000000000000000     
   9600.0051999999996        1.2496515999999999E-002   20.582274211328624        68.752993898360572        2.0000000000000000     
   1100.0052000000001        1.3644641000000001E-002   19.178171180598184        68.414728104772450        2.0000000000000000     
   1300.0041000000001        1.0702690000000001E-002   20.023695876151002        68.274163418752792        1.0000000000000000     
   260.00520999999998        1.1718252000000000E-002   17.373179226161167        68.148192270877075        1.0000000000000000     
   3800.0052000000001        1.1376206000000000E-002   20.526449843939663        67.979200767962269        1.5000000000000000     
   4000.0052000000001        1.0637443999999999E-002   18.072033880818015        67.942000990587857        1.5000000000000000     
   6300.0051999999996        1.3029888000000000E-002   20.286714919668260        67.907614532216058        2.5000000000000000     
   360.00520999999998        1.3582468000000000E-002   19.452510881719405        67.724279737976261       0.50000000000000000     
   6850.0051999999996        1.1304120000000001E-002   20.490190519073099        67.622917895515343        1.5000000000000000     
   280.00520999999998        1.3600193999999999E-002   18.622523346167611        67.577739673786354       0.50000000000000000     
   920.00519999999995        1.3379301000000000E-002   18.109591386003455        67.382470524327061        1.5000000000000000     
   720.00521000000003        1.3142331000000000E-002   20.175729949568826        67.181526315181429        1.0000000000000000     
   920.00432000000001        1.1383781000000001E-002   17.481934502132468        67.106216557050757        1.0000000000000000     
   1150.0052000000001        1.3460962999999999E-002   18.259168557622630        67.081105121677524        2.5000000000000000     
   1300.0043000000001        1.0499201000000000E-002   19.651066839160976        66.907144215598066        1.0000000000000000     
   1750.0052000000001        1.3633480999999999E-002   18.915493530172370        66.885041385068632        3.0000000000000000     
   960.00521000000003        1.0371606000000000E-002   18.855646608247426        66.812626357473647        1.0000000000000000     
   400.00520999999998        1.3316460000000000E-002   18.031490016969570        66.776964460914755        1.0000000000000000     
   5450.0051999999996        1.1370945000000000E-002   17.493611516696998        66.622910200456644        2.0000000000000000     
   6650.0051999999996        1.3034993999999999E-002   20.261890561445089        66.589509394153907        2.5000000000000000     
   9700.0051999999996        1.3032584000000000E-002   17.737747827835243        66.487756739441153        3.0000000000000000     
   8100.0051999999996        1.1344307000000000E-002   17.509720467344504        66.271658780849521        2.0000000000000000     
   9700.0051999999996        1.3591867000000001E-002   19.326320423586694        66.013142234895042        3.0000000000000000     
   2200.0052000000001        1.2421500000000000E-002   20.566064605249377        65.755513342480128        2.0000000000000000     
   6100.0051999999996        1.2801673000000000E-002   17.594056519449129        65.483916074845880        3.0000000000000000     
   2700.0052000000001        1.3115892000000001E-002   20.161727507278695        64.870644488099700        2.5000000000000000     
   340.00520999999998        1.3586918000000000E-002   19.276321913978091        64.866566595716463       0.50000000000000000     
   300.00520999999998        1.3595780999999999E-002   18.861052417376296        64.145588969086447       0.50000000000000000     
   860.00405999999998        1.3170561000000001E-002   17.908221686397521        64.054824361972365       0.50000000000000000     
   11400.004999999999        1.2458754000000001E-002   20.532094532034673        63.944220707106012        2.0000000000000000     
   2650.0052000000001        1.1434893000000000E-002   17.508388338104048        63.606280529509334        2.0000000000000000     
   920.00409000000002        1.1502705000000000E-002   17.485954745103410        63.490882376944988        1.0000000000000000     
   320.00520999999998        1.3591356000000001E-002   19.078952940028497        63.466190330942190       0.50000000000000000     
   920.00472000000002        1.2911570000000001E-002   17.697346728772725        63.196635033775507        1.5000000000000000     
   6300.0051999999996        1.3471402000000000E-002   19.601454432001262        63.169284449581419        3.0000000000000000     
   1100.0052000000001        1.3223238000000000E-002   20.013782114660515        63.101635640502195        1.5000000000000000     
   4350.0051999999996        1.2324893000000000E-002   20.553554681558399        62.977188586131703        2.0000000000000000     
   2000.0052000000001        1.3158856999999999E-002   17.925984254408217        62.411485042558056        3.0000000000000000     
   840.00405999999998        1.2708920000000000E-002   17.594411103840677        61.956191947959447       0.50000000000000000     
   1900.0047000000000        1.1483706000000000E-002   20.481429207254781        61.529798465152602        1.5000000000000000     
   1800.0052000000001        1.3547497000000000E-002   18.750681967523679        61.422664136679131        3.0000000000000000     
   940.00521000000003        1.0435912000000000E-002   18.930081395015360        61.281500163059583        1.0000000000000000     
   1750.0052000000001        1.2259272999999999E-002   17.459055543838765        61.043305953337580        2.5000000000000000     
   9900.0051999999996        1.3103973999999999E-002   17.900326854195846        60.700991145407123        3.0000000000000000     
   9500.0051999999996        1.3536078999999999E-002   19.249785794237571        60.548293864959085        3.0000000000000000     
   700.00521000000003        1.3153985000000000E-002   20.042437583196310        60.458938249547444        1.0000000000000000     
   4800.0051999999996        1.2834596000000000E-002   17.689862600723142        60.325261805953190        3.0000000000000000     
   4500.0051999999996        1.3466801000000000E-002   19.508735136451946        60.257917841294706        3.0000000000000000     
   420.00520999999998        1.3306205000000000E-002   18.171592187474289        59.810776790738601        1.0000000000000000     
   1900.0052000000001        1.2489915000000001E-002   20.458342485780424        59.169486545035539        2.0000000000000000     
   1250.0047000000000        1.2509398000000000E-002   20.451530947777808        59.160709126983200        1.5000000000000000     
   2350.0052000000001        1.2134328000000000E-002   17.472906626273147        58.751452876917121        2.5000000000000000     
   2250.0052000000001        1.2513878000000001E-002   20.443847452700695        58.719150419187244        2.0000000000000000     
   1200.0047000000000        1.2770915000000001E-002   20.320474551071069        58.449073882837432        1.5000000000000000     
   780.00521000000003        1.2852997000000000E-002   17.737980160793303        58.007448646398942        1.0000000000000000     
   840.00519999999995        1.2667901000000001E-002   17.633091519097086        57.863262695498776       0.50000000000000000     
   1850.0052000000001        1.3457434000000001E-002   18.570204662853484        57.720949950073674        3.0000000000000000     
   1950.0052000000001        1.3263578999999999E-002   18.158990586121412        57.598219576573676        3.0000000000000000     
   1000.0041000000000        1.3127715999999999E-002   20.014445297236623        57.521066783145848       0.50000000000000000     
   940.00519999999995        1.3362987000000000E-002   18.336872513398319        57.436792660276097        1.5000000000000000     
   5800.0051999999996        1.3442354000000000E-002   19.456018069176039        57.208440991086853        3.0000000000000000     
   940.00473000000000        1.3053508000000000E-002   17.921841745417272        56.807608735542900        1.5000000000000000     
   6600.0051999999996        1.2838057999999999E-002   17.750832845310800        56.568994517486949        3.0000000000000000     
   920.00521000000003        1.0497220000000000E-002   18.992317409083512        56.460171617569031        1.0000000000000000     
   1900.0052000000001        1.3362936000000001E-002   18.373306023893939        56.258499048311911        3.0000000000000000     
   1250.0043000000001        1.0655477999999999E-002   19.654055310649987        55.888195911476195        1.0000000000000000     
   1250.0041000000001        1.0840255000000000E-002   19.942665538905946        55.840670618462354        1.0000000000000000     
   1200.0052000000001        1.3390121000000000E-002   18.451195823316326        55.840562691132604        2.5000000000000000     
   5400.0051999999996        1.0673316000000000E-002   18.325668874662075        55.370324445774486        1.5000000000000000     
   5250.0051999999996        1.1242751000000000E-002   20.272985870265540        54.847976364354523        1.5000000000000000     
   9750.0051999999996        1.3480908000000000E-002   18.996494725932550        54.827522555351898        3.0000000000000000     
   680.00521000000003        1.3165517000000000E-002   19.909116205010282        54.623054887588992        1.0000000000000000     
   1950.0052000000001        1.3087710000000001E-002   19.994589809748881        54.308049101287381        2.5000000000000000     
   1750.0047000000000        1.1523682000000000E-002   20.389965232095243        53.972053436056996        1.5000000000000000     
   440.00520999999998        1.3295885000000000E-002   18.308931931805599        53.922326967909420        1.0000000000000000     
   940.00432000000001        1.1349623000000000E-002   17.690181897517590        53.465341849033130        1.0000000000000000     
   2250.0052000000001        1.1317473999999999E-002   20.290635825980353        53.289563746833728        1.5000000000000000     
   280.00520999999998        1.1692866000000000E-002   17.579670242804927        52.791696444362998        1.0000000000000000     
   9650.0051999999996        1.3171820000000001E-002   18.147722862122038        52.488461996993493        3.0000000000000000     
   900.00521000000003        1.0555800000000001E-002   19.043410019085631        52.189954376999353        1.0000000000000000     
   3750.0052000000001        1.2183035000000000E-002   17.572624562864227        51.772559768423058        2.5000000000000000     
   9850.0051999999996        1.3237937999999999E-002   18.286478194468671        51.040098026696505        3.0000000000000000     
   9550.0051999999996        1.3422451000000000E-002   18.900457036967254        50.831893770603223        3.0000000000000000     
   6350.0051999999996        1.3379643000000000E-002   19.332440980004133        50.348297637751330        3.0000000000000000     
   960.00519999999995        1.3346431000000001E-002   18.560728221386210        50.145905477277552        1.5000000000000000     
   3400.0052000000001        1.3014520000000000E-002   19.987826973279123        50.126324561468799        2.5000000000000000     
   660.00521000000003        1.3176930999999999E-002   19.775817475640498        49.676484657922380        1.0000000000000000     
   940.00472000000002        1.2890583000000001E-002   17.908294451731603        49.623977214066912        1.5000000000000000     
   9800.0051999999996        1.3363223000000000E-002   18.650777535257689        49.508334196705448        3.0000000000000000     
   880.00405999999998        1.3164609000000001E-002   18.210328849731425        49.497367459752589       0.50000000000000000     
   940.00409000000002        1.1470988999999999E-002   17.703248951560528        49.035397094368122        1.0000000000000000     
   460.00520999999998        1.3285496000000001E-002   18.444400353638908        49.029775183604713        1.0000000000000000     
   6050.0051999999996        1.2924962999999999E-002   17.951785772494105        48.857740714893509        3.0000000000000000     
   4550.0051999999996        1.3374941000000000E-002   19.244682997941091        48.758315417309888        3.0000000000000000     
   880.00521000000003        1.0611887000000000E-002   19.084293746232461        48.349080839104666        1.0000000000000000     
   6550.0051999999996        1.2940544000000000E-002   20.019096521440620        48.079518742296386        2.5000000000000000     
   9600.0051999999996        1.3301363000000000E-002   18.534076080075163        47.765770900565315        3.0000000000000000     
   2750.0052000000001        1.3024048999999999E-002   19.924759485216278        47.596412184892714        2.5000000000000000     
   11600.004999999999        1.3076302999999999E-002   19.860797177474947        47.484999125096699        2.5000000000000000     
   1250.0052000000001        1.3315492999999999E-002   18.597884972446714        47.305460276189180        2.5000000000000000     
   3100.0052000000001        1.2205941999999999E-002   17.640409573727165        47.272454540760229        2.5000000000000000     
   1050.0052000000001        1.3268771000000000E-002   19.519919774948878        47.002412402518829        1.5000000000000000     
   5850.0051999999996        1.3349603999999999E-002   19.186136230804319        46.401943605698001        3.0000000000000000     
   2550.0052000000001        1.1449852000000000E-002   17.754728044916554        46.334125827465840        2.0000000000000000     
   6350.0051999999996        1.2932875999999999E-002   19.987894546035882        46.154832008685190        2.5000000000000000     
   1000.0051999999999        1.2689094999999999E-002   20.168649386466079        46.014832270045382        1.0000000000000000     
   4750.0051999999996        1.2955794000000000E-002   18.038571608409931        45.947168529997143        3.0000000000000000     
   640.00521000000003        1.3188231000000000E-002   19.642585955475969        45.620241964122975        1.0000000000000000     
   980.00519999999995        1.3329628000000000E-002   18.780943630905266        45.397409977931055        1.5000000000000000     
   5150.0051999999996        1.2259542999999999E-002   20.322036711249702        45.378589651410898        2.0000000000000000     
   9150.0051999999996        1.0797638000000000E-002   18.392360898324487        45.372492974171763        1.5000000000000000     
   960.00473000000000        1.3033973000000001E-002   18.136949029914366        45.348929337794345        1.5000000000000000     
   7800.0051999999996        1.2231047000000000E-002   20.325314564275565        45.246034021012662        2.0000000000000000     
   6700.0051999999996        1.2937749000000000E-002   19.961600987060535        45.101241554724069        2.5000000000000000     
   480.00520999999998        1.3275034000000000E-002   18.578641778381002        45.081363223215106        1.0000000000000000     
   5750.0051999999996        1.1148343999999999E-002   20.035768203260250        44.953342947367858        1.5000000000000000     
   980.00405999999998        1.3134010999999999E-002   19.715342192703762        44.942386262654246       0.50000000000000000     
   860.00521000000003        1.0665684999999999E-002   19.115804013947436        44.845179460621893        1.0000000000000000     
   800.00521000000003        1.2839094000000001E-002   17.966607577123547        44.299466106040541        1.0000000000000000     
   3050.0052000000001        1.2231568000000000E-002   20.303668849777427        43.829404014067237        2.0000000000000000     
   1200.0043000000001        1.0795384999999999E-002   19.546503959818033        43.744098518410979        1.0000000000000000     
   7000.0051999999996        1.0752951000000000E-002   18.589375252307430        43.093599134134436        1.5000000000000000     
   6800.0051999999996        1.1141188000000000E-002   19.993003929965443        43.090371603715056        1.5000000000000000     
   1000.0051999999999        1.3312569999999999E-002   18.997302618677033        43.071184195274604        1.5000000000000000     
   6550.0051999999996        1.2959811000000000E-002   18.105338801087203        43.041395981289128        3.0000000000000000     
   2100.0047000000000        1.0789696000000000E-002   18.499351261687188        42.887124953250407        1.5000000000000000     
   860.00405999999998        1.2701303000000001E-002   17.894246719119366        42.862905109935312       0.50000000000000000     
   2250.0052000000001        1.2311097000000000E-002   20.270019793695720        42.743289415201545        2.0000000000000000     
   960.00432000000001        1.1314517000000000E-002   17.891302835710626        42.477408312492315        1.0000000000000000     
   620.00521000000003        1.3199422000000001E-002   19.509453722289855        42.453907354721366        1.0000000000000000     
   4600.0051999999996        1.1179072000000000E-002   20.007983893684791        42.248857872032474        1.5000000000000000     
   500.00520999999998        1.3264496000000001E-002   18.712116858498355        42.045672887317437        1.0000000000000000     
   300.00520999999998        1.1667075000000001E-002   17.747436991883745        41.993827594225458        1.0000000000000000     
   2400.0052000000001        1.0773189000000001E-002   18.590185004236936        41.825340787758080        1.5000000000000000     
   6900.0051999999996        1.0753446000000000E-002   18.662781777394411        41.690326992343643        1.5000000000000000     
   840.00521000000003        1.0717378000000000E-002   19.138690214932666        41.608856328681000        1.0000000000000000     
   1200.0047000000000        1.2579118000000000E-002   20.152175305672827        41.572139257703995        1.5000000000000000     
   1200.0041000000001        1.0964966000000000E-002   19.766382367436879        41.465933772410033        1.0000000000000000     
   6400.0051999999996        1.3283200000000000E-002   19.049995391182879        41.227546556459572        3.0000000000000000     
   7000.0051999999996        1.2210041000000000E-002   17.735131581886559        41.100232284257181        2.5000000000000000     
   1950.0047000000000        1.1335978000000000E-002   20.093452554209353        40.914092285889311        1.5000000000000000     
   4600.0051999999996        1.3278486000000001E-002   18.967241578328753        40.889991223440930        3.0000000000000000     
   1700.0052000000001        1.2400955000000000E-002   17.786245791301962        40.849103884374216        2.5000000000000000     
   3850.0052000000001        1.1221205999999999E-002   20.013058943226124        40.820212923615721        1.5000000000000000     
   1950.0052000000001        1.2382476999999999E-002   20.216911078443204        40.679029790612098        2.0000000000000000     
   1300.0052000000001        1.3236748000000000E-002   18.697878251999533        40.520581016943005        2.5000000000000000     
   600.00521000000003        1.3210507000000000E-002   19.376439582317673        40.175850649896809        1.0000000000000000     
   520.00521000000003        1.3253876000000000E-002   18.845152914482572        39.904568049728326        1.0000000000000000     
   4650.0051999999996        1.1475442000000001E-002   17.850740269658683        39.898974942191501        2.0000000000000000     
   6900.0051999999996        1.1140819000000000E-002   19.923244157727289        39.764294435806860        1.5000000000000000     
   6000.0051999999996        1.3040512000000001E-002   18.287364323161334        39.762871740326418        3.0000000000000000     
   5850.0051999999996        1.0767508000000000E-002   18.733093465600206        39.756892569860049        1.5000000000000000     
   2300.0052000000001        1.2409620999999999E-002   20.191921324127705        39.711644317232903        2.0000000000000000     
   900.00405999999998        1.3158603000000000E-002   18.512215432321813        39.507368920119887       0.50000000000000000     
   5900.0051999999996        1.3252102000000000E-002   18.902490918159327        39.431687959298017        3.0000000000000000     
   2000.0052000000001        1.2991687000000000E-002   19.770470722450685        39.426706802975012        2.5000000000000000     
   860.00519999999995        1.2660108000000000E-002   17.932564869733220        39.379007926248256       0.50000000000000000     
   6650.0051999999996        1.2206150000000001E-002   17.763269400593568        39.300008864315870        2.5000000000000000     
   1150.0047000000000        1.2830541000000001E-002   19.935866181898813        39.141096796304481        1.5000000000000000     
   580.00521000000003        1.3221491000000000E-002   19.243543299956468        38.783841891280701        1.0000000000000000     
   540.00521000000003        1.3243171999999999E-002   18.977976712694517        38.649043120933300        1.0000000000000000     
   4700.0051999999996        1.3069597000000001E-002   18.366092347918862        38.646917490048502        3.0000000000000000     
   820.00521000000003        1.0767125000000001E-002   19.153629051158862        38.589568176936780        1.0000000000000000     
   960.00472000000002        1.2869223000000001E-002   18.114796667050342        38.478339480376555        1.5000000000000000     
   9050.0051999999996        1.1237786000000000E-002   19.976729817713981        38.374282988230547        1.5000000000000000     
   560.00521000000003        1.3232378000000000E-002   19.110740856497959        38.275478713760108        1.0000000000000000     
   1800.0047000000000        1.1379798000000000E-002   20.054452888642949        37.413035036732630        1.5000000000000000     
   4700.0051999999996        1.0805519000000000E-002   18.737913084339617        37.386862019037594        1.5000000000000000     
   960.00409000000002        1.1438448000000000E-002   17.914133922744931        37.361144180739792        1.0000000000000000     
   11600.004999999999        1.1609791000000000E-002   17.841756972762418        37.344748538445963        2.0000000000000000     
   6850.0051999999996        1.2215202000000000E-002   17.797952737819791        37.280737014922728        2.5000000000000000     
   4650.0051999999996        1.3176912000000001E-002   18.674955423186340        37.269397487337095        3.0000000000000000     
   1950.0047000000000        1.0849225000000001E-002   18.598012915372315        37.146919473125308        1.5000000000000000     
   5950.0051999999996        1.3149292000000000E-002   18.603519934229833        36.951715146709262        3.0000000000000000     
   960.00405999999998        1.3140246000000000E-002   19.415451367468521        36.819020994831106       0.50000000000000000     
   6500.0051999999996        1.3073990000000001E-002   18.438398056446090        36.721282799535025        3.0000000000000000     
   6450.0051999999996        1.3181530000000000E-002   18.752576387818468        36.430791336825614        3.0000000000000000     
   980.00473000000000        1.3014110000000001E-002   18.347838954704539        36.343329009640719        1.5000000000000000     
   4400.0051999999996        1.2209279999999999E-002   20.184727428411399        36.184428960330976        2.0000000000000000     
   800.00521000000003        1.0815071000000001E-002   19.161233940049282        35.751329715724445        1.0000000000000000     
   980.00521000000003        1.2705077000000000E-002   19.957766217809958        35.361242542153590        1.0000000000000000     
   9650.0051999999996        1.2361514000000001E-002   20.130760072890915        35.232767078440169        2.0000000000000000     
   10700.004999999999        1.3001044999999999E-002   19.629062910901350        34.945281918330025        2.5000000000000000     
   12200.004999999999        1.1643041000000000E-002   17.874818804083755        34.836310500789565        2.0000000000000000     
   1350.0052000000001        1.3153517999999999E-002   18.750302452566196        34.823817672201855        2.5000000000000000     
   1000.0051999999999        1.2603217000000000E-002   20.013825627784616        34.792828509851944       0.50000000000000000     
   1000.0041000000000        1.2645730000000001E-002   19.978836181828129        34.377187406715478       0.50000000000000000     
   920.00405999999998        1.3152542000000000E-002   18.813772947275151        34.075841075276678       0.50000000000000000     
   980.00432000000001        1.1278411000000000E-002   18.084794324746877        33.957302857039124        1.0000000000000000     
   320.00520999999998        1.1640865000000000E-002   17.895613552640935        33.716183587572779        1.0000000000000000     
   10800.004999999999        1.2985548000000000E-002   19.612747784298563        33.669118633791804        2.5000000000000000     
   2300.0052000000001        1.1155508000000000E-002   19.795041800511196        33.631455495462703        1.5000000000000000     
   3950.0052000000001        1.0857158000000000E-002   18.802722458008507        33.625158259186392        1.5000000000000000     
   3450.0052000000001        1.2916680000000000E-002   19.709220934808485        33.582414605896567        2.5000000000000000     
   5300.0051999999996        1.1074809999999999E-002   19.695878599442910        33.505589751962901        1.5000000000000000     
   820.00521000000003        1.2825006999999999E-002   18.194172352391494        33.249869068388193        1.0000000000000000     
   940.00405999999998        1.3146423000000001E-002   19.114889543563457        33.187134203978580       0.50000000000000000     
   780.00521000000003        1.0861345999999999E-002   19.162061965062918        33.069926923992064        1.0000000000000000     
   11000.004999999999        1.2427100000000000E-002   17.938206905012954        32.745474054481164        2.5000000000000000     
   2800.0052000000001        1.2927459000000001E-002   19.669382112952864        32.706315998215082        2.5000000000000000     
   2300.0052000000001        1.2283852000000000E-002   17.894572115765680        32.563568320000897        2.5000000000000000     
   2250.0052000000001        1.1551070000000000E-002   17.961551869721475        31.997816055586583        2.0000000000000000     
   1150.0043000000001        1.0921925000000001E-002   19.342754966184852        31.993168192244177        1.0000000000000000     
   10900.004999999999        1.2448523000000000E-002   17.971241552718300        31.487920075136383        2.5000000000000000     
   5350.0051999999996        1.0886956000000000E-002   19.053013981944758        31.041937268167672        1.5000000000000000     
   5800.0051999999996        1.0969471000000000E-002   19.422230731832986        31.006721477208728        1.5000000000000000     
   9850.0051999999996        1.1683356000000001E-002   17.941228655617202        30.531503851989640        2.0000000000000000     
   760.00521000000003        1.0906065000000000E-002   19.156622544232658        30.530611632947519        1.0000000000000000     
   6850.0051999999996        1.0959297000000000E-002   19.366856048647701        30.441153633711078        1.5000000000000000     
   6600.0051999999996        1.2838207000000001E-002   19.703633050644545        29.942261638777961        2.5000000000000000     
   1400.0052000000001        1.3065386000000000E-002   18.754734791396533        29.880060177548980        2.5000000000000000     
   1000.0047000000000        1.2993908000000000E-002   18.554266529622044        29.663287076715996        1.5000000000000000     
   980.00472000000002        1.2847480999999999E-002   18.316591621926094        29.631776973781314        1.5000000000000000     
   3300.0052000000001        1.1511202999999999E-002   18.027369662506327        29.623306612503740        2.0000000000000000     
   6950.0051999999996        1.0958839999999999E-002   19.295182307845025        29.278669815924175        1.5000000000000000     
   4650.0051999999996        1.1003321999999999E-002   19.409409725061998        29.024585096327822        1.5000000000000000     
   1650.0052000000001        1.2531792000000000E-002   18.064648223779230        28.942141618955066        2.5000000000000000     
   12000.004999999999        1.2321680000000000E-002   20.021485232204906        28.672751903604045        2.0000000000000000     
   6400.0051999999996        1.2830424999999999E-002   19.672728990838880        28.554249927361038        2.5000000000000000     
   980.00409000000002        1.1405043000000000E-002   18.118158073824301        28.290475232972472        1.0000000000000000     
   880.00405999999998        1.2693609000000000E-002   18.193810478713470        28.275874851258081       0.50000000000000000     
   11400.004999999999        1.2299373000000001E-002   20.019985469720339        28.249863127309112        2.0000000000000000     
   740.00521000000003        1.0949334000000000E-002   19.145378959399324        28.125853513395768        1.0000000000000000     
   6750.0051999999996        1.2835055000000000E-002   19.645108011865524        27.837030570670919        2.5000000000000000     
   3700.0052000000001        1.2328225999999999E-002   17.999376789422225        27.724477305664703        2.5000000000000000     
   1000.0042999999999        1.1241249000000000E-002   18.270135862509463        27.710118810175679        1.0000000000000000     
   1150.0041000000001        1.1078914000000000E-002   19.505924629255652        27.608979628000512        1.0000000000000000     
   2350.0052000000001        1.0975723000000000E-002   19.233241221915723        27.588622292890847        1.5000000000000000     
   340.00520999999998        1.1614225000000001E-002   18.023990929359215        27.535400893193064        1.0000000000000000     
   3900.0052000000001        1.1049631000000001E-002   19.443055741755281        27.487491656168491        1.5000000000000000     
   2600.0052000000001        1.1612693000000000E-002   18.027883151362023        27.375446476757055        2.0000000000000000     
   2000.0047000000000        1.1173605000000000E-002   19.640606650555615        27.332639975884046        1.5000000000000000     
   960.00521000000003        1.2720825999999999E-002   19.744365099070308        26.841738318224927        1.0000000000000000     
   2050.0052000000001        1.2890599000000001E-002   19.522860626073214        26.663746125634180        2.5000000000000000     
   1150.0047000000000        1.2645306000000000E-002   19.805184964420100        26.618566557049313        1.5000000000000000     
   1100.0047000000000        1.2887457999999999E-002   19.510962244362087        26.216603723466328        1.5000000000000000     
   5400.0051999999996        1.1555540000000000E-002   18.078644879453183        26.160998360989716        2.0000000000000000     
   8050.0051999999996        1.1528817000000000E-002   18.095702586086542        25.994180478641685        2.0000000000000000     
   720.00521000000003        1.0991248000000000E-002   19.128756676932284        25.853973256926782        1.0000000000000000     
   1450.0052000000001        1.2971882000000001E-002   18.711140464669867        25.699862457783880        2.5000000000000000     
   1850.0047000000000        1.1221767000000001E-002   19.649779214025912        25.696491182151114        1.5000000000000000     
   2050.0047000000000        1.0993149000000001E-002   19.113862627281812        25.667842123126100        1.5000000000000000     
   3050.0052000000001        1.2348421000000000E-002   18.051969060401689        25.503995875623630        2.5000000000000000     
   880.00519999999995        1.2652234000000000E-002   18.231740167104352        25.390809137507723       0.50000000000000000     
   840.00521000000003        1.2810732999999999E-002   18.420524696893072        24.826991185036988        1.0000000000000000     
   9100.0051999999996        1.1034241000000000E-002   19.237045323645514        24.722024424802161        1.5000000000000000     
   2000.0052000000001        1.2268225000000001E-002   19.940934780983923        23.932572248487045        2.0000000000000000     
   700.00521000000003        1.1031894000000000E-002   19.107141663471882        23.717715257455403        1.0000000000000000     
   1900.0047000000000        1.1046410000000000E-002   19.168288076060026        23.441370243584316        1.5000000000000000     
   2300.0052000000001        1.2193638000000000E-002   19.945144901333354        23.269863370812370        2.0000000000000000     
   1100.0043000000001        1.1037333000000000E-002   19.055057364052669        23.243977823932870        1.0000000000000000     
   2350.0052000000001        1.2299153000000000E-002   19.914853438984224        23.161232795213682        2.0000000000000000     
   360.00520999999998        1.1587139999999999E-002   18.132298838485255        23.083966786693537        1.0000000000000000     
   1600.0052000000001        1.2653256999999999E-002   18.296054036033624        23.057115875656656        2.5000000000000000     
   1000.0047000000000        1.2825342000000000E-002   18.513416724648604        22.948818204404553        1.5000000000000000     
   7850.0051999999996        1.2111647000000000E-002   19.946272386476906        22.697411399038771        2.0000000000000000     
   1500.0052000000001        1.2872464000000000E-002   18.619777387567066        22.644067511288874        2.5000000000000000     
   5200.0051999999996        1.2139934000000000E-002   19.940042450682078        22.581532702349989        2.0000000000000000     
   980.00405999999998        1.2653922000000000E-002   19.683416290647571        22.366795402298838       0.50000000000000000     
   980.00519999999995        1.2611605999999999E-002   19.718974746094787        22.274664706292597       0.50000000000000000     
   1050.0047000000000        1.2941855000000000E-002   19.049210454776944        22.237813865794578        1.5000000000000000     
   680.00521000000003        1.1071352000000000E-002   19.080886239995383        21.723243377526774        1.0000000000000000     
   1000.0041000000000        1.1370728000000000E-002   18.314857600618577        21.635084085777041        1.0000000000000000     
   3100.0052000000001        1.2109920999999999E-002   19.921179512947258        21.516357415895175        2.0000000000000000     
   1550.0052000000001        1.2766506000000000E-002   18.481159512477412        21.418173029765370        2.5000000000000000     
   11800.004999999999        1.2544672999999999E-002   18.258899449013878        21.147467555539134        2.5000000000000000     
   2850.0052000000001        1.2825543000000000E-002   19.394127838786765        20.921450698992029        2.5000000000000000     
   3500.0052000000001        1.2813323000000000E-002   19.412498737344162        20.791238474750287        2.5000000000000000     
   1050.0043000000001        1.1143325000000001E-002   18.694251222413875        20.684360122844136        1.0000000000000000     
   940.00521000000003        1.2736346000000001E-002   19.528616504480759        20.541021489803917        1.0000000000000000     
   6950.0051999999996        1.2353773000000000E-002   18.171771091599979        20.277961152964416        2.5000000000000000     
   660.00521000000003        1.1109696000000001E-002   19.050306788834916        19.879300634776541        1.0000000000000000     
   380.00520999999998        1.1559595000000001E-002   18.229851260225118        19.677140938118129        1.0000000000000000     
   6600.0051999999996        1.2349882000000000E-002   18.200967780453578        19.021747223874087        2.5000000000000000     
   860.00521000000003        1.2796264999999999E-002   18.645510694447069        18.992516156641297        1.0000000000000000     
   640.00521000000003        1.1146991000000000E-002   19.015686838439638        18.196761693414341        1.0000000000000000     
   900.00405999999998        1.2685836000000001E-002   18.492986308139319        18.185847968356786       0.50000000000000000     
   6800.0051999999996        1.2358513999999999E-002   18.233901944377550        17.885962700683184        2.5000000000000000     
   11700.004999999999        1.2829672000000000E-002   19.115038767097193        17.539739497587345        2.5000000000000000     
   2250.0052000000001        1.2422010000000001E-002   18.279229604247796        17.440059925204341        2.5000000000000000     
   1100.0041000000001        1.1183713000000000E-002   19.171221462167608        17.391032206691285        1.0000000000000000     
   400.00520999999998        1.1531575000000001E-002   18.319298255407372        17.069421074838207        1.0000000000000000     
   2100.0052000000001        1.2783872999999999E-002   19.251275829962143        16.939911300385791        2.5000000000000000     
   1100.0047000000000        1.2708241000000000E-002   19.413913524385723        16.823243499694470        1.5000000000000000     
   6650.0051999999996        1.2729760000000000E-002   19.370009951397151        16.736426113985917        2.5000000000000000     
   620.00521000000003        1.1183301000000000E-002   18.977272973585301        16.687845200369981        1.0000000000000000     
   920.00521000000003        1.2751645000000001E-002   19.310690612086844        16.537472203295437        1.0000000000000000     
   2500.0052000000001        1.1626576000000000E-002   18.288629976050231        16.137319667857231        2.0000000000000000     
   6450.0051999999996        1.2721840000000000E-002   19.339165573924834        15.902157375832870        2.5000000000000000     
   900.00519999999995        1.2644278000000000E-002   18.530500510506325        15.888098158045576       0.50000000000000000     
   4450.0051999999996        1.2085515000000000E-002   19.790011542802457        15.785775868885507        2.0000000000000000     
   880.00521000000003        1.2781598000000000E-002   18.868974045865073        15.701581615359043        1.0000000000000000     
   6800.0051999999996        1.2726232000000001E-002   19.310488579611583        15.595402491683092        2.5000000000000000     
   600.00521000000003        1.1218682000000001E-002   18.935273593366425        15.366183888944038        1.0000000000000000     
   420.00520999999998        1.1503055999999999E-002   18.401213097468059        15.137477389285852        1.0000000000000000     
   900.00521000000003        1.2766727000000000E-002   19.090754573148388        14.902667863314726        1.0000000000000000     
   1050.0047000000000        1.2768175999999999E-002   18.982026331431374        14.760436238556542        1.5000000000000000     
   960.00405999999998        1.2662026999999999E-002   19.386995427777723        14.701130688256489       0.50000000000000000     
   3650.0052000000001        1.2462368999999999E-002   18.392527429602200        14.570200393757514        2.5000000000000000     
   10800.004999999999        1.2745660000000001E-002   18.861910472295023        14.376939519635565        2.5000000000000000     
   580.00521000000003        1.1253189000000000E-002   18.889856012585106        14.246459887545553        1.0000000000000000     
   1050.0041000000001        1.1280640000000000E-002   18.771381767388675        14.243628261747480        1.0000000000000000     
   960.00519999999995        1.2619905000000001E-002   19.423089249640928        14.082168406688613       0.50000000000000000     
   3000.0052000000001        1.2480186000000001E-002   18.429203207553325        13.909689370084001        2.5000000000000000     
   10900.004999999999        1.2727745000000000E-002   18.838523423408642        13.892187394846710        2.5000000000000000     
   440.00520999999998        1.1474010999999999E-002   18.476850360773017        13.758749474153039        1.0000000000000000     
   560.00521000000003        1.1286869000000000E-002   18.841137561005539        13.344828065663567        1.0000000000000000     
   2900.0052000000001        1.2717610000000001E-002   19.097221280574232        13.110402880824493        2.5000000000000000     
   460.00520999999998        1.1444408999999999E-002   18.547290399629105        12.840683775925129        1.0000000000000000     
   540.00521000000003        1.1319770999999999E-002   18.789178201022338        12.678933635468546        1.0000000000000000     
   3550.0052000000001        1.2703748000000001E-002   19.095793605903562        12.610942179630833        2.5000000000000000     
   920.00405999999998        1.2677982000000001E-002   18.791656778496684        12.576662805017783       0.50000000000000000     
   480.00520999999998        1.1414219000000000E-002   18.613301202018164        12.316883830048477        1.0000000000000000     
   520.00521000000003        1.1351936000000000E-002   18.733968390914473        12.268994605974171        1.0000000000000000     
   500.00520999999998        1.1383406000000000E-002   18.675411506481659        12.138646675733112        1.0000000000000000     
   4600.0051999999996        1.1649848000000001E-002   18.403641133529430        11.956257907941175        2.0000000000000000     
   9700.0051999999996        1.2215204000000000E-002   19.648679689194655        11.677452264730285        2.0000000000000000     
   940.00405999999998        1.2670047000000000E-002   19.089700682911989        11.425230429190002       0.50000000000000000     
   2150.0052000000001        1.2670808000000000E-002   18.954698834729971        11.300889777818391        2.5000000000000000     
   2200.0052000000001        1.2550544000000000E-002   18.631484931623653        10.972551570575076        2.5000000000000000     
   11500.004999999999        1.2177785999999999E-002   19.636768540827294        10.927050647405318        2.0000000000000000     
   920.00519999999995        1.2636239000000000E-002   18.828727352188565        10.853360114683237       0.50000000000000000     
   2050.0052000000001        1.2146214000000001E-002   19.629181592577979        10.431199987931667        2.0000000000000000     
   6900.0051999999996        1.2486718000000001E-002   18.577028151900446        10.394990061146885        2.5000000000000000     
   2950.0052000000001        1.2602830000000001E-002   18.776482898521177        10.334098010632239        2.5000000000000000     
   940.00519999999995        1.2628115000000001E-002   19.126298042859709        10.261991707826635       0.50000000000000000     
   2400.0052000000001        1.2181579000000000E-002   19.609990251142445        10.126475757664140        2.0000000000000000     
   3600.0052000000001        1.2587110000000000E-002   18.756775164407266        10.096412210041837        2.5000000000000000     
   6550.0051999999996        1.2482719999999999E-002   18.606591483645115        9.6947216575282020        2.5000000000000000     
   2200.0052000000001        1.1719992000000000E-002   18.451649001458804        9.4773323166307275        2.0000000000000000     
   6700.0051999999996        1.2614375000000001E-002   19.015879268664779        9.4427202715382084        2.5000000000000000     
   6850.0051999999996        1.2610455000000000E-002   18.955414240807070        9.3660803929174001        2.5000000000000000     
   6750.0051999999996        1.2491043000000000E-002   18.638368345795879        9.2975172364126983        2.5000000000000000     
   6500.0051999999996        1.2606281000000000E-002   18.984770651571573        9.1952150644794433        2.5000000000000000     
   2350.0052000000001        1.2068041000000000E-002   19.588870147889725        8.7849404664019968        2.0000000000000000     
   2550.0052000000001        1.1773435000000000E-002   18.489332555972009        7.8028233109172636        2.0000000000000000     
   7900.0051999999996        1.1983552999999999E-002   19.539715279319850        7.2890769468193888        2.0000000000000000     
   3250.0052000000001        1.1682147000000000E-002   18.568362080202920        7.1835455741933227        2.0000000000000000     
   5250.0051999999996        1.2011501000000001E-002   19.530086031783426        7.0280866431348148        2.0000000000000000     
   3150.0052000000001        1.1978990000000000E-002   19.507898859210982        6.4600665905568873        2.0000000000000000     
   8000.0051999999996        1.1694526000000000E-002   18.622049814361493        5.9040176989417006        2.0000000000000000     
   5350.0051999999996        1.1721603000000001E-002   18.606348692943968        5.8116560113397737        2.0000000000000000     
   9800.0051999999996        1.1879494000000001E-002   18.564263337367716        5.1097032568289373        2.0000000000000000     
   11600.004999999999        1.1842375000000000E-002   18.576685529651748        5.1010194336524366        2.0000000000000000     
   4500.0051999999996        1.1952254000000001E-002   19.365326925191273        3.3935859730839688        2.0000000000000000     
   2450.0052000000001        1.1786557000000000E-002   18.766480992765654        2.5022260416335023        2.0000000000000000     
   2100.0052000000001        1.2015257999999999E-002   19.279515397675933        1.9590415446318994        2.0000000000000000     
   2450.0052000000001        1.2055778000000000E-002   19.273954952416716        1.9540624789532972        2.0000000000000000     
   4550.0051999999996        1.1807780000000000E-002   18.905467855073724        1.1471214106208985        2.0000000000000000     
   2400.0052000000001        1.1932936000000000E-002   19.197617796692786        1.0887593182271043        2.0000000000000000     
   7950.0051999999996        1.1845194000000000E-002   19.100502682375513       0.85164219276137332        2.0000000000000000     
   3200.0052000000001        1.1837116000000000E-002   19.059053035263222       0.75046149165849674        2.0000000000000000     
   2150.0052000000001        1.1873842000000001E-002   18.888627450048503       0.70799215702927876        2.0000000000000000     
   5300.0051999999996        1.1872717000000000E-002   19.087520106006579       0.59651829086663966        2.0000000000000000     
   9750.0051999999996        1.2055474000000000E-002   19.129431440270206       0.49574655156595493        2.0000000000000000     
   2500.0052000000001        1.1920336000000000E-002   18.902294388796058       0.39731848482190391        2.0000000000000000     
   12100.004999999999        1.2015586999999999E-002   19.048808779984956        6.5631287847423114E-002   2.0000000000000000     
