  #time	ai	proti	chi2	massp                                                                                                                                                                              
   480.00520000000000        1.3093519000000000E-002   11.673531014296330        99.912245903031021        3.0000000000000000     
   560.00496999999996        1.1761133999999999E-002   11.982967112486387        99.730385521347614        2.0000000000000000     
   540.00521000000003        1.2314801000000000E-002   11.968121106988626        99.315006273568940        2.5000000000000000     
   220.00521000000001        1.3919434000000000E-002   9.4714165495600362        99.090688056275951        2.5000000000000000     
   180.00521000000001        1.3497237000000000E-002   8.6889992913571863        99.011038856754624        3.0000000000000000     
   7150.0051999999996        1.0022056999999999E-002   9.7940301130409964        98.867057549563015        3.0000000000000000     
   400.00473000000000        1.3487344000000000E-002   11.316658922654430        98.644573826146200        1.5000000000000000     
   480.00520999999998        1.3040726000000001E-002   11.685654195682027        98.113516113464030        3.0000000000000000     
   5300.0051999999996        1.0634087000000000E-002   11.433358028579425        98.005839867419851        3.0000000000000000     
   340.00520999999998        1.3808176000000000E-002   10.801943693685541        97.815357021019736        2.5000000000000000     
   340.00520000000000        1.3773417000000000E-002   10.869893531728206        97.543068719472004        1.5000000000000000     
   220.00522000000001        1.3928601000000001E-002   9.5753926335173674        97.494835385606521        2.5000000000000000     
   84.005206999999999        1.2927846999999999E-002   8.2582786878815710        97.362328439618807        2.0000000000000000     
   1150.0052000000001        1.0823240000000000E-002   11.583418897136559        97.299487416312189        3.0000000000000000     
   320.00522000000001        1.3836751000000000E-002   10.718504189267604        97.247566526551310        2.5000000000000000     
   6600.0051999999996        1.0254869999999999E-002   9.0841775200593311        97.105241513477196        3.5000000000000000     
   740.00519999999995        1.0052148000000000E-002   10.252586424198128        96.448187634681474        2.5000000000000000     
   6900.0051999999996        1.0247384999999999E-002   9.1155354006118294        96.348427441886997        3.5000000000000000     
   7100.0051999999996        1.0598586000000000E-002   11.371703359703767        96.138283739277881        3.0000000000000000     
   400.00472000000002        1.3359568000000000E-002   11.410870030502862        95.974485591557638        1.5000000000000000     
   180.00521000000001        1.2958928000000000E-002   8.3020012021074692        95.068569684041123        2.5000000000000000     
   78.005207999999996        1.3647716000000001E-002   8.9578120336607245        95.028096966003986       0.50000000000000000     
   240.00521000000001        1.3177740000000000E-002   11.549443777202907        94.696188121121523        1.0000000000000000     
   220.00520000000000        1.3841984000000000E-002   9.3753453349788280        94.577466664600735        1.5000000000000000     
   560.00519999999995        1.2770620000000000E-002   11.783450436902589        94.363764512500353        3.5000000000000000     
   88.005206999999999        1.3473808000000000E-002   8.7359200680014641        94.250203936714598        1.0000000000000000     
   540.00473999999997        1.1814559000000001E-002   11.932191663987211        94.193822033429541        2.0000000000000000     
   220.00521000000001        1.1825952000000001E-002   8.0730405609190026        93.586631925917530        3.0000000000000000     
   220.00406000000001        1.3339230000000001E-002   8.6130654498090280        92.928111817579421       0.50000000000000000     
   6800.0051999999996        1.1243361000000000E-002   11.770698153361446        92.696861553063371        3.5000000000000000     
   240.00521000000001        1.3901419999999999E-002   9.7003919425731198        92.629079611629493        2.5000000000000000     
   300.00522000000001        1.3855542000000000E-002   10.505397316694507        92.461568195763235        2.5000000000000000     
   90.005206999999999        1.0862050000000000E-002   8.4518834269810128        92.289878003881341        1.5000000000000000     
   5350.0051999999996        1.0081194000000000E-002   9.9149763832184838        92.226141671304774        3.0000000000000000     
   1750.0052000000001        1.0089745000000001E-002   9.8070890783820133        92.157224299053965        3.0000000000000000     
   74.005206999999999        1.1959826000000000E-002   8.0824999800952124        91.960504177875976        1.0000000000000000     
   240.00522000000001        1.3910651000000000E-002   9.8344364988982242        91.949967508108585        2.5000000000000000     
   320.00520999999998        1.3827258000000000E-002   10.581594845749846        91.928113044501870        2.5000000000000000     
   200.00521000000001        1.2026851000000000E-002   8.0864559982374509        91.559287844829171        2.5000000000000000     
   440.00520000000000        1.2809833000000000E-002   11.733214779006442        91.496572541586744       0.50000000000000000     
   300.00409999999999        1.0629797000000000E-002   8.6681790422443665        91.280084168035643        1.5000000000000000     
   900.00519999999995        1.1626898000000000E-002   11.873623382796216        91.241739634449416        3.5000000000000000     
   200.00406000000001        1.2922332999999999E-002   8.3293121944839239        91.047396654645908       0.50000000000000000     
   200.00432000000001        1.2239046999999999E-002   8.1072104081293848        90.994895085462517        1.0000000000000000     
   640.00521000000003        1.0101738000000001E-002   9.8104963730053498        90.982760656922366        2.5000000000000000     
   420.00409999999999        1.0110104999999999E-002   9.7728994638276738        90.581948586883584        1.5000000000000000     
   480.00432000000001        1.1967312000000001E-002   11.902365101434732        90.501534417509291        1.0000000000000000     
   1250.0052000000001        1.0104663000000000E-002   9.8827423194769661        90.151297207481704        3.0000000000000000     
   420.00405999999998        1.3290032000000000E-002   11.391923264831549        90.040824063609421       0.50000000000000000     
   640.00521000000003        1.0535383000000001E-002   8.7944623671233746        89.960600150953951        3.5000000000000000     
   280.00522000000001        1.3874121999999999E-002   10.292280599570342        89.944034867031320        2.5000000000000000     
   260.00522000000001        1.3892491000000000E-002   10.069488545338896        89.658775595603430        2.5000000000000000     
   440.00405999999998        1.2847756000000000E-002   11.691055625182530        89.458982852099609       0.50000000000000000     
   8800.0051999999996        1.1293731000000000E-002   11.751824215883925        89.192597936515995        3.5000000000000000     
   320.00520000000000        1.3785077000000000E-002   10.617187160794810        89.185500925554450        1.5000000000000000     
   260.00520999999998        1.3883197999999999E-002   9.9231084018916089        88.808680101710451        2.5000000000000000     
   6500.0051999999996        1.1244703000000000E-002   11.726420870344443        88.775062994148200        3.5000000000000000     
   200.00520000000000        1.3464298000000000E-002   8.8147936714761084        88.722068511146418        3.5000000000000000     
   480.00520999999998        1.0531921000000000E-002   8.8203893263969508        88.668433973564021        3.0000000000000000     
   300.00520999999998        1.3846120000000000E-002   10.360935454295738        88.460840621996908        2.5000000000000000     
   460.00520000000000        1.3127124000000000E-002   11.497538197116208        87.825729013730026        3.0000000000000000     
   1700.0052000000001        1.0651693000000000E-002   11.297616792178577        87.543528681525842        3.0000000000000000     
   280.00520999999998        1.3864764999999999E-002   10.143781495370444        87.450544967757054        2.5000000000000000     
   200.00471999999999        1.3498890000000000E-002   8.8819159784351474        87.419579690844444        1.5000000000000000     
   200.00520000000000        1.3512112000000000E-002   8.9006448674763821        87.376612186357661        3.0000000000000000     
   240.00520000000000        1.3830789000000000E-002   9.6244466805332163        87.320720585669690        1.5000000000000000     
   480.00470000000001        1.2485807999999999E-002   11.804568452127244        87.311915653770697        2.0000000000000000     
   460.00520999999998        1.3075303999999999E-002   11.523433541516329        86.928210927159711        3.0000000000000000     
   220.00473000000000        1.3605249999999999E-002   9.0570577782481561        86.649192493903683        1.5000000000000000     
   540.00519999999995        1.2817675000000001E-002   11.668093904195528        86.278240742333509        3.5000000000000000     
   200.00520000000000        1.2885986000000000E-002   8.3735918620602998        85.754364604484010       0.50000000000000000     
   720.00519999999995        1.0230397000000000E-002   10.527291664898019        85.238285685255519        2.5000000000000000     
   520.00521000000003        1.2358187000000000E-002   11.809073170924385        85.026089341853648        2.5000000000000000     
   72.005206999999999        1.1964028999999999E-002   8.1602824490383874        84.646361983870037        1.0000000000000000     
   380.00473000000000        1.3500921000000001E-002   11.063768011363544        84.609157758404521        1.5000000000000000     
   80.005207999999996        1.3646913000000000E-002   9.1899880164715633        84.211049012821292       0.50000000000000000     
   300.00520000000000        1.3796644000000000E-002   10.365647119461441        84.040690945266860        1.5000000000000000     
   320.00409999999999        1.0555222000000000E-002   8.8772335490352354        83.699701014764031        1.5000000000000000     
   400.00409999999999        1.0210942000000001E-002   9.6204649187772624        83.619389066605748        1.5000000000000000     
   260.00520000000000        1.3819500000000000E-002   9.8714753919015710        83.177474791478815        1.5000000000000000     
   84.005207999999996        1.3645348999999999E-002   9.2183422998780546        82.954055263248719       0.50000000000000000     
   480.00409000000002        1.2051750000000000E-002   11.816592392759285        82.567147142957822        1.0000000000000000     
   600.00521000000003        1.0375739000000000E-002   9.1861511192163814        82.514347760711615        3.0000000000000000     
   1200.0052000000001        1.0625449000000000E-002   11.186996011323295        82.458750899204617        3.0000000000000000     
   540.00496999999996        1.1809194000000000E-002   11.803963164939242        82.267248373696219        2.0000000000000000     
   280.00520000000000        1.3808117999999999E-002   10.119264342297415        82.087871250554755        1.5000000000000000     
   6600.0051999999996        1.0485217999999999E-002   10.991030633273082        81.917657756767511        3.0000000000000000     
   90.005206999999999        1.3472397000000001E-002   8.9648814326321737        80.985586293012830        1.0000000000000000     
   82.005206999999999        1.2932005000000000E-002   8.4606080117207867        80.959024671672239        2.0000000000000000     
   380.00472000000002        1.3374102000000001E-002   11.159318254093629        80.804379400537584        1.5000000000000000     
   200.00474000000000        1.2461198000000000E-002   8.2724198411400316        79.930918057282597        2.0000000000000000     
   240.00521000000001        1.1756597000000001E-002   8.2290625703064340        79.886607745633640        3.0000000000000000     
   200.00521000000001        1.2537583999999999E-002   8.2982227721759241        79.626055462226091        3.5000000000000000     
   2650.0052000000001        1.0496205000000000E-002   10.959763334731338        79.563628688071333        3.0000000000000000     
   380.00409999999999        1.0305078000000001E-002   9.4514574720903646        79.341490679652125        1.5000000000000000     
   340.00409999999999        1.0476579999999999E-002   9.0790660215347927        79.223199526823592        1.5000000000000000     
   920.00519999999995        1.1523759000000000E-002   11.713705054921713        79.089760732034890        3.5000000000000000     
   200.00521000000001        1.2203708000000001E-002   8.2333076903921150        79.067464379229705        3.0000000000000000     
   200.00520000000000        1.2263065000000000E-002   8.2464277849928891        78.605465483094591        2.5000000000000000     
   700.00519999999995        1.0388598000000001E-002   10.736184574845970        78.464606222133611        2.5000000000000000     
   220.00521000000001        1.3188431000000000E-002   11.313667346752203        78.452253990307526        1.0000000000000000     
   520.00519999999995        1.2863401999999999E-002   11.544992143714031        78.311592606696848        3.5000000000000000     
   96.005207999999996        1.3641443000000000E-002   10.659362161144916        78.227342624278663       0.50000000000000000     
   100.00521000000001        1.3640274000000001E-002   10.660852913277060        78.180637274568767       0.50000000000000000     
   360.00409999999999        1.0393390000000001E-002   9.2697900166380229        77.860060660592083        1.5000000000000000     
   92.005206999999999        1.0852207000000001E-002   8.6633762336067051        77.599796926369265        1.5000000000000000     
   86.005206999999999        1.2924061000000001E-002   8.5008962770311296        77.530017002677582        2.0000000000000000     
   2750.0052000000001        1.1212265000000001E-002   11.571564989892074        77.258572635621050        3.5000000000000000     
   440.00520000000000        1.3160056999999999E-002   11.317846167343534        77.061269506622750        3.0000000000000000     
   520.00473999999997        1.1861009000000000E-002   11.749044992268542        76.961919821667394        2.0000000000000000     
   440.00520999999998        1.3109173999999999E-002   11.357606253747463        76.834042743000836        3.0000000000000000     
   200.00521000000001        1.3470404000000000E-002   9.0614900439442820        76.072223595491664        3.0000000000000000     
   82.005207999999996        1.3646108000000001E-002   9.4340317283750608        75.749793987699164       0.50000000000000000     
   240.00406000000001        1.3334425000000000E-002   8.8834430883027320        75.684736762436003       0.50000000000000000     
   240.00473000000000        1.3592622000000000E-002   9.3124027531406224        75.230873070858365        1.5000000000000000     
   98.005207999999996        1.3640798000000001E-002   10.554969000101654        75.005219868032512       0.50000000000000000     
   10100.004999999999        1.1363771000000000E-002   11.608973143601135        74.839546514255204        3.5000000000000000     
   620.00521000000003        1.0270794000000000E-002   10.003988781590625        74.754236297234186        2.5000000000000000     
   86.005207999999996        1.3644704000000001E-002   9.4856147271703577        74.241089632631343       0.50000000000000000     
   220.00408999999999        1.2294131999999999E-002   8.3045036698496961        74.030533941880435        1.0000000000000000     
   360.00473000000000        1.3514376999999999E-002   10.811833204868222        73.810273672071659        1.5000000000000000     
   680.00519999999995        1.0530962000000000E-002   10.890876724747550        73.793351738074449        2.5000000000000000     
   220.00520000000000        1.3432348000000000E-002   9.0542420439187943        73.651974539864412        3.5000000000000000     
   220.00496999999999        1.2425409000000000E-002   8.3407558660324348        73.351596012044624        2.0000000000000000     
   460.00520999999998        1.0680570000000000E-002   8.9135076887204079        73.034028003662485        3.0000000000000000     
   220.00520000000000        1.3485449000000000E-002   9.1564965837619479        72.951420877167493        3.0000000000000000     
   76.005206999999999        1.1955731000000001E-002   8.2931215513691185        72.884842400837016        1.0000000000000000     
   400.00405999999998        1.3295062000000000E-002   11.106849397573070        72.557530524478111       0.50000000000000000     
   1200.0052000000001        1.0384011000000000E-002   10.532280199359395        72.368569556187012        3.0000000000000000     
   220.00471999999999        1.3485552000000000E-002   9.1718033903712453        72.319361499076308        1.5000000000000000     
   94.005207999999996        1.3642098000000000E-002   10.430774051954012        72.051306403712502       0.50000000000000000     
   500.00520999999998        1.2400400000000001E-002   11.644554086774635        71.621955795627443        2.5000000000000000     
   500.00520000000000        1.2907883000000000E-002   11.414690599205603        70.640025379238438        3.5000000000000000     
   92.005206999999999        1.3470981999999999E-002   9.1970167791071820        70.214254686679269        1.0000000000000000     
   3500.0052000000001        1.0405526999999999E-002   9.4873860877008820        70.127932285759982        3.5000000000000000     
   200.00470000000001        1.2876946000000000E-002   8.5750928059211748        69.984869424975386        2.0000000000000000     
   660.00519999999995        1.0660484000000000E-002   11.000003051107548        69.857731933343132        2.5000000000000000     
   460.00470000000001        1.2517171000000001E-002   11.587380091028999        69.681033376364596        2.0000000000000000     
   88.005207999999996        1.3644055000000000E-002   9.7211503576114584        69.516852508268130       0.50000000000000000     
   120.00521000000001        1.0730694000000001E-002   11.076646631654555        69.257643448618197        1.5000000000000000     
   420.00520000000000        1.2816381000000000E-002   11.448040571008349        69.082485090758368       0.50000000000000000     
   260.00520999999998        1.1684079000000000E-002   8.3693084733923246        68.974021474617743        3.0000000000000000     
   360.00472000000002        1.3388499000000000E-002   10.908691122970753        68.841227569142021        1.5000000000000000     
   92.005207999999996        1.3642751999999999E-002   10.190972872926588        68.377622673934809       0.50000000000000000     
   420.00520999999998        1.3142371999999999E-002   11.188286162259532        67.925945341368390        3.0000000000000000     
   420.00520000000000        1.3192351999999999E-002   11.134588358065056        67.724851690674967        3.0000000000000000     
   220.00406000000001        1.2916320000000000E-002   8.6329006543591458        67.715073749364677       0.50000000000000000     
   420.00405999999998        1.2854167000000000E-002   11.405829169858810        67.648922416937040       0.50000000000000000     
   90.005207999999996        1.3643404000000000E-002   9.9565896529299724        67.566532546182458       0.50000000000000000     
   220.00521000000001        1.1975904000000001E-002   8.3568511011688162        67.512971012775921        2.5000000000000000     
   260.00473000000000        1.3579875000000000E-002   9.5625554803467239        67.184071095139146        1.5000000000000000     
   98.005206999999999        1.0822755000000000E-002   8.8596726919707081        67.156304768271113        1.5000000000000000     
   940.00519999999995        1.1413115999999999E-002   11.525571803875554        66.795052656932853        3.5000000000000000     
   10400.004999999999        1.0460393000000000E-002   10.543850412489309        66.654077414030709        3.0000000000000000     
   460.00432000000001        1.1988522000000000E-002   11.630883250038693        66.497796011995035        1.0000000000000000     
   340.00473000000000        1.3527714000000000E-002   10.561961978350398        66.242785985373501        1.5000000000000000     
   520.00496999999996        1.1855762000000001E-002   11.618810642632543        66.033810507427759        2.0000000000000000     
   640.00519999999995        1.0779370999999999E-002   11.070221186006716        65.882714594042397        2.5000000000000000     
   200.00521000000001        1.2929145000000000E-002   8.6741245024276452        65.531406432874604        2.5000000000000000     
   94.005206999999999        1.0842282000000000E-002   8.8742406491491668        65.191127837519986        1.5000000000000000     
   220.00432000000001        1.2221284000000001E-002   8.4050587771967873        64.820100987868628        1.0000000000000000     
   620.00521000000003        1.0710346000000001E-002   9.0522662119762032        64.035170748545482        3.5000000000000000     
   220.00521000000001        1.3443092000000000E-002   9.3231156989213932        63.517174226839046        3.0000000000000000     
   480.00520000000000        1.2951193999999999E-002   11.277694655893804        63.431841409900315        3.5000000000000000     
   220.00520000000000        1.2879847000000000E-002   8.6763965247712456        63.151422248688625       0.50000000000000000     
   240.00520000000000        1.3458337000000001E-002   9.3685845517677624        63.135809235146425        3.0000000000000000     
   240.00520000000000        1.3399771000000000E-002   9.2506825774887922        63.020888359541786        3.5000000000000000     
   600.00521000000003        1.0421845000000001E-002   10.140888373014942        62.760571572964523        2.5000000000000000     
   240.00471999999999        1.3472081000000000E-002   9.4213974781781715        62.545086208238025        1.5000000000000000     
   580.00521000000003        1.0542436000000001E-002   9.3868915972683720        62.509870593294679        3.0000000000000000     
   200.00521000000001        1.3199044000000000E-002   11.029956023863420        62.462899151325189        1.0000000000000000     
   280.00473000000000        1.3567012000000000E-002   9.8118120839366192        62.273535572612019        1.5000000000000000     
   140.00521000000001        1.3230301999999999E-002   9.0131298306210503        62.188894746621358        1.0000000000000000     
   260.00405999999998        1.3329593000000001E-002   9.1538725229203859        62.093733027483637       0.50000000000000000     
   88.005206999999999        1.2920259999999999E-002   8.7228317649040044        61.950929062845084        2.0000000000000000     
   94.005206999999999        1.3469561000000000E-002   9.4386126231446319        61.869135483345772        1.0000000000000000     
   440.00520999999998        1.0815765000000000E-002   8.9661504401165022        61.781437167452168        3.0000000000000000     
   320.00473000000000        1.3540932000000000E-002   10.309943101571001        61.763406798522304        1.5000000000000000     
   220.00521000000001        1.2484365000000001E-002   8.5073965846873580        61.561858852147061        3.5000000000000000     
   620.00519999999995        1.0889304000000001E-002   11.106819032977233        61.467350049909797        2.5000000000000000     
   500.00474000000003        1.1906076000000000E-002   11.560259952139660        61.080819098036528        2.0000000000000000     
   300.00473000000000        1.3554030999999999E-002   10.058656647421813        60.461326829047948        1.5000000000000000     
   400.00520999999998        1.3174932000000000E-002   11.015415583949972        60.288351294279735        3.0000000000000000     
   280.00520999999998        1.1608100999999999E-002   8.4979242104155404        60.245411109389870        3.0000000000000000     
   340.00472000000002        1.3402760999999999E-002   10.660111704204258        60.087149289516802        1.5000000000000000     
   400.00520000000000        1.3224039999999999E-002   10.947729417442034        59.911625480400104        3.0000000000000000     
   460.00409000000002        1.2071926000000000E-002   11.543784071404177        59.711063445792014        1.0000000000000000     
   480.00520999999998        1.2441511000000001E-002   11.475039717897008        59.266851937532735        2.5000000000000000     
   380.00405999999998        1.3300068000000000E-002   10.822228807848001        59.155927058147455       0.50000000000000000     
   220.00521000000001        1.2148427000000000E-002   8.4727540382024067        58.862768343895198        3.0000000000000000     
   6400.0051999999996        1.1024493999999999E-002   11.170907578130098        58.065912994456525        3.5000000000000000     
   220.00520000000000        1.2218748000000000E-002   8.4917749948953603        58.064832203797437        2.5000000000000000     
   7800.0051999999996        1.1009899000000000E-002   11.146995120438767        57.397445170809902        3.5000000000000000     
   220.00474000000000        1.2429717000000000E-002   8.5486577928750620        57.276271220637241        2.0000000000000000     
   460.00520000000000        1.2993403000000001E-002   11.134456575917472        56.846031363897197        3.5000000000000000     
   96.005206999999999        1.3468136000000000E-002   9.6794924009483232        56.453713534639334        1.0000000000000000     
   600.00519999999995        1.0991590000000001E-002   11.114100939443238        56.452791143867103        2.5000000000000000     
   260.00472000000002        1.3458480000000000E-002   9.6679063587489704        55.936255028648681        1.5000000000000000     
   100.00521000000001        1.3465494999999999E-002   9.7112593125585285        55.776172140855444        1.0000000000000000     
   100.00521000000001        1.0814700999999999E-002   9.0922919617185354        55.721691214746713        1.5000000000000000     
   260.00520000000000        1.3430770999999999E-002   9.5737928163422765        55.718957896431469        3.0000000000000000     
   240.00521000000001        1.3415313000000000E-002   9.5333846028242952        55.521022789181522        3.0000000000000000     
   96.005206999999999        1.0832289000000000E-002   9.0824338377518945        55.136917135615235        1.5000000000000000     
   960.00519999999995        1.1293760000000000E-002   11.306203759564008        55.123579336290121        3.5000000000000000     
   78.005206999999999        1.1951620000000000E-002   8.5169873532223743        55.041676736890018        1.0000000000000000     
   7850.0051999999996        1.0528302000000000E-002   9.8602469595726436        54.635650609021219        3.5000000000000000     
   260.00520000000000        1.3366551000000001E-002   9.4399017861391918        54.529293244347102        3.5000000000000000     
   320.00472000000002        1.3416890000000001E-002   10.409411381711847        54.379876200278694        1.5000000000000000     
   440.00470000000001        1.2547915999999999E-002   11.367759218627580        54.274429565289012        2.0000000000000000     
   6450.0051999999996        1.0534426000000000E-002   9.8587172113898145        54.196702093999875        3.5000000000000000     
   380.00520999999998        1.3206887000000000E-002   10.838984192692703        54.011768974299024        3.0000000000000000     
   98.005206999999999        1.3466700000000000E-002   9.9294677657768009        53.904594865111839        1.0000000000000000     
   420.00520999999998        1.0939867000000001E-002   8.9847712752151239        53.864284184592108        3.0000000000000000     
   380.00520000000000        1.3255151999999999E-002   10.757297381968764        53.722648258634152        3.0000000000000000     
   300.00520999999998        1.1528310000000000E-002   8.6123167500444922        53.703905303975333        3.0000000000000000     
   580.00521000000003        1.0558507000000000E-002   10.231392010630284        53.286110875532238        2.5000000000000000     
   240.00408999999999        1.2276899000000001E-002   8.5700933065199347        53.032653779978190        1.0000000000000000     
   240.00496999999999        1.2393247000000000E-002   8.5998017573489864        52.879956777903097        2.0000000000000000     
   280.00472000000002        1.3444747999999999E-002   9.9146522285780581        52.364528270817750        1.5000000000000000     
   280.00405999999998        1.3324735000000001E-002   9.4268816616756208        52.084688220646314       0.50000000000000000     
   300.00472000000002        1.3430885000000000E-002   10.159623653988344        51.822792420579972        1.5000000000000000     
   240.00521000000001        1.1923230000000000E-002   8.5666270048614095        51.511292878993558        2.5000000000000000     
   500.00497000000001        1.1900937000000000E-002   11.428132776508948        51.234416125506364        2.0000000000000000     
   220.00470000000001        1.2852011000000000E-002   8.8506872308015883        51.171064571843665        2.0000000000000000     
   440.00520000000000        1.3034576000000001E-002   10.985353406349626        51.031721508090214        3.5000000000000000     
   240.00406000000001        1.2910267000000000E-002   8.9020367598661068        50.852732347765290       0.50000000000000000     
   580.00519999999995        1.1087267000000000E-002   11.095644103014733        50.837938401875007        2.5000000000000000     
   400.00520000000000        1.2822890999999999E-002   11.163514051056849        50.772863468871407       0.50000000000000000     
   280.00520000000000        1.3402740999999999E-002   9.7761299297044921        50.445005484429061        3.0000000000000000     
   1050.0052000000001        1.0594239000000000E-002   9.8009312901641081        50.394810975497926        3.5000000000000000     
   400.00405999999998        1.2860540000000000E-002   11.121255488179200        49.943574032969039       0.50000000000000000     
   260.00520999999998        1.3387059999999999E-002   9.7313970117687809        49.902077598549276        3.0000000000000000     
   360.00405999999998        1.3305050000000001E-002   10.539393587037535        49.852525540425695       0.50000000000000000     
   360.00520000000000        1.3285711000000000E-002   10.564801700634886        49.301345264333627        3.0000000000000000     
   360.00520999999998        1.3238263000000000E-002   10.660423615174894        49.236366827992754        3.0000000000000000     
   240.00521000000001        1.2429366000000001E-002   8.6659865001696890        49.098678399098702        3.5000000000000000     
   320.00520999999998        1.1444294000000001E-002   8.7176112221022883        48.833252567644855        3.0000000000000000     
   400.00520999999998        1.1054658000000000E-002   8.9742342666690256        48.646671260856280        3.0000000000000000     
   90.005206999999999        1.2916441000000001E-002   8.9492381284885703        48.599115665798749        2.0000000000000000     
   220.00521000000001        1.2898758000000000E-002   8.9418658206017732        48.185347290460491        2.5000000000000000     
   560.00521000000003        1.0692073999999999E-002   9.5356800976395277        48.156586830230310        3.0000000000000000     
   460.00520999999998        1.2481585000000000E-002   11.300943202978317        48.109432271980978        2.5000000000000000     
   3450.0052000000001        1.0931321000000001E-002   10.882426767746670        48.018795999323189        3.5000000000000000     
   280.00520000000000        1.3332669000000000E-002   9.6255102549639098        47.906232956251223        3.5000000000000000     
   300.00520000000000        1.3374234000000000E-002   9.9738396615701177        47.230088636459612        3.0000000000000000     
   240.00520000000000        1.2873668000000000E-002   8.9450423777473382        46.905784109246802       0.50000000000000000     
   180.00521000000001        1.3209571999999999E-002   10.642095027508100        46.883762729194494        1.0000000000000000     
   480.00474000000003        1.1949847000000000E-002   11.366398922128946        46.739032057223099        2.0000000000000000     
   340.00520000000000        1.3315733999999999E-002   10.371577935100575        46.730655099003805        3.0000000000000000     
   280.00520999999998        1.3358324000000000E-002   9.9236600657523955        46.271799189567922        3.0000000000000000     
   440.00432000000001        1.2009417000000000E-002   11.359340596851750        46.197387076845438        1.0000000000000000     
   420.00520000000000        1.3074773000000000E-002   10.830651475441419        46.127972824534396        3.5000000000000000     
   340.00520999999998        1.3269078000000000E-002   10.480976305872000        46.047431284303656        3.0000000000000000     
   320.00520000000000        1.3345236999999999E-002   10.173624501084969        45.995203601986127        3.0000000000000000     
   600.00521000000003        1.0866875999999999E-002   9.2549866321462257        45.975374149670529        3.5000000000000000     
   340.00520999999998        1.1355564000000000E-002   8.8087468138729204        45.859547256113103        3.0000000000000000     
   300.00405999999998        1.3319851000000001E-002   9.6998218683175654        45.802841456738641       0.50000000000000000     
   380.00520999999998        1.1161523000000000E-002   8.9383950975165654        45.751216260981380        3.0000000000000000     
   240.00521000000001        1.2091167000000000E-002   8.6516500845852562        45.658971563145968        3.0000000000000000     
   240.00432000000001        1.2203281000000000E-002   8.6682820547523285        45.369894997247471        1.0000000000000000     
   560.00521000000003        1.0683397000000001E-002   10.283191958673886        45.341030756435167        2.5000000000000000     
   980.00519999999995        1.1164156999999999E-002   11.051830572179529        45.124526888668200        3.5000000000000000     
   360.00520999999998        1.1261540000000000E-002   8.8818239888690709        44.891018843958840        3.0000000000000000     
   6850.0051999999996        1.0823785000000001E-002   10.638019895339180        44.763779271034601        3.5000000000000000     
   560.00519999999995        1.1177176000000000E-002   11.054470840665369        44.723702246474303        2.5000000000000000     
   340.00405999999998        1.3310008000000000E-002   10.259567167820920        44.587403984309134       0.50000000000000000     
   300.00520999999998        1.3329092000000001E-002   10.109498924701477        44.461891196695269        3.0000000000000000     
   320.00520999999998        1.3299349000000000E-002   10.296476168698149        44.405150627196363        3.0000000000000000     
   6550.0051999999996        1.0827333000000000E-002   10.597825200291327        43.313573045487118        3.5000000000000000     
   320.00405999999998        1.3314942000000000E-002   9.9787104434975866        43.238144898166318       0.50000000000000000     
   240.00520000000000        1.2173145999999999E-002   8.6966306027552243        43.218781846939002        2.5000000000000000     
   300.00520000000000        1.3298101999999999E-002   9.8054989624164097        43.072488500862228        3.5000000000000000     
   400.00520000000000        1.3114048000000000E-002   10.670442594637134        42.264906707940632        3.5000000000000000     
   2800.0052000000001        1.0789941000000001E-002   10.451017491302386        41.691490721479369        3.5000000000000000     
   420.00470000000001        1.2578071999999999E-002   11.145796128771464        41.175399591231987        2.0000000000000000     
   240.00474000000000        1.2397567999999999E-002   8.7822821954421890        41.022423248874965        2.0000000000000000     
   440.00409000000002        1.2091815000000001E-002   11.271030592818937        40.598717859659175        1.0000000000000000     
   8850.0051999999996        1.0838326000000001E-002   10.502264547819957        40.043905473408927        3.5000000000000000     
   320.00520000000000        1.3262825000000001E-002   9.9863332627806045        39.872846022451142        3.5000000000000000     
   380.00520000000000        1.3152453000000000E-002   10.504871796239030        39.576087683845607        3.5000000000000000     
   80.005206999999999        1.1947490000000000E-002   8.7457069338871403        39.400208726289350        1.0000000000000000     
   260.00520999999998        1.1868732999999999E-002   8.7568078947331855        39.068939767425945        2.5000000000000000     
   260.00520999999998        1.2372483000000000E-002   8.8092551593509967        38.915420639380514        3.5000000000000000     
   540.00521000000003        1.0798469999999999E-002   10.302271881784771        38.376067540882183        2.5000000000000000     
   340.00520000000000        1.3226810000000000E-002   10.163993152573923        38.298915135795198        3.5000000000000000     
   440.00520999999998        1.2520682000000000E-002   11.122592951967608        38.283116426790841        2.5000000000000000     
   540.00519999999995        1.1262006000000000E-002   10.993169290877910        38.275509562491109        2.5000000000000000     
   1000.0051999999999        1.1022318999999999E-002   10.757637921681910        38.246884732965455        3.5000000000000000     
   360.00520000000000        1.3190029000000001E-002   10.335557571798127        38.219199325680698        3.5000000000000000     
   480.00497000000001        1.1944809000000001E-002   11.232485538490725        38.051665098833240        2.0000000000000000     
   240.00470000000001        1.2826657999999999E-002   9.0863331731263273        37.953763228530960        2.0000000000000000     
   92.005206999999999        1.2912606000000000E-002   9.1791025682116771        37.668058168720108        2.0000000000000000     
   260.00405999999998        1.2904176999999999E-002   9.1716314990150654        37.593261040205931       0.50000000000000000     
   540.00521000000003        1.0827968000000000E-002   9.6414071220252300        37.556198168226885        3.0000000000000000     
   84.005206999999999        1.1939516000000001E-002   8.7776886265636591        37.442584088666372        1.0000000000000000     
   160.00521000000001        1.3220002000000000E-002   10.028020809095521        37.229753023087731        1.0000000000000000     
   260.00497000000001        1.2360391000000000E-002   8.8423009439957010        36.753718594333698        2.0000000000000000     
   380.00520000000000        1.2829365000000001E-002   10.879411312242992        36.530264275770250       0.50000000000000000     
   240.00521000000001        1.2867774000000000E-002   9.1614753317920634        36.403883784021943        2.5000000000000000     
   380.00405999999998        1.2866878999999999E-002   10.837106320069042        36.305655220614213       0.50000000000000000     
   260.00409000000002        1.2259443000000000E-002   8.8345530862119688        35.639428550709304        1.0000000000000000     
   260.00520999999998        1.2031805000000000E-002   8.8093860966240172        35.464324568541983        3.0000000000000000     
   11600.004999999999        1.0945050000000000E-002   10.552276039642308        35.448209340061183        3.5000000000000000     
   260.00520000000000        1.2867450000000001E-002   9.2143741646106747        34.241936883872619       0.50000000000000000     
   460.00474000000003        1.1992406000000001E-002   11.167948820900429        34.104051910703433        2.0000000000000000     
   580.00521000000003        1.1008639000000001E-002   9.4117378732400265        33.221225036076696        3.5000000000000000     
   520.00521000000003        1.0905229000000001E-002   10.293400744596907        32.115189934000512        2.5000000000000000     
   520.00519999999995        1.1342329999999999E-002   10.913979459508392        31.697206956521935        2.5000000000000000     
   260.00520000000000        1.2126197000000000E-002   8.8950011356533327        30.923703435793811        2.5000000000000000     
   400.00470000000001        1.2607668000000001E-002   10.921408021058211        30.456328321226476        2.0000000000000000     
   280.00520999999998        1.2313591000000000E-002   8.9428738341720475        30.396375435576619        3.5000000000000000     
   420.00520999999998        1.2558860000000000E-002   10.940196057647322        29.907327896280243        2.5000000000000000     
   420.00432000000001        1.2030010000000001E-002   11.087668522806361        29.598084509811166        1.0000000000000000     
   98.005206999999999        1.2901264000000001E-002   9.3916419751690370        29.559407852052125        2.0000000000000000     
   520.00521000000003        1.0952543000000000E-002   9.7108697587060089        29.519062905546424        3.0000000000000000     
   260.00432000000001        1.2185036999999999E-002   8.9312168997980539        29.413399358326377        1.0000000000000000     
   94.005206999999999        1.2908754999999999E-002   9.4078965411969886        29.410554680698095        2.0000000000000000     
   280.00520999999998        1.1812293999999999E-002   8.9353909044334490        29.215650920036250        2.5000000000000000     
   280.00405999999998        1.2898049999999999E-002   9.4440197372838206        27.890197164128249       0.50000000000000000     
   260.00474000000003        1.2364737000000001E-002   9.0096140691068332        27.847433719237213        2.0000000000000000     
   260.00470000000001        1.2800883000000001E-002   9.3180101492665859        27.663093868449092        2.0000000000000000     
   280.00520999999998        1.1970190000000000E-002   8.9541166864556594        27.369012727386618        3.0000000000000000     
   260.00520999999998        1.2836181000000000E-002   9.3713527378130941        27.359901714119559        2.5000000000000000     
   360.00405999999998        1.2873183000000000E-002   10.554720675003162        26.754090202912089       0.50000000000000000     
   460.00497000000001        1.1987461000000000E-002   11.032345673089718        26.647369587863835        2.0000000000000000     
   500.00520999999998        1.1004853000000000E-002   10.260452046691203        26.453821706201026        2.5000000000000000     
   360.00520000000000        1.2835803000000000E-002   10.597074198640300        26.376606954026421       0.50000000000000000     
   420.00409000000002        1.2111429000000000E-002   10.998252106223497        25.223091513743682        1.0000000000000000     
   500.00520000000000        1.1418630000000001E-002   10.818851947907874        25.212739664656400        2.5000000000000000     
   280.00520000000000        1.2861195000000001E-002   9.4866047710743082        25.130787968129585       0.50000000000000000     
   82.005206999999999        1.1943344000000000E-002   9.0023093728232677        24.964911509741199        1.0000000000000000     
   560.00521000000003        1.1138296000000001E-002   9.5294690753403692        24.098329139869890        3.5000000000000000     
   280.00497000000001        1.2326821000000000E-002   9.0766847383324638        23.983075461474400        2.0000000000000000     
   96.005206999999999        1.2904891000000000E-002   9.6418063350527561        23.678261525906933        2.0000000000000000     
   300.00520999999998        1.2252542999999999E-002   9.0651926392855628        23.441068641850638        3.5000000000000000     
   440.00474000000003        1.2033828000000000E-002   10.965300546795616        23.323736287894373        2.0000000000000000     
   500.00520999999998        1.1067629000000001E-002   9.7494066424028674        23.302818864070765        3.0000000000000000     
   100.00521000000001        1.2898173000000001E-002   9.6533463979692442        23.172087372681251        2.0000000000000000     
   400.00520999999998        1.2596169000000001E-002   10.753773902854615        23.089814355248603        2.5000000000000000     
   86.005206999999999        1.1936175000000000E-002   9.0468075467155202        22.816236418790812        1.0000000000000000     
   380.00470000000001        1.2636733000000001E-002   10.694576038132865        22.196619803590792        2.0000000000000000     
   300.00405999999998        1.2891886999999999E-002   9.7164530631921853        21.896533098404102       0.50000000000000000     
   280.00409000000002        1.2241762000000000E-002   9.1008175826993813        21.674446577090670        1.0000000000000000     
   300.00520999999998        1.1753774999999999E-002   9.1023954936447584        21.658014487645286        2.5000000000000000     
   480.00520999999998        1.1098288000000000E-002   10.206613636319362        21.394344136634032        2.5000000000000000     
   340.00405999999998        1.2879453000000001E-002   10.275326581239446        21.231058559104998       0.50000000000000000     
   300.00520999999998        1.1906148000000000E-002   9.0855616877401246        21.125140008927310        3.0000000000000000     
   280.00520000000000        1.2077825000000000E-002   9.0897243350210601        20.866462312240149        2.5000000000000000     
   280.00520999999998        1.2803962000000000E-002   9.5767877887013029        20.636587513876982        2.5000000000000000     
   340.00520000000000        1.2842206000000000E-002   10.317723393084293        20.256478344447782       0.50000000000000000     
   280.00470000000001        1.2774676000000000E-002   9.5489899176244588        20.088325590976506        2.0000000000000000     
   300.00520000000000        1.2854902000000000E-002   9.7589386845465196        19.724200565158910       0.50000000000000000     
   320.00405999999998        1.2885687999999999E-002   9.9948950328031785        19.611733341667740       0.50000000000000000     
   480.00520000000000        1.1491316999999999E-002   10.709489536394116        19.053344870338943        2.5000000000000000     
   480.00520999999998        1.1174643000000000E-002   9.7612973224392618        18.454829461084937        3.0000000000000000     
   320.00520000000000        1.2848572000000001E-002   10.037326245231371        18.036693102669343       0.50000000000000000     
   380.00520999999998        1.2632658000000000E-002   10.563388476748150        17.941568286494736        2.5000000000000000     
   320.00520999999998        1.2189177000000001E-002   9.1825973155419458        17.598376694601399        3.5000000000000000     
   540.00521000000003        1.1257840999999999E-002   9.6136374053816116        17.501901479530957        3.5000000000000000     
   280.00474000000003        1.2331201000000000E-002   9.2347370074018382        17.383038458261222        2.0000000000000000     
   440.00497000000001        1.2028969000000000E-002   10.828088006224316        17.164223215490622        2.0000000000000000     
   460.00520999999998        1.1186303999999999E-002   10.134525580665308        17.004958629554245        2.5000000000000000     
   280.00432000000001        1.2166550999999999E-002   9.1963609374830586        16.839374013955190        1.0000000000000000     
   400.00432000000001        1.2050313999999999E-002   10.815630810091466        16.694627431706536        1.0000000000000000     
   360.00470000000001        1.2665286000000000E-002   10.466794916481556        16.512574292937003        2.0000000000000000     
   320.00520999999998        1.1839479000000000E-002   9.2108656922571406        16.212498246019305        3.0000000000000000     
   300.00520999999998        1.2771095000000000E-002   9.7766181865407500        16.112174054082793        2.5000000000000000     
   320.00520999999998        1.1693019000000001E-002   9.2650473400587305        15.859818384478311        2.5000000000000000     
   300.00470000000001        1.2748025000000000E-002   9.7770586452458961        15.231106876843615        2.0000000000000000     
   460.00520999999998        1.1274706000000001E-002   9.7500179852942814        14.713560470707623        3.0000000000000000     
   360.00520999999998        1.2668366000000000E-002   10.370571001237485        14.600899884786436        2.5000000000000000     
   420.00474000000003        1.2074181000000000E-002   10.758713309398722        14.528717243555068        2.0000000000000000     
   300.00497000000001        1.2292513000000000E-002   9.3035002168398115        14.266894824419417        2.0000000000000000     
   320.00520999999998        1.2737557000000000E-002   9.9778221532059490        13.612055315186648        2.5000000000000000     
   400.00409000000002        1.2130779000000000E-002   10.725199930582727        13.575451783720743        1.0000000000000000     
   340.00470000000001        1.2693344000000001E-002   10.239427982297901        13.451292090578001        2.0000000000000000     
   460.00520000000000        1.1560740000000000E-002   10.587370332193450        13.448831355193688        2.5000000000000000     
   440.00520999999998        1.1269533999999999E-002   10.046363333591339        13.393254068810013        2.5000000000000000     
   88.005206999999999        1.1932813000000000E-002   9.2765513834405731        13.197299460023585        1.0000000000000000     
   340.00520999999998        1.2703323000000001E-002   10.176711642092847        13.147256771050104        2.5000000000000000     
   300.00520000000000        1.2027945999999999E-002   9.2781047681783431        13.047842228783423        2.5000000000000000     
   320.00470000000001        1.2720919000000001E-002   10.008528571831640        12.994924183874920        2.0000000000000000     
   340.00520999999998        1.2123307000000000E-002   9.2908796221024925        12.951407809513926        3.5000000000000000     
   520.00521000000003        1.1368812000000001E-002   9.6686336265786750        12.705049540869290        3.5000000000000000     
   340.00520999999998        1.1769955000000000E-002   9.3261926707831151        12.673425201860752        3.0000000000000000     
   440.00520999999998        1.1368722000000000E-002   9.7184018275369137        11.945236544745416        3.0000000000000000     
   340.00520999999998        1.1629847000000000E-002   9.4198001381398697        11.841128000039852        2.5000000000000000     
   300.00409000000002        1.2223853000000000E-002   9.3663100422429384        11.291827968385409        1.0000000000000000     
   420.00520999999998        1.1348511000000000E-002   9.9438744363545997        10.689700434151055        2.5000000000000000     
   360.00520999999998        1.1697313000000001E-002   9.4288533989517305        10.445696369130612        3.0000000000000000     
   420.00520999999998        1.1457426999999999E-002   9.6687263103144634        10.103193235247533        3.0000000000000000     
   420.00497000000001        1.2069402000000000E-002   10.619945306362810        9.7287202318661041        2.0000000000000000     
   300.00474000000003        1.2296932999999999E-002   9.4557275170090751        9.6100434464092999        2.0000000000000000     
   360.00520999999998        1.1564058000000000E-002   9.5639978377395476        9.5035829199083608        2.5000000000000000     
   360.00520999999998        1.2054723000000000E-002   9.3872237225238173        9.4622340481813012        3.5000000000000000     
   380.00520999999998        1.1621256000000000E-002   9.5218885279032008        9.3009399430397952        3.0000000000000000     
   500.00520999999998        1.1472415999999999E-002   9.6980597973839089        9.2378193589499809        3.5000000000000000     
   400.00520999999998        1.1541434999999999E-002   9.6027336954456626        9.2025595470044088        3.0000000000000000     
   400.00520999999998        1.1423680000000000E-002   9.8283642752965772        9.0400895074473091        2.5000000000000000     
   440.00520000000000        1.1627204000000000E-002   10.453753530832209        8.6217281311082665        2.5000000000000000     
   380.00520999999998        1.1495424000000001E-002   9.7009420255323509        8.6008155516655460        2.5000000000000000     
   400.00474000000003        1.2113530000000001E-002   10.548249196056950        7.8366558392601240        2.0000000000000000     
   300.00432000000001        1.2147819000000001E-002   9.4609398462311791        7.8109074646527485        1.0000000000000000     
   380.00432000000001        1.2070341000000000E-002   10.543067757984154        7.4967609375886211        1.0000000000000000     
   320.00497000000001        1.2257438000000001E-002   9.5305018935385473        7.1675698148517561        2.0000000000000000     
   320.00520000000000        1.1976466000000000E-002   9.4658405208509162        7.1470047461353916        2.5000000000000000     
   380.00520999999998        1.1983189999999999E-002   9.4746742942712725        6.9062416247300593        3.5000000000000000     
   480.00520999999998        1.1569625000000000E-002   9.7049127282626753        6.8074786332382846        3.5000000000000000     
   90.005206999999999        1.1929438000000001E-002   9.5081074560495509        6.1734315919671552        1.0000000000000000     
   380.00409000000002        1.2149877000000000E-002   10.451696560089903        5.6623223145105639        1.0000000000000000     
   400.00520999999998        1.1908435000000000E-002   9.5507881648839437        5.2543854110772354        3.5000000000000000     
   460.00520999999998        1.1661229000000000E-002   9.6917048741448255        5.2452919508231357        3.5000000000000000     
   420.00520000000000        1.1690973000000000E-002   10.309663785867464        4.7847337243481398        2.5000000000000000     
   440.00520999999998        1.1747881999999999E-002   9.6605365130637164        4.4699736166038537        3.5000000000000000     
   420.00520999999998        1.1830129999999999E-002   9.6131251352593843        4.4631993716352660        3.5000000000000000     
   400.00497000000001        1.2108825000000000E-002   10.407937235603125        4.4563916113846176        2.0000000000000000     
   320.00409000000002        1.2205713999999999E-002   9.6369634284303718        4.3528450075828475        1.0000000000000000     
   320.00474000000003        1.2261904000000001E-002   9.6789332826522099        4.2919385649498460        2.0000000000000000     
   380.00474000000003        1.2151933000000000E-002   10.334004850103709        3.3660718555839964        2.0000000000000000     
   340.00520000000000        1.1923281000000001E-002   9.6485969940952394        3.2342468534291235        2.5000000000000000     
   340.00497000000001        1.2221566000000000E-002   9.7547132530648835        2.7314270316312093        2.0000000000000000     
   320.00432000000001        1.2128836000000000E-002   9.7307999806456298        2.2266840998824242        1.0000000000000000     
   400.00520000000000        1.1752277000000000E-002   10.155842355372529        2.1413381708439845        2.5000000000000000     
   360.00432000000001        1.2090101000000001E-002   10.271381936828526        2.0441586013270365        1.0000000000000000     
   92.005206999999999        1.1926048999999999E-002   9.7397528413351075        1.8299333062996328        1.0000000000000000     
   340.00474000000003        1.2226083000000000E-002   9.9004886882353116        1.5254006586371016        2.0000000000000000     
   360.00409000000002        1.2168729000000000E-002   10.179128675337001        1.5139139562779471        1.0000000000000000     
   380.00497000000001        1.2147296000000000E-002   10.192088357977386        1.4648512220746035        2.0000000000000000     
   100.00521000000001        1.1913206000000001E-002   10.208416050406210        1.2742611897250566        1.0000000000000000     
   360.00474000000003        1.2189438000000000E-002   10.117574488809032        1.2427629415969126        2.0000000000000000     
   360.00520000000000        1.1868274000000000E-002   9.8232113122542692        1.2151494784023078        2.5000000000000000     
   96.005206999999999        1.1919236999999999E-002   10.198062141071809        1.1437818263849528        1.0000000000000000     
   340.00409000000002        1.2187341000000001E-002   9.9088573861627438        1.0850906965938061        1.0000000000000000     
   380.00520000000000        1.1811321000000000E-002   9.9929839014785049       0.89122481191620029        2.5000000000000000     
   360.00497000000001        1.2184863000000001E-002   9.9738835717891980       0.87140995744488248        2.0000000000000000     
   340.00432000000001        1.2109597999999999E-002   10.001930415999302       0.30038621791755793        1.0000000000000000     
   98.005206999999999        1.1915930000000000E-002   10.008264109322242       0.17840151894870490        1.0000000000000000     
