  #time	ai	proti	chi2	massp                                                                                                                                                                              
   8950.0051999999996        1.1575528000000000E-002   21.231154063230409        99.950722160898323        1.5000000000000000     
   5150.0051999999996        1.1533933000000000E-002   21.278248528546776        99.671745485186676        1.5000000000000000     
   1500.0043000000001        9.5872253999999997E-003   18.059824680388918        98.366575941432544        1.0000000000000000     
   480.00520999999998        1.1414219000000000E-002   18.613301202018164        98.073724500666586        1.0000000000000000     
   1650.0047000000000        1.1777767000000000E-002   20.871054603207075        97.979794128119593        1.5000000000000000     
   2150.0052000000001        1.1600829999999999E-002   21.120880341576257        95.475738026639760        1.5000000000000000     
   500.00520999999998        1.1383406000000000E-002   18.675411506481659        91.708672060047732        1.0000000000000000     
   520.00521000000003        1.1351936000000000E-002   18.733968390914473        85.764175696904772        1.0000000000000000     
   5650.0051999999996        1.1455369000000000E-002   21.095557477090345        82.958629575370040        1.5000000000000000     
   3750.0052000000001        1.1517717000000000E-002   20.993035765576074        82.239625269860838        1.5000000000000000     
   4500.0051999999996        1.1481778000000000E-002   21.041835694268794        82.027193343070962        1.5000000000000000     
   1850.0047000000000        1.1619291000000000E-002   20.810419577164698        81.972083665976299        1.5000000000000000     
   6700.0051999999996        1.1452525000000000E-002   21.073340801859548        81.547235620623596        1.5000000000000000     
   5400.0051999999996        1.0673316000000000E-002   18.325668874662075        81.418477312234614        1.5000000000000000     
   6850.0051999999996        1.0350603999999999E-002   21.761643601527545        80.657781433534211        1.0000000000000000     
   9150.0051999999996        1.0797638000000000E-002   18.392360898324487        80.518245385017707        1.5000000000000000     
   5000.0047000000004        9.3783904000000005E-003   18.319344403383138        80.275041614862531        1.0000000000000000     
   540.00521000000003        1.1319770999999999E-002   18.789178201022338        80.197124140763606        1.0000000000000000     
   1700.0047000000000        1.1655753000000000E-002   20.661172613852301        79.466683695059118        1.5000000000000000     
   1050.0041000000001        1.1280640000000000E-002   18.771381767388675        78.738540224500525        1.0000000000000000     
   6800.0051999999996        1.1452402000000000E-002   21.007686733822332        78.122604986068623        1.5000000000000000     
   1050.0043000000001        1.1143325000000001E-002   18.694251222413875        75.304298525630045        1.0000000000000000     
   2700.0052000000001        1.0455805000000000E-002   21.673649358294547        75.221507489055710        1.0000000000000000     
   560.00521000000003        1.1286869000000000E-002   18.841137561005539        74.974850482989211        1.0000000000000000     
   2900.0052000000001        9.4840068000000000E-003   18.361559902663565        73.768371711354575        1.0000000000000000     
   2100.0047000000000        1.0789696000000000E-002   18.499351261687188        71.889159315262930        1.5000000000000000     
   580.00521000000003        1.1253189000000000E-002   18.889856012585106        70.072559628323347        1.0000000000000000     
   1050.0052000000001        1.0035455000000000E-002   18.333003801787108        69.503332478194565        1.0000000000000000     
   1550.0041000000001        9.6688973999999994E-003   18.390772955450331        67.481013524982600        1.0000000000000000     
   1950.0047000000000        1.0849225000000001E-002   18.598012915372315        67.168771598664705        1.5000000000000000     
   2200.0052000000001        1.1465077000000001E-002   20.730232859109531        66.992268425207541        1.5000000000000000     
   600.00521000000003        1.1218682000000001E-002   18.935273593366425        65.470704483989380        1.0000000000000000     
   2400.0052000000001        1.0773189000000001E-002   18.590185004236936        64.634988074235750        1.5000000000000000     
   5200.0051999999996        1.1394823000000000E-002   20.797315697892515        64.531090069640811        1.5000000000000000     
   2400.0052000000001        1.0366131000000001E-002   21.559244650557751        64.132393094253104        1.0000000000000000     
   7000.0051999999996        1.0752951000000000E-002   18.589375252307430        63.919933913629734        1.5000000000000000     
   6150.0047000000004        1.0246274999999999E-002   21.568895619468627        63.052119253019498        1.0000000000000000     
   1750.0047000000000        1.1523682000000000E-002   20.389965232095243        61.841995803310503        1.5000000000000000     
   620.00521000000003        1.1183301000000000E-002   18.977272973585301        61.154296668295530        1.0000000000000000     
   1900.0047000000000        1.1483706000000000E-002   20.481429207254781        60.828942008745329        1.5000000000000000     
   6300.0047000000004        9.4407482999999993E-003   18.549279259173385        60.433827122445351        1.0000000000000000     
   9000.0051999999996        1.1416411000000000E-002   20.636017124561917        60.268449824105218        1.5000000000000000     
   6900.0051999999996        1.0753446000000000E-002   18.662781777394411        58.895835629375085        1.5000000000000000     
   640.00521000000003        1.1146991000000000E-002   19.015686838439638        57.111519792410618        1.0000000000000000     
   4700.0051999999996        1.0805519000000000E-002   18.737913084339617        56.043105683858016        1.5000000000000000     
   5850.0051999999996        1.0767508000000000E-002   18.733093465600206        54.853016972421578        1.5000000000000000     
   3800.0052000000001        1.1376206000000000E-002   20.526449843939663        54.277312001261194        1.5000000000000000     
   3950.0052000000001        1.0857158000000000E-002   18.802722458008507        54.204833598038078        1.5000000000000000     
   660.00521000000003        1.1109696000000001E-002   19.050306788834916        53.333561077166479        1.0000000000000000     
   4550.0051999999996        1.1337453000000001E-002   20.548584468227467        52.243138184933869        1.5000000000000000     
   1100.0041000000001        1.1183713000000000E-002   19.171221462167608        52.201259536588807        1.0000000000000000     
   5700.0051999999996        1.1309138999999999E-002   20.589764817023603        51.541688423617366        1.5000000000000000     
   4850.0047000000004        1.0210090999999999E-002   21.417628806946890        51.345240122595982        1.0000000000000000     
   6750.0051999999996        1.1304375000000000E-002   20.557928691879553        50.316966063302409        1.5000000000000000     
   680.00521000000003        1.1071352000000000E-002   19.080886239995383        49.814131113730035        1.0000000000000000     
   1100.0043000000001        1.1037333000000000E-002   19.055057364052669        49.224409146905423        1.0000000000000000     
   6850.0051999999996        1.1304120000000001E-002   20.490190519073099        48.525394953902790        1.5000000000000000     
   1800.0047000000000        1.1379798000000000E-002   20.054452888642949        47.670193349685299        1.5000000000000000     
   700.00521000000003        1.1031894000000000E-002   19.107141663471882        46.550031659598829        1.0000000000000000     
   1000.0051999999999        1.0232710000000001E-002   18.665214182729265        45.895176793144749        1.0000000000000000     
   2250.0052000000001        1.1317473999999999E-002   20.290635825980353        45.505175229968792        1.5000000000000000     
   1950.0047000000000        1.1335978000000000E-002   20.093452554209353        44.839267157238531        1.5000000000000000     
   1900.0047000000000        1.1046410000000000E-002   19.168288076060026        44.667966180776716        1.5000000000000000     
   2050.0047000000000        1.0993149000000001E-002   19.113862627281812        44.289610149031901        1.5000000000000000     
   720.00521000000003        1.0991248000000000E-002   19.128756676932284        43.540938812898133        1.0000000000000000     
   5350.0051999999996        1.0886956000000000E-002   19.053013981944758        42.086836933722296        1.5000000000000000     
   9100.0051999999996        1.1034241000000000E-002   19.237045323645514        41.293858023693545        1.5000000000000000     
   740.00521000000003        1.0949334000000000E-002   19.145378959399324        40.790304759016855        1.0000000000000000     
   5250.0051999999996        1.1242751000000000E-002   20.272985870265540        40.473785229397492        1.5000000000000000     
   1850.0047000000000        1.1221767000000001E-002   19.649779214025912        40.384231824505122        1.5000000000000000     
   980.00521000000003        1.0303992999999999E-002   18.767815288390448        40.267271674852601        1.0000000000000000     
   2350.0052000000001        1.0975723000000000E-002   19.233241221915723        38.498860676945398        1.5000000000000000     
   4700.0051999999996        1.0160852000000000E-002   21.227913403399608        38.341116213113864        1.0000000000000000     
   9050.0051999999996        1.1237786000000000E-002   19.976729817713981        38.316394014310191        1.5000000000000000     
   760.00521000000003        1.0906065000000000E-002   19.156622544232658        38.305983435042734        1.0000000000000000     
   1450.0043000000001        9.8791764999999997E-003   18.768564126871425        38.275814583112293        1.0000000000000000     
   2000.0047000000000        1.1173605000000000E-002   19.640606650555615        37.662808534749750        1.5000000000000000     
   3850.0052000000001        1.1221205999999999E-002   20.013058943226124        37.287867644453570        1.5000000000000000     
   960.00521000000003        1.0371606000000000E-002   18.855646608247426        36.190891810027338        1.0000000000000000     
   780.00521000000003        1.0861345999999999E-002   19.162061965062918        36.101427466740191        1.0000000000000000     
   6950.0051999999996        1.0958839999999999E-002   19.295182307845025        35.403553910512883        1.5000000000000000     
   3900.0052000000001        1.1049631000000001E-002   19.443055741755281        35.297804734307867        1.5000000000000000     
   1150.0041000000001        1.1078914000000000E-002   19.505924629255652        35.204148572753382        1.0000000000000000     
   4600.0051999999996        1.1179072000000000E-002   20.007983893684791        34.756864849495734        1.5000000000000000     
   2300.0052000000001        1.1155508000000000E-002   19.795041800511196        34.430166695241908        1.5000000000000000     
   800.00521000000003        1.0815071000000001E-002   19.161233940049282        34.196731274119692        1.0000000000000000     
   4650.0051999999996        1.1003321999999999E-002   19.409409725061998        33.886298725021966        1.5000000000000000     
   940.00521000000003        1.0435912000000000E-002   18.930081395015360        33.368626713034296        1.0000000000000000     
   6850.0051999999996        1.0959297000000000E-002   19.366856048647701        33.028050797277160        1.5000000000000000     
   5750.0051999999996        1.1148343999999999E-002   20.035768203260250        32.999334332209017        1.5000000000000000     
   6900.0051999999996        1.1140819000000000E-002   19.923244157727289        32.683987891602726        1.5000000000000000     
   820.00521000000003        1.0767125000000001E-002   19.153629051158862        32.620613926277258        1.0000000000000000     
   6800.0051999999996        1.1141188000000000E-002   19.993003929965443        32.558976553417743        1.5000000000000000     
   1150.0043000000001        1.0921925000000001E-002   19.342754966184852        32.047919254220169        1.0000000000000000     
   5800.0051999999996        1.0969471000000000E-002   19.422230731832986        31.842284615428646        1.5000000000000000     
   920.00521000000003        1.0497220000000000E-002   18.992317409083512        31.566297866629078        1.0000000000000000     
   840.00521000000003        1.0717378000000000E-002   19.138690214932666        31.412143615727619        1.0000000000000000     
   5300.0051999999996        1.1074809999999999E-002   19.695878599442910        31.192660449671077        1.5000000000000000     
   860.00521000000003        1.0665684999999999E-002   19.115804013947436        30.623476501651879        1.0000000000000000     
   900.00521000000003        1.0555800000000001E-002   19.043410019085631        30.599450498058534        1.0000000000000000     
   880.00521000000003        1.0611887000000000E-002   19.084293746232461        30.323090947119162        1.0000000000000000     
   7000.0051999999996        9.6124448999999994E-003   18.971900326436177        30.179696760150367        1.0000000000000000     
   2750.0052000000001        1.0267261999999999E-002   21.053607445343303        29.537939901312939        1.0000000000000000     
   1200.0041000000001        1.0964966000000000E-002   19.766382367436879        24.643415620499994        1.0000000000000000     
   6900.0051999999996        1.0144042000000001E-002   20.971667582466342        24.122149037269160        1.0000000000000000     
   2550.0052000000001        9.6465105000000002E-003   19.095036478358271        23.597844600470523        1.0000000000000000     
   1500.0041000000001        9.9477634000000002E-003   19.081219175570052        21.172171017493110        1.0000000000000000     
   1200.0043000000001        1.0795384999999999E-002   19.546503959818033        20.957399563003595        1.0000000000000000     
   2450.0052000000001        1.0163406999999999E-002   20.881238879311269        20.082094706598156        1.0000000000000000     
   1250.0041000000001        1.0840255000000000E-002   19.942665538905946        17.732893525688443        1.0000000000000000     
   4800.0051999999996        9.6426211000000001E-003   19.289997598674432        15.795576987069291        1.0000000000000000     
   1400.0043000000001        1.0118863000000001E-002   19.236980187938642        14.908190743252238        1.0000000000000000     
   1250.0043000000001        1.0655477999999999E-002   19.654055310649987        13.733228867865439        1.0000000000000000     
   6200.0047000000004        1.0025183000000000E-002   20.730397732251102        13.352875372490672        1.0000000000000000     
   1300.0041000000001        1.0702690000000001E-002   20.023695876151002        12.358368889433846        1.0000000000000000     
   1300.0043000000001        1.0499201000000000E-002   19.651066839160976        9.2738999524068984        1.0000000000000000     
   2850.0052000000001        9.7960050999999996E-003   19.447236608989872        8.6790319665879263        1.0000000000000000     
   1350.0043000000001        1.0322369000000000E-002   19.519848517991420        8.3616804053953864        1.0000000000000000     
   4900.0047000000004        9.9832745999999997E-003   20.563004597635373        7.9313476632823994        1.0000000000000000     
   1350.0041000000001        1.0549483000000000E-002   19.996640557603833        7.5485717099185790        1.0000000000000000     
   4950.0047000000004        9.7135143000000000E-003   19.555631413074071        6.9884373903224581        1.0000000000000000     
   12200.004999999999        1.0150693000000001E-002   20.483972228087019        6.4234372993816535        1.0000000000000000     
   1450.0041000000001        1.0179044000000000E-002   19.550530237048143        5.8519954335721343        1.0000000000000000     
   1400.0041000000001        1.0376787000000000E-002   19.845798416293487        4.1436644562700646        1.0000000000000000     
   4750.0051999999996        9.9252461000000000E-003   20.342320011808191        3.0692783209895409        1.0000000000000000     
   6250.0047000000004        9.7634564000000004E-003   19.746995937413693        2.9990982826358676        1.0000000000000000     
   2800.0052000000001        1.0050890000000000E-002   20.323667837775890        2.6837664579812484        1.0000000000000000     
   12100.004999999999        1.0074323000000000E-002   20.259268617869360        1.8186030704165201        1.0000000000000000     
   6950.0051999999996        9.9030557999999994E-003   20.058950101638601       0.32183231920277389        1.0000000000000000     
